rasters-batsmen/aaronfinch.asc
ncols         108
nrows         21
xllcorner     -3.075
yllcorner     -1.575
cellsize      0.15
NODATA_value  -9999
[rows 0 to 20 of 21, columns 0 to 61 of 108]
6.829619e-008 0.109969 0.4086443 0.7847859 1.145358 1.461709 1.736888 1.977159 2.184814 2.359607 2.27035 2.370342 2.434863 2.497706 2.511547 2.420459 2.319046 2.277886 1.786799 1.556247 1.569959 1.246853 1.265497 1.286175 1.370904 1.374325 1.22384 1.125497 0.9461433 0.8887416 0.8275897 0.7678001 0.6632519 0.6206313 0.8156732 0.8710877 1.001881 1.046216 1.009918 1.073775 1.03673 0.5761529 0.587054 0.5514907 0.2684892 0.2850584 0.2486916 0.2699415 0.3357818 0.4948647 0.4897802 0.4667903 0.4325195 0.3493173 0.2725016 0.05969517 0.1573996 0.1123865 0.452428 0.5590521 0.6022978 0.6374338
0.1047032 0.2218909 0.5077947 0.8531412 1.181452 1.48052 1.756994 2.01143 2.238657 2.433158 2.369194 2.482048 2.550887 2.592849 2.853317 2.470845 2.343924 2.27766 1.777183 1.530922 1.537105 1.239171 1.260875 1.285642 1.501834 1.448542 1.307992 1.209663 0.9650639 0.8939335 0.8170989 0.6875828 0.6302721 0.4247687 0.7689942 0.8365213 1.040432 1.048048 1.085835 1.082212 1.032311 0.6332868 0.7423691 0.4709828 0.2512563 0.2720219 0.2439071 0.2738429 0.3452159 0.4971344 0.4899992 0.4559739 0.4096156 0.3216017 0.2463641 0.0520083 0.1428681 0.1073633 0.4287991 0.5436141 0.6002477 0.6909136
0.3703804 0.4717092 0.6981199 0.9514002 1.20954 1.479019 1.760486 2.038405 2.294374 2.516632 2.698889 2.621694 2.958722 2.719186 2.930969 2.807117 2.372468 2.271939 2.050627 1.38228 1.496062 1.22856 1.2536 1.283177 1.373934 1.456277 1.393592 1.23085 1.052254 0.902591 0.8049093 0.660229 0.5866595 0.3933657 0.652793 0.7870265 1.009721 1.10882 1.108108 1.097395 1.026637 0.6821736 0.7106242 0.4431262 0.2276231 0.2504515 0.2346846 0.3266584 0.3583182 0.5059353 0.4955306 0.4427877 0.3335497 0.2769065 0.20826 0.04231926 0.0897071 0.09994113 0.4388196 0.5248197 0.654825 0.7930953
0.6497161 0.7084684 0.8154206 0.9677395 1.15218 1.410028 1.723444 2.047643 2.347062 2.607784 2.826597 3.029565 3.111627 3.155208 3.040675 2.870168 2.402787 2.253953 2.342929 1.353345 1.24535 1.266299 1.242389 1.277003 1.371016 1.465535 1.41724 1.264806 1.19972 0.9161826 0.7898639 0.6706489 0.5301076 0.3504128 0.5659931 0.7115881 0.9678859 1.116819 1.149194 1.177649 1.013555 0.6542162 0.6696665 0.4070685 0.2837177 0.217516 0.2636089 0.3149487 0.6177967 0.403152 0.5534769 0.4237289 0.2899579 0.2010925 0.1467437 0.06401528 0.07884625 0.08478966 0.3733486 0.5022176 0.7542616 0.7887106
0.8261995 0.804287 0.7818367 0.7910916 0.9365094 1.23185 1.630847 2.035381 2.392538 2.700078 2.972297 3.382323 3.341605 3.362161 3.198789 2.95125 2.692652 2.443835 2.36665 1.620233 1.221932 1.244143 1.225683 1.263784 1.360664 1.522892 1.45426 1.320673 1.232879 0.9935379 0.7195126 0.616332 0.4577772 0.2915675 0.4344935 0.5130115 0.9108391 1.148454 1.423107 1.207667 1.013529 0.7801923 0.6580031 0.3659625 0.2206841 0.2379546 0.3435284 0.373069 0.6021758 0.4771391 0.6032742 0.4110453 0.2440055 0.08089702 0.05418572 0.05392241 0.0916935 0.06036277 0.2703151 0.5217162 0.7747732 0.9386128
0.8952041 0.7685031 0.594403 0.4562395 0.5401807 0.9316519 1.499866 2.012976 2.425973 2.773851 3.27413 3.603391 3.848041 3.708611 3.417257 3.046551 2.685242 2.365522 2.232655 1.545436 1.024528 1.21687 1.244549 1.237752 1.329208 1.510419 1.701517 1.603288 1.288629 1.097023 0.6949978 0.5417131 0.2846707 0.2183437 0.1828524 0.3606838 0.8536091 1.235015 1.54579 1.457719 0.8819969 0.5129543 0.5699636 0.3398463 0.05547275 0.1283081 0.3007702 0.2393135 0.4568468 0.6732747 0.7936539 0.3324614 0.06687766 0.1391267 0.03412475 0.05563167 0.09464342 0.01120816 0.1406197 0.537639 0.8593781 1.090159
0.9240904 0.7084976 0.40219 0.1183032 0.1572557 0.6767215 1.38657 1.981721 2.437274 2.775618 3.303447 3.875613 4.472528 4.411496 3.702405 3.129406 2.644337 2.264405 2.018793 1.236792 1.173696 1.034799 1.212623 1.224569 1.267061 1.471545 1.821093 1.755131 1.544207 1.076126 0.7053772 0.4407862 0.1569444 0.1570981 0.02612338 0.2404622 0.9309235 1.634927 1.836237 1.678757 0.925043 0.002529986 0.4703228 0.5357344 0.1491854 0.1946908 0.320031 0.4718639 0.7337174 0.7961169 0.9722954 0.6146445 0.4208978 0.2831533 0.1391439 0.1532616 0.1253865 0.06731609 0.09598555 0.4063335 0.9772338 1.473978
0.9583128 0.7251114 0.4103105 0.1014306 0.1400012 0.7017763 1.443768 2.018918 2.403966 2.630722 2.958806 3.932683 5.494002 5.249336 3.880627 3.124103 2.567083 2.03935 1.640393 1.18506 1.179185 1.007536 1.063067 1.185024 1.018769 1.35587 2.005564 2.217187 1.540417 1.054935 0.516429 0.2781352 0.04432577 0.1095544 0.05555961 0.4669629 1.033095 1.967644 2.235154 2.050632 1.526597 1.143109 1.114163 0.6073973 0.2731317 0.1749176 0.5832189 1.07234 1.027821 0.990212 0.9268775 0.9285274 1.059866 0.6059741 0.2273467 0.1352571 0.1984531 0.2555202 0.2709441 0.6424439 1.661826 2.701508
1.075637 0.8898721 0.6567398 0.492206 0.5914716 1.062047 1.650985 2.086746 2.301553 2.336301 2.228169 2.820786 4.68195 4.64244 3.727682 2.992284 2.493159 1.843879 1.078778 1.117632 1.144112 1.019549 1.040044 1.402475 1.334791 1.220037 1.248332 2.835257 1.019704 1.608169 0.0775075 0.2162805 0.3301585 0.304113 0.3463583 0.6495544 1.413424 2.594339 2.913591 3.010684 1.842649 1.387075 1.836685 1.019856 0.179985 0.358731 1.291378 1.366263 1.489069 0.6493978 0.9785901 0.6473864 3.563878 0.2939498 0.1447237 0.7173646 0.6089506 0.8025596 0.4312956 0.5670365 1.464096 2.782153
1.23267 1.127764 1.022176 0.9896964 1.161168 1.500712 1.88431 2.15521 2.249465 2.086972 1.466764 1.343472 3.273186 4.297999 3.643001 2.674216 2.356065 2.064332 1.456166 1.203031 1.097153 1.006164 1.033258 1.476149 1.440804 1.489143 1.781729 1.690686 1.464253 1.578504 0.8192216 0.8259897 0.5935515 0.633256 0.8664344 0.885117 1.312897 2.395478 2.919623 2.057657 1.062394 1.439746 2.80147 2.454465 1.297512 0.5530774 1.343835 2.786366 0.8654725 1.399919 0.9617783 1.520624 0.989109 0.8987084 0.2595422 1.290776 1.418247 0.3936807 0.2335412 0.7472823 0.6395199 2.121664
1.389525 1.359042 1.350555 1.404849 1.561661 1.831403 2.065069 2.231682 2.281671 2.168915 1.883049 2.090209 2.845773 3.966134 3.330032 1.643475 1.990332 2.549203 2.197231 1.341892 1.051642 1.054965 0.948001 0.2951762 0.9671186 1.44253 1.616583 3.955074 1.367567 1.33842 0.834291 0.79592 0.8170013 0.8758014 0.4496188 0.8783604 1.16848 2.067135 2.058724 3.659302 0.8466159 1.093773 2.334084 3.944665 3.408196 2.65224 1.599983 2.096134 0.6022106 3.539133 2.775266 1.842403 1.705518 2.086186 1.152379 1.688948 2.911097 2.266149 0.209062 0.2094226 0.4696347 2.076867
1.512887 1.535477 1.584873 1.679571 1.819543 2.03968 2.194169 2.312518 2.37154 2.366287 2.406419 2.398106 2.345952 1.842309 3.739206 2.349254 2.34785 3.701993 3.798699 2.082055 1.372623 1.522124 0.8490069 0.8091347 1.03282 1.503764 1.669873 0.5562063 1.833061 1.310055 0.7501155 0.1721094 0.8126023 1.105148 0.7239148 0.7926451 1.770535 2.266742 2.15386 1.467881 0.8415779 0.4103975 1.489274 3.402561 5.154068 2.768796 1.37498 1.077891 0.2663198 1.153199 1.786328 0.3258085 1.289633 0.7820841 1.551327 0.9836569 1.252201 1.226734 0.7412642 0.4272927 0.9397582 2.596701
1.583213 1.640001 1.722344 1.82404 1.951391 2.098548 2.282187 2.385584 2.471623 2.541306 2.642856 2.426981 1.744377 2.184182 2.703006 2.764431 2.97766 4.456759 5.07446 2.147037 1.345313 1.133296 0.7433409 0.9915041 1.210575 1.464497 1.58817 1.418408 1.230728 1.229089 0.4458841 0.6473111 0.8681948 2.126031 1.082582 1.024797 1.63503 1.863756 1.454222 1.197828 0.671477 0.9999386 2.426257 2.727634 3.175394 1.961042 1.34971 1.245169 1.510079 1.243765 2.322313 2.533738 2.891266 1.286369 0.1390042 1.536958 2.228519 1.330307 3.759065 0.836925 1.048422 3.848617
1.589428 1.668638 1.760918 1.871658 1.999479 2.1368 2.275645 2.43432 2.554083 2.827916 3.045222 3.197738 1.925133 1.998741 2.379178 2.635358 3.123349 3.277366 2.020277 1.221502 1.148015 0.9328128 0.9566358 1.036608 1.554996 3.450146 2.084324 1.580369 1.491473 1.022537 0.1469133 0.5263343 0.1769813 0.547112 0.8874434 1.729275 3.418073 2.300164 2.278669 1.110969 0.7146183 1.263383 1.253039 1.948682 1.134025 3.050624 0.9781629 0.4844904 1.55814 1.082657 1.121687 1.278289 1.253282 1.054628 3.466198 1.889082 1.635376 2.494889 4.044939 0.8549085 1.592052 2.23199
1.230589 1.607805 1.718027 1.846409 1.983663 2.121892 2.257605 2.437763 2.57093 2.914185 3.442374 4.931571 5.299888 2.574163 1.544972 2.069932 3.282735 3.927155 2.327569 1.295714 0.1557418 0.7068701 0.9515191 1.03219 1.52953 2.467273 2.042351 1.427321 0.9200335 0.7237545 0.6259003 0.6118538 0.657115 0.8089857 1.408426 2.213027 3.104839 2.613126 1.389715 0.9629583 1.093539 2.947927 2.096026 3.124208 2.599751 2.334441 1.528777 1.915421 1.631963 1.839777 3.29496 1.063745 1.05094 0.7029232 0.217815 2.391954 2.403797 2.465888 3.975139 1.467295 1.262136 1.519746
1.363071 1.462973 1.599892 1.756304 1.914076 2.060945 2.192818 2.315041 2.60875 2.736798 3.076118 3.812302 3.713803 1.878057 0.03517215 1.121686 2.643148 3.205583 2.25915 1.320381 0.6432421 0.8433291 1.010642 1.126487 1.41322 1.664998 1.570614 0.9621806 0.06527509 0.3455566 0.6300508 0.8354642 0.8899418 1.282886 2.223511 3.815417 0.8645402 0.9450238 0.8854186 0.8671355 1.093659 2.113963 2.637412 4.080902 3.708972 1.265617 3.77062 3.151446 3.146263 2.788584 1.813844 1.293243 0.6220336 0.9300677 0.926487 1.099214 1.817392 1.91291 0.847274 3.515964 2.357998 2.079209
1.114325 1.229197 1.403929 1.604997 1.79822 1.962726 2.090862 2.143828 2.191409 2.339966 2.15163 1.690735 1.475249 1.516676 1.076977 1.386961 2.130307 2.469788 1.901556 1.463069 1.21199 1.198171 1.296207 1.088145 1.307056 1.300277 1.256115 0.9271658 0.5121487 0.5054824 0.7469804 0.940324 1.029308 1.636439 2.168502 2.400147 0.7272785 0.5549315 1.021979 0.9737944 1.083276 1.877182 2.20544 3.153899 2.962679 2.559033 2.680274 2.813797 3.199918 3.053972 1.988852 1.401298 0.8628692 0.8831611 1.105542 1.089068 1.672466 2.091182 1.969269 2.436574 2.069638 2.190953
0.7820888 0.9087151 1.134737 1.400898 1.647009 1.840375 1.893048 2.004908 1.983224 1.823383 1.46393 0.4534252 0.1377861 1.150151 1.409774 1.659251 1.974366 2.172526 1.881184 1.510876 1.446091 1.415268 1.168333 1.230743 1.232166 1.166901 1.180946 1.036907 0.7471105 0.6953779 1.003577 1.020295 1.239683 1.616083 1.855833 1.620167 1.236705 1.0895 1.105333 1.016099 1.168979 1.671892 1.983884 2.830637 2.941751 2.872984 2.881242 2.876269 2.62138 2.587338 1.965868 1.42471 0.8636571 0.8992686 1.228299 1.296164 1.945583 1.945364 2.056594 2.214015 1.933904 2.236688
0.4124205 0.5430971 0.8268434 1.170792 1.409429 1.639678 1.788647 1.886473 1.840829 1.657603 1.389925 0.7974432 0.6750908 1.101977 1.496701 1.735308 1.920545 2.051778 1.79169 1.455902 1.549717 1.544796 1.221661 1.242798 1.186926 1.100126 1.051418 1.009075 0.8606932 0.9271603 0.9072676 0.82146 1.2464 1.546154 1.552714 1.470972 1.326298 1.358929 1.360313 1.219927 1.19311 1.370635 2.151922 2.374919 2.896934 2.914447 2.903113 2.833546 2.375358 2.353153 2.183925 1.412431 1.144445 0.9136359 1.156647 1.231758 1.995013 2.101404 2.106968 2.173708 1.872396 1.999804
0.112504 0.2381547 0.5328889 0.9216629 1.273499 1.534799 1.740122 1.801995 1.771909 1.64362 1.423289 1.336479 1.303135 1.357196 1.590529 1.770135 1.93837 1.999276 1.745494 1.42744 1.601576 1.6256 1.25619 1.255 1.105405 1.062646 1.034289 1.036808 1.029269 1.073089 0.9650027 1.021235 1.238733 1.497969 1.474932 1.427656 1.381588 1.483214 1.468352 1.283953 1.376079 1.317731 2.108574 2.556271 3.138835 2.922593 2.910019 2.811544 2.244479 2.310865 2.161371 1.392847 1.174566 1.114974 1.182301 1.275491 2.035175 2.103844 2.096228 2.163466 2.024985 1.994947
2.419042e-031 0.1104084 0.4206393 0.8191125 1.183818 1.456904 1.669935 1.748169 1.74825 1.683091 1.578016 1.685165 1.475442 1.563184 1.690068 1.807597 1.937057 1.731157 1.667703 1.571442 1.506134 1.293796 1.278315 1.266454 1.089213 1.04003 1.02392 0.9313198 1.080995 1.069765 1.000889 1.041341 1.40553 1.297463 1.321529 1.410142 1.405452 1.555557 1.542859 1.682242 1.59059 1.279624 2.072572 2.521073 3.191074 3.169106 2.909414 2.796486 2.224315 2.242326 2.207742 1.516021 1.191572 1.418291 1.200137 1.306682 1.654004 2.104761 2.088625 2.160592 2.023201 1.987867
