rasters-batsmen/abdevilliers.asc
ncols         108
nrows         21
xllcorner     -3.075
yllcorner     -1.575
cellsize      0.15
NODATA_value  -9999
2.933018e-007 0.4583444 1.422047 2.169107 2.535817 2.651918 2.646983 2.594572 2.523089 2.156647 2.056877 2.001011 2.255287 2.115298 2.037609 2.078774 2.446946 1.912826 1.970164 2.339366 2.385821 2.27598 2.18966 2.161274 1.956332 1.928344 1.542498 1.465644 1.364983 1.160205 1.111673 1.124779 0.8244383 0.7460253 0.9654837 1.204659 0.9566751 1.040184 1.059594 1.310492 1.202954 1.127737 0.7855524 1.245255 1.054771 1.35283 1.763913 1.608619 1.347247 1.413962 1.611402 1.518344 1.647418 1.483765 1.995374 1.297439 1.573838 1.339959 1.351936 1.275393 1.473461 1.688164 1.227014 1.568494 1.694901 1.984294 2.197672 1.981709 1.613222 1.596761 1.562695 1.646702 1.388208 1.086655 1.328446 1.604438 1.588459 1.345737 1.438315 1.738984 1.806772 1.805628 2.543779 2.60048 2.654803 2.464635 2.591498 2.616321 2.840057 2.994482 3.270124 3.098525 3.104228 2.985608 2.895502 2.792234 2.616427 2.389461 2.18907 1.480804 1.196499 1.019684 0.7616357 0.4601278 0.3676275 0.2679058 0.05167437 0.01041043 
0.4715479 0.998136 1.982742 2.694272 2.883628 2.903837 2.783928 2.664049 2.553539 2.161035 2.033797 1.986002 2.152647 2.108403 1.952291 2.011184 2.365765 2.485828 1.962501 2.336702 2.400629 2.322673 2.356603 2.274132 2.088819 2.002246 1.580786 1.444629 1.306573 1.104419 1.056431 0.7916929 0.8721122 0.9507811 0.9391454 1.166422 0.9192833 0.9969994 1.023462 1.279808 1.42713 1.122962 0.7873302 0.9650196 1.053593 1.326227 1.712958 1.579901 1.34662 1.433264 1.640146 1.933573 1.602025 1.49771 1.990673 1.295981 1.561929 1.344119 1.35826 1.279287 1.46645 1.889803 1.526428 1.568819 1.770927 1.984181 2.193729 1.985267 1.625909 1.541316 1.506735 1.64357 1.311247 1.07656 1.29216 1.533103 1.529292 1.318835 1.434477 1.510522 1.87101 1.918437 2.62021 2.620474 2.707635 2.512247 2.63031 2.444939 3.010444 3.0461 3.373256 3.149306 2.988187 3.028547 2.932155 2.830054 2.671737 2.44952 1.893112 1.749351 1.230443 1.039198 0.7865688 0.4835246 0.4115547 0.3638727 0.1385454 0.1093885 
1.470589 1.964064 2.736186 3.360205 3.469005 3.171421 2.887177 2.702145 2.565324 2.151328 2.030706 1.894813 1.80851 1.956047 1.650484 1.907364 2.01939 2.420688 2.204917 2.334761 2.411731 2.488673 2.445164 2.457224 2.318833 2.135473 1.612913 1.402102 1.223309 1.032324 0.9927989 0.8408656 0.9531813 0.9381455 1.069978 1.114182 0.8962875 0.9468524 0.9596113 1.290969 1.40945 1.122222 0.8547764 0.9019562 1.040306 1.288393 1.35223 1.600369 1.345113 1.460712 1.680053 1.955873 1.628562 1.513954 1.981558 1.581244 1.544394 1.35053 1.296466 1.284137 1.456091 1.867293 1.591938 1.125622 1.766449 1.983452 2.189085 1.922092 1.639233 1.558067 1.523606 1.45312 1.297308 1.064525 1.024025 1.237718 1.496886 1.279459 1.422662 1.536552 1.946696 2.273875 2.48903 2.755442 2.781204 2.560503 2.457441 2.527702 2.925926 3.128578 3.43228 3.052321 3.101142 3.126287 2.978794 2.922235 2.764126 2.510705 1.799676 1.586658 1.261843 0.9529297 0.8120568 0.5108322 0.4727813 0.4200769 0.3356571 0.3203274 
2.201745 2.587925 3.172976 3.82581 3.882805 3.297636 2.867539 2.677068 2.548867 2.369817 2.187576 1.604625 1.63349 1.47352 1.542656 1.732414 1.932181 2.10717 2.509587 2.330077 2.410288 2.537781 2.55756 2.742038 3.018517 2.359369 1.581859 1.320256 1.136908 0.9883225 0.8821596 0.9374795 0.9371026 0.9314393 1.047246 1.050874 0.96324 0.7153735 0.8447157 1.25216 1.568504 1.186227 0.8606246 0.9124268 1.022378 1.230909 1.290431 1.536528 1.34314 1.50103 1.965451 2.035555 1.943139 1.532893 1.772343 1.574342 1.741881 1.360816 1.309466 1.353322 1.372335 1.765723 1.293955 1.155035 1.758981 1.976004 1.911657 1.866339 1.662117 1.701602 1.475994 1.457565 0.9355441 0.9447058 0.9818071 1.144757 1.18385 1.173487 1.403247 1.550541 2.055398 2.4666 2.864542 3.017221 2.875947 2.590301 2.500626 2.652896 3.037866 3.274209 3.219946 3.141998 3.1626 3.080244 3.044302 2.980209 2.824831 2.357012 1.880061 1.691851 1.281134 0.9646059 0.8232351 0.5219829 0.501776 0.4912589 0.4328696 0.4327538 
2.626873 2.790886 3.156325 3.550692 3.522923 2.961371 2.561917 2.602035 2.502526 2.366821 1.905465 1.512097 1.407799 1.278493 1.179403 1.323165 1.819342 2.113086 2.223116 2.647304 2.426525 2.491573 2.521389 2.909115 4.600484 1.721073 0.972181 1.08438 1.088677 0.8601851 0.6321917 0.8337069 0.9277701 0.9324604 1.295976 1.113505 0.6101453 0.2225351 0.7535293 1.279494 1.636643 1.25151 0.87107 0.9811134 1.052504 1.184791 1.192471 1.444861 1.342079 1.559974 2.053221 2.056211 1.962848 1.554532 2.022656 2.040819 1.797271 1.377179 1.3291 1.352161 1.349328 1.721297 1.296313 1.486466 1.747875 1.952023 1.90975 1.711303 1.703417 1.694465 1.677488 1.404561 0.9734687 0.9452356 0.9074459 0.99721 0.869611 0.9841567 1.389657 1.669704 2.019314 2.619044 3.569307 3.37998 2.77929 2.456727 2.519385 2.942657 3.383996 3.426009 3.380825 3.237501 3.218233 3.142199 3.140973 3.108531 2.744791 2.306325 2.129835 1.723733 1.278202 0.9554664 0.8094843 0.5089141 0.576038 0.4568388 0.3392782 0.3504798 
2.680781 2.820528 3.08381 3.196455 2.893073 2.179399 2.108212 2.444622 2.498685 2.347722 1.620829 1.30231 1.275494 1.090272 0.439163 0.8514651 1.688287 2.189263 2.2619 2.325313 2.364552 2.388984 2.419683 2.511156 2.618964 0.5230923 0.8323085 1.000289 0.8697731 0.5467727 0.08243238 0.8451498 0.9311759 0.9606428 1.254474 1.228918 0.9175758 0.3630683 1.172437 1.457163 1.638087 1.122727 0.716845 1.121899 1.051031 0.9395182 0.9879952 1.111926 1.346736 1.953149 2.100376 2.060504 2.004492 1.625141 1.997322 1.918109 1.766715 1.400942 1.360845 1.344312 1.488843 1.456028 1.304241 1.533354 1.735498 1.906237 1.894028 1.726584 1.733927 1.567778 1.67126 1.586552 1.064986 0.9294292 0.7639188 0.6558104 0.8078456 0.9927608 1.213677 1.741006 1.753527 2.253009 3.373757 3.185415 2.651461 2.304841 2.628892 3.274298 4.199384 3.896138 3.544587 3.346089 3.257872 3.202018 3.310018 3.417274 2.995703 2.387098 2.022479 1.749081 1.294496 0.9199318 0.7597054 0.5567715 0.5624287 0.3845873 0.1125481 0.1432533 
2.521076 2.450831 2.922673 3.716007 3.002519 1.322317 1.567503 2.474312 2.626493 2.232935 1.700519 1.216639 1.026717 1.33106 0.4808218 1.035448 1.976156 2.214756 2.191153 2.210839 2.179433 2.200124 2.299359 2.408934 2.111496 1.5251 1.237295 1.030919 1.081347 1.027178 0.9012644 1.153889 0.9077116 0.9705334 1.165591 1.339346 1.763803 2.020977 2.081789 1.831535 1.388004 1.107818 0.9290635 1.21388 0.9798536 0.5993292 0.6558788 1.001695 1.401907 2.15187 1.926856 1.890696 2.16114 1.695312 1.986851 1.563032 1.465075 1.440776 1.418383 1.307992 1.377831 1.304907 1.327191 1.656973 1.547189 1.639762 2.001937 1.839743 1.957365 1.384815 1.615007 1.599866 1.497432 1.154648 0.5346344 0.231223 0.970041 1.037344 1.446652 1.800404 1.537815 1.354831 1.7744 2.351309 2.254837 2.057822 2.169528 3.31932 5.907451 4.390141 3.556926 3.327485 3.19653 3.162668 3.471382 3.952746 3.107912 2.189311 2.135834 1.619241 1.221363 0.848913 0.648964 0.4694552 0.5427333 0.4503224 0.1376008 0.1768934 
2.276242 1.563357 1.28862 5.752688 3.822941 2.566277 2.594064 2.768816 2.865947 2.382063 1.799551 1.473879 1.379472 2.386 3.254502 2.333068 2.457476 2.530627 2.394913 1.76519 1.875512 1.874659 2.325461 3.107049 2.484029 1.748343 0.9167171 0.6660786 1.394614 1.047985 1.647312 1.587396 0.801276 0.5114133 1.131479 1.198957 2.079094 2.898615 3.337406 1.881378 0.9512572 0.901818 1.027001 1.554187 1.266828 0.1063889 0.3312328 0.8034622 1.473645 2.93017 2.504544 3.786945 2.360551 1.217898 1.695603 1.536677 1.361169 1.563334 1.602481 1.114573 1.115502 0.9325047 1.474904 1.710359 1.712738 1.429297 1.46162 2.249593 2.765697 1.105815 0.88868 1.281929 1.924383 1.869015 0.7937229 0.3054741 0.7408735 1.248771 1.59286 3.121961 1.758758 0.5131697 1.003763 2.751745 2.866696 1.773217 1.529574 1.926961 3.190838 3.368506 3.375611 3.36377 3.196076 2.913372 2.996199 3.130239 2.279371 1.940677 1.936326 1.506106 0.8622064 0.790788 0.3916624 0.2711973 0.4410951 0.6557415 0.6305538 0.6634415 
2.241184 1.588595 1.28395 4.102554 3.855219 3.631751 3.872944 3.088487 3.088925 2.483049 1.854862 1.406101 1.610232 2.699289 3.500521 2.724449 2.782912 2.867231 2.825693 2.974575 3.819843 2.141389 3.344577 5.540842 2.808389 1.46951 0.9377701 2.302382 1.053805 0.9009469 1.97882 1.843102 1.483048 0.9279106 1.028735 1.857399 2.144293 3.13562 2.62022 1.806827 0.5173255 0.03656713 1.30353 2.81909 1.902868 1.491345 0.4977422 0.804449 1.144105 2.140806 2.430556 0.5490872 1.391887 0.9535277 1.652874 1.377441 1.044587 1.616092 2.531825 0.6176974 0.6602193 1.079623 1.425808 1.626283 2.109865 1.310751 0.5349064 2.194632 3.658423 1.116768 0.552891 1.135982 1.974207 4.229177 1.045167 0.4922584 0.9338086 1.855671 1.326876 0.9971946 1.026105 1.619206 1.407605 2.222809 1.653011 1.005249 0.9273039 1.029277 1.670681 3.026204 3.836731 3.568465 3.125098 3.173963 2.938354 1.39412 0.6255108 1.382133 1.744136 1.062707 0.8518198 0.6530746 0.4496909 0.05015074 0.4095316 0.9094616 1.097799 1.14457 
2.794701 2.530958 2.768938 3.5064 3.877052 4.184361 4.712947 4.130023 3.016254 2.59812 2.017478 1.433832 1.121781 1.680786 2.155193 2.463486 3.016601 3.547287 3.472021 2.647536 1.29918 1.514066 2.850153 3.759897 2.498801 1.345274 1.05879 1.100614 0.9289624 0.865177 1.177936 2.041654 2.389612 1.03781 1.498463 4.767303 1.313688 1.592794 1.731677 2.095699 1.772349 1.253572 1.227568 2.033457 1.62561 3.879449 1.783894 1.664619 1.735505 1.275129 4.039612 0.7873682 0.3145929 0.7716376 1.774635 2.124753 0.08237485 0.8737321 1.383374 2.069062 0.963798 1.180566 1.315019 1.618 3.436402 1.26511 1.191897 1.603379 3.593797 0.9634607 0.8736333 0.7376502 1.430253 1.487459 0.8993988 0.3537462 0.9434729 1.108308 1.000683 0.3129227 0.472664 0.2396293 1.359799 2.557693 1.005966 0.7918884 1.069752 1.17607 1.572237 2.286191 3.169956 3.943823 3.131184 4.03429 4.633984 1.43184 0.6566883 1.295142 1.63504 1.06058 0.7960208 0.6864877 0.7022086 0.7080706 0.9544474 1.328918 1.512246 1.493595 
3.160198 3.197975 3.333055 3.775639 4.407058 5.225715 4.456602 3.006309 2.118119 2.33648 1.896242 1.069423 0.2204072 1.028837 1.494318 2.185035 2.641047 3.797997 2.772199 1.085993 1.272083 1.128557 1.415989 2.3783 2.362894 1.831166 1.312964 1.008622 1.710732 1.044997 1.089925 2.030283 0.4331634 0.5828943 1.528084 2.033407 1.230919 1.607781 2.106949 2.045498 1.948612 1.473082 1.354134 3.47412 1.909165 1.120894 1.380226 3.114495 2.303861 1.366239 0.7896594 0.4331016 0.9263996 0.6463314 2.163557 0.5438402 1.059919 0.7562116 0.518473 0.6255515 0.8338221 4.332188 1.046627 1.111717 1.921588 1.110022 0.9792045 0.3529533 0.6091518 1.200582 1.55895 1.351967 0.8253328 1.114663 0.6948661 1.042388 1.543669 1.061808 1.268106 0.7789728 0.3817848 0.4928999 0.9630941 0.7618483 1.507886 1.609386 3.652114 1.195129 1.870075 1.5523 2.619175 2.647096 2.372704 2.631561 2.62566 1.663077 1.3615 1.401473 1.745659 1.558551 1.115936 0.828763 0.8055009 0.8001234 1.283776 1.818375 1.946453 2.014135 
3.278214 3.38477 3.596074 3.94353 4.543465 5.561569 4.518666 2.519836 1.377547 2.274778 2.340213 1.426142 0.8035347 1.032907 1.152778 1.955697 2.002604 1.475466 2.466605 1.174588 0.7681819 0.9210926 1.138223 2.366437 2.653131 2.996917 3.573353 0.4433776 1.265479 1.100363 1.136867 0.5881438 0.3115197 0.981284 1.390399 1.258316 1.175186 0.5913274 0.7778256 1.022423 0.7939954 0.1353393 1.467138 2.332134 1.799236 1.397487 1.713435 1.001289 3.574221 0.2332093 0.4444372 0.6543662 1.007795 0.00182604 0.3786364 2.143047 1.039744 2.961125 1.641927 1.797858 0.000111772 0.6597737 1.461681 0.3944876 2.09886 0.8064865 0.6890507 1.305127 0.8878362 1.236323 1.759618 0.9966764 0.4972357 1.028607 1.555317 1.107372 1.209949 2.243309 1.311036 1.604804 1.068439 1.700134 1.392907 1.717072 5.24977 3.102672 1.84241 0.9852204 1.387179 1.756533 1.7359 1.321184 1.6789 1.456318 0.9796584 1.516527 1.291081 1.412924 1.165152 1.792337 1.590326 1.058762 0.5845724 0.7175488 1.13629 2.681404 2.695407 2.15789 
3.344641 3.518889 3.675653 3.888561 4.089228 4.32238 3.959426 3.666369 2.224109 2.391187 3.074287 1.810565 1.038371 1.052147 1.202524 2.067976 2.678931 2.713718 5.508412 1.745914 0.3900506 2.681784 3.052844 2.272501 1.799811 3.057906 3.415787 3.381795 2.669046 1.221509 1.129314 1.093802 0.9515544 1.356383 1.573556 1.089113 1.80006 1.786858 1.515156 2.947439 2.513588 1.842207 2.577005 1.309045 3.583747 0.7653212 3.156766 3.47564 4.71374 0.9559456 1.525917 2.135185 2.700602 1.431043 1.236164 1.247639 1.911155 1.074835 1.307041 4.983191 1.502059 1.486272 0.7077852 1.933684 1.165 0.5021037 2.105428 1.779842 0.6495674 0.7661833 2.362584 1.392065 1.494876 0.9374244 2.423283 3.187299 1.362774 0.8962721 1.064209 1.649237 2.52361 1.9322 2.3397 3.177015 2.690152 1.392765 4.833228 0.9256583 2.454584 1.861987 2.091496 1.812197 2.882209 2.160317 1.026725 1.49622 1.343335 2.047142 0.5440018 1.910583 3.585879 1.141054 0.555482 0.212647 0.7542488 0.2623295 2.166912 2.026546 
3.331402 3.461848 3.606305 3.70506 3.971284 3.879496 3.915298 4.215182 5.746088 3.177265 2.662804 1.924573 1.319368 1.143538 1.371933 2.069637 2.720955 4.163968 3.908728 2.29072 1.789219 2.104472 3.1064 1.401796 3.943776 2.411731 2.730781 2.147338 1.526804 3.047884 1.132137 0.8366396 0.8359399 0.6263234 1.383883 0.8711246 1.116475 0.2390919 4.714091 1.863658 3.652597 2.325711 1.821057 1.868481 1.967334 0.6802862 1.578744 2.379092 2.946636 3.051422 2.259509 1.176466 2.217972 0.7495058 0.6851125 0.4065248 1.537087 1.53935 0.3443786 1.475651 0.09483618 0.8108435 1.682248 0.7831059 3.032623 1.694397 5.890295 0.6126211 1.87086 1.851934 0.448012 1.788969 3.047293 1.221571 0.401843 1.272143 1.309349 1.03901 5.159051 1.986182 0.7133816 0.5490355 2.048922 1.118671 0.508894 1.575568 3.505547 1.821858 1.73459 1.260185 2.556543 0.9553607 2.095034 2.096615 1.618826 1.072572 4.362769 2.558412 2.134088 2.106695 1.601375 0.7044126 0.1114938 0.2214282 0.591713 0.500151 0.8603671 2.121027 
3.223137 3.354846 3.574387 3.660296 3.698263 3.608336 3.654769 3.920028 3.997654 3.327315 2.700662 1.955144 1.156657 1.1136 1.603499 2.071642 1.684988 2.967004 3.117339 1.372773 2.021728 3.034553 3.685874 3.039222 2.141071 1.124324 1.231266 1.083491 0.9417335 0.3727957 0.9675051 1.138825 0.9933109 1.331017 1.068887 0.9915545 1.241043 1.457619 3.574655 3.402188 3.337256 3.026542 0.1294528 1.477121 2.207205 4.074425 1.442127 1.038452 3.819022 1.916152 1.258246 1.782391 4.136703 3.836119 3.763311 1.26417 1.378522 1.571669 1.378347 0.5269148 1.632343 1.084164 2.685562 0.6905249 3.506515 1.984913 0.1467645 1.966956 1.282351 3.423365 0.9421778 1.23484 1.167193 0.416866 0.1234731 0.5264981 1.040769 3.311192 2.321054 0.6531304 1.126333 2.428972 2.089858 0.9508308 0.8404862 2.252879 2.027144 2.948067 2.898013 2.012799 2.422133 1.195711 0.9936013 1.504785 3.038893 3.673762 3.734522 3.984142 3.785514 1.640536 1.568833 1.033522 0.2642145 0.7542878 1.599552 1.829394 5.473513 2.888918 
3.115442 3.266529 3.417376 3.519886 3.521094 3.35377 3.371758 3.659783 3.634501 3.398531 3.065852 2.223439 1.554012 1.471047 1.59313 2.102282 3.404865 1.949266 2.180121 1.347236 2.287807 5.496546 4.09587 3.723044 2.277751 0.1866071 0.949582 0.9557932 0.8594701 0.8608973 0.7751553 0.9159722 1.100627 1.803445 2.315858 1.70276 1.623551 2.278105 1.158309 1.425176 2.736947 2.155258 1.031811 0.9903331 1.740219 3.21359 2.66722 3.142853 4.956904 1.471028 1.029189 1.344074 4.474487 3.834946 2.69684 1.971334 2.149414 1.47596 0.9951764 1.370016 2.159755 3.170898 2.304977 0.5475454 2.372316 1.447266 1.331207 0.9082752 2.142765 1.704889 1.469386 1.53659 1.645192 0.9515355 0.9083479 1.694325 1.696918 1.754423 2.332521 2.968398 2.053859 1.543898 1.141734 0.9331252 1.127571 1.600831 1.550475 3.624547 3.584419 3.405859 2.405919 1.442657 0.4366931 1.454389 5.689667 3.391473 3.746918 3.914584 2.970263 0.5059259 1.819128 4.553335 2.126766 1.305766 1.675998 2.200896 5.727491 3.146401 
2.767579 2.970887 2.977926 3.384208 3.471974 3.497296 3.684813 3.65286 3.670256 3.885971 3.528605 2.673883 1.746169 1.333227 1.425874 1.291212 1.238498 1.677171 2.041215 2.186031 2.896263 4.167745 3.528507 3.084818 2.134889 1.418243 2.244514 0.4656559 0.6518347 0.4000425 0.05536897 0.7152559 1.021286 1.43341 2.043504 1.838375 2.167531 2.505883 0.4731778 1.109756 1.09546 1.489872 1.370053 1.303349 2.408892 1.057838 2.392813 3.212013 3.459073 2.287056 2.967455 2.146438 3.473204 2.360337 2.760717 0.9707881 1.220122 1.712547 1.533251 1.370933 1.893642 2.737505 1.850025 1.086284 1.539695 1.445292 0.7578068 5.152836 3.627877 2.077913 1.808538 1.747171 1.629118 0.8676447 0.8198028 1.342999 1.79375 2.204373 2.597514 2.492862 2.052172 1.850594 1.292748 1.098457 1.210258 1.267172 2.08184 2.882173 3.17433 2.965045 2.198263 1.395916 1.409014 2.129322 3.204424 2.77071 3.527837 3.36167 2.998825 2.008176 2.081941 2.671452 2.238898 1.599359 2.158313 2.416936 3.38016 3.120874 
2.192836 2.276094 2.669524 3.188889 3.392468 3.422837 3.521921 3.558527 3.542067 3.803663 3.500175 2.615408 1.652483 1.185117 1.271284 1.182935 1.250054 1.637952 1.991094 2.115431 2.717659 2.985327 2.81789 2.471041 2.280655 3.139343 3.397959 0.5351931 0.5623295 0.5329348 0.2154282 0.1935178 0.8090572 1.268911 1.635763 1.615776 1.691913 1.560362 1.184773 1.23134 0.8136433 0.191689 3.200474 1.975306 0.3191511 1.209952 2.073171 2.683595 2.874308 2.301795 2.348379 2.455735 2.82022 3.004876 2.770725 2.14175 2.444667 3.190953 1.846669 1.797435 1.48869 2.097897 1.869144 1.606381 1.614657 1.86603 2.419447 3.701161 3.355665 2.631191 2.020323 1.455899 1.485408 1.464109 1.037277 1.265778 1.517944 2.221656 2.608874 2.38776 1.950025 1.931039 1.623172 1.337232 1.310488 1.684497 2.203603 2.58022 2.946114 2.777862 2.059957 1.522704 1.785177 2.231941 2.821559 3.028083 3.347168 3.257303 3.121154 2.217458 2.074209 1.879199 1.803883 2.034821 2.32256 2.192079 2.411736 2.360171 
1.213467 1.576501 2.343276 2.88604 3.094885 3.292788 3.403406 3.270671 3.337687 3.289945 2.879003 2.3844 1.425592 0.9289827 0.8151056 0.7763267 0.9452431 1.282611 1.564484 1.97909 2.084308 2.235807 1.851059 1.658247 1.880635 2.175758 1.541115 0.2427356 0.4776184 0.6052219 0.3358231 0.4758915 0.7679662 1.032987 1.272925 1.067232 1.100692 1.183307 1.11875 1.193617 1.056052 1.481121 2.49351 1.923839 1.339885 1.517934 2.281504 2.608294 2.420658 2.093512 2.007206 2.221576 2.637153 2.63468 2.602369 2.725108 2.805248 3.258512 2.210306 1.993459 2.011248 2.018211 1.92124 1.667566 2.153345 2.106662 2.394803 2.871707 3.026832 2.476676 2.242544 1.625281 1.084221 1.244608 1.136453 1.21156 1.431944 2.168226 2.827955 2.142708 1.705928 1.943449 1.677271 1.455162 1.365571 1.802879 2.266637 2.536221 2.829292 2.658593 2.005268 1.873749 1.925352 2.388994 2.714279 3.286277 3.341788 3.24525 3.203476 2.396007 2.024892 1.604188 1.589233 1.951401 2.219721 2.144507 1.753863 1.683718 
0.3684209 0.7709005 1.734541 2.357653 2.824119 3.080141 3.019935 3.077233 3.053509 2.887793 2.530046 1.783756 1.02222 0.3344927 0.2086492 0.1324195 0.2816639 0.9653342 1.365314 1.471407 1.745258 1.439366 0.5387845 0.2929721 1.268456 1.664517 1.201308 0.7650676 0.6671488 0.663196 0.5945179 0.5823342 0.7182252 1.081672 0.8254402 0.2104257 0.3157729 0.8818502 1.199935 1.2699 1.049751 1.55702 1.752384 1.551467 1.698259 1.805466 2.358819 2.208837 2.068006 2.241781 2.061035 2.370717 2.560448 2.77721 2.556871 2.670647 2.262621 2.38672 2.255686 2.041325 2.04438 2.303288 1.870893 2.22018 2.302011 2.186187 2.397238 2.778658 2.799256 2.376409 2.324696 2.030209 1.191451 1.423624 1.141963 1.181034 1.395984 1.820982 2.555524 2.115962 1.737005 1.538183 1.710706 1.365803 1.393676 2.052649 2.306089 2.517151 2.769983 2.586323 1.968518 1.926518 1.979775 2.408846 2.89235 3.269413 3.314895 3.56091 3.262384 2.661248 2.276213 1.472978 1.433166 1.823541 2.030084 1.603154 0.9773004 0.6706406 
7.895228e-031 0.3760184 1.257347 2.071054 2.597019 2.892154 2.830681 2.822104 2.76296 2.600068 2.230525 1.55346 0.8219376 0.2890234 0.1875954 0.323647 0.4574799 0.8983164 1.241594 1.324896 1.735037 1.240374 0.5553972 0.407827 1.080775 1.462278 1.100404 0.8602707 0.7714006 0.7497591 0.6816691 0.6625775 0.6989813 0.97416 0.6996875 0.3013045 0.3549121 0.7699028 1.162691 1.298371 1.004435 1.477906 1.54554 1.380855 1.696388 1.744477 2.334723 2.192953 1.989164 2.274875 2.548767 2.211362 2.715817 2.769928 2.455437 2.508959 2.249283 2.031954 2.108024 2.013845 2.057861 2.324804 1.878907 2.319367 2.384122 2.208026 2.312523 2.649602 2.688294 2.315886 2.349785 2.213955 1.601137 1.515309 1.069685 1.162053 1.377581 1.815289 2.626773 2.102398 1.718417 1.52969 1.730149 1.39112 1.751332 2.099716 2.195825 2.508717 2.737164 2.247147 2.372649 2.653131 1.999037 2.780277 2.647489 3.187749 3.222265 3.592179 3.298184 2.665136 2.265452 1.365706 1.726912 1.689372 1.783416 1.171363 0.2955307 0.06333299 
