rasters-batsmen/ajinkyarahane.asc
ncols         108
nrows         21
xllcorner     -3.075
yllcorner     -1.575
cellsize      0.15
NODATA_value  -9999
1.029928e-007 0.165381 0.6101769 1.15227 1.658726 2.03106 2.285376 2.439122 2.512963 2.521702 2.487521 2.43135 2.663187 2.550297 2.522899 2.449924 2.401289 2.29054 2.324379 2.352104 2.608602 2.098776 2.082405 2.046483 2.026305 1.859258 1.836648 1.37553 1.325392 1.225104 1.184443 1.129858 1.132152 1.124539 1.100679 0.9919642 1.161198 1.127809 1.373049 0.9816226 0.9513017 0.8349492 0.8410276 1.156886 1.123711 1.022158 0.8711236 1.167672 1.265632 1.337939 1.20381 1.206727 1.058948 0.7232109 1.156628 1.355865 1.218778 1.309273 1.033126 0.7586665 1.360472 1.062537 1.087165 1.102156 1.243437 1.197947 1.18263 1.510018 1.433042 1.039216 1.120428 1.103332 1.129331 0.9414288 0.8841569 1.069429 1.513125 1.30796 1.628463 1.433806 1.616442 1.751372 1.859402 1.893319 1.966766 2.020412 2.046258 1.784724 1.711723 1.706043 1.425239 1.298046 1.334461 1.368323 1.39808 1.543075 1.833141 1.840393 1.830791 1.805703 1.754551 1.64507 1.474382 1.060768 0.8089707 0.3905318 0.07091856 0.01671044 
0.1671835 0.3520523 0.8207077 1.371978 1.857504 2.251281 2.498403 2.635214 2.681178 2.655702 2.581897 2.489488 2.682493 2.544273 2.49154 2.413586 2.367615 2.277328 2.315687 2.632205 2.599431 2.414221 2.028995 2.055217 2.017335 1.848876 1.820103 1.373071 1.39226 1.183294 1.280599 1.239153 1.113362 1.165366 1.196415 1.14425 0.9464673 1.480254 1.371317 0.9971011 0.9672157 0.8422889 0.766816 1.083178 0.9995592 0.8758166 0.7709126 1.098008 1.466339 1.373232 1.196069 1.248431 1.154991 0.7415681 1.221522 1.332843 1.066671 1.269479 1.248585 0.7345484 1.319151 0.9777783 1.073159 1.156109 1.20815 1.162991 1.164627 1.496775 1.641142 1.495084 1.156024 1.266624 1.134919 1.202728 0.9374378 1.322832 1.272264 1.350462 1.611797 1.439345 1.618772 1.764506 1.829084 1.929229 2.058279 2.049089 2.055158 1.78329 1.698022 1.311978 1.399187 1.286791 1.516095 1.372119 1.577632 1.54879 1.883713 1.860549 1.863274 1.853479 1.820075 1.728053 1.578637 1.181944 0.936576 0.5640773 0.2462794 0.1788773 
0.6232448 0.8234102 1.245217 1.729527 2.172131 2.518847 2.748497 2.890581 2.895196 2.818892 2.688187 2.546472 2.63847 2.509875 2.449895 2.368677 2.327582 2.260815 2.304385 2.609981 2.52818 2.416639 2.103142 2.064692 2.141339 1.835952 1.676704 1.305873 1.391044 1.207654 1.322454 1.302177 1.186482 1.223568 1.228671 1.219858 0.9436252 1.244242 1.158521 1.088831 0.923132 0.8607399 0.7673752 0.8573749 0.9095706 0.6189139 0.6464323 1.001368 1.473725 1.447877 1.281155 1.307108 1.187014 1.104579 1.21253 1.240112 1.29422 1.219092 1.183537 0.6973386 1.259459 1.017679 1.060581 1.133776 0.9701391 1.107189 1.188673 1.478881 1.651696 1.538813 1.209569 1.231356 1.141144 1.182048 1.116599 1.287844 0.8995456 1.316741 1.585936 1.434521 1.515215 1.720838 1.908374 1.97621 2.103317 2.085764 2.063858 1.775945 1.748408 1.295893 1.363996 1.270963 1.503984 1.543613 1.580082 1.715473 2.074934 1.910152 1.892844 1.902168 1.891111 1.824542 1.513253 1.401503 1.186113 0.9084289 0.6657167 0.6527272 
1.154961 1.358287 1.696521 2.121485 2.528597 2.875242 3.108016 3.193591 3.170112 3.016 2.804304 2.59583 2.608805 2.460661 2.39564 2.31423 2.280337 2.239274 2.288816 2.582141 2.790993 2.703996 2.112795 2.011267 1.943966 1.82035 1.651022 1.29079 1.381223 1.17749 1.380242 1.403788 1.306667 1.370469 1.266714 1.218087 0.9323931 1.210472 1.22151 1.114177 1.029134 0.8947065 0.7884974 0.7909039 0.7261685 0.2214372 0.3756632 0.9342104 1.561131 1.598076 1.419718 1.330949 1.456338 1.092078 1.199898 1.105913 1.264186 1.156458 1.086086 0.6317117 1.049141 0.9881309 1.056173 1.291535 0.9175798 1.011942 1.122413 1.454736 1.611859 1.856569 1.676508 1.279674 1.146776 1.147047 1.071406 0.9129068 0.8902445 1.270051 1.544003 1.633113 1.562138 1.749099 1.918031 2.041993 2.170055 2.13024 2.070044 1.759517 1.635219 1.269296 1.318568 1.434715 1.487139 1.534082 1.578534 1.564679 2.033839 1.896051 1.945267 1.94779 2.161728 1.926624 1.650527 1.587049 1.439661 1.252324 1.196114 1.111931 
1.554613 1.745328 2.036228 2.436509 2.870603 3.28306 3.569636 3.644616 3.500963 3.216622 2.923354 2.825726 2.555776 2.391603 2.289622 2.250528 2.163619 2.209437 2.266131 2.546458 2.558339 2.698076 2.416732 2.07704 1.94779 1.678362 1.618397 1.31921 1.508911 1.192813 1.456452 1.58491 1.53299 1.500139 1.3029 1.252567 0.908085 1.226516 1.208427 1.193109 1.07708 0.9453462 0.7729803 0.8975128 0.5487071 0.1971098 0.4106828 0.9465414 1.796671 1.890453 1.649591 1.674775 1.44332 1.736261 0.9040287 1.118332 1.236243 1.085206 0.9396631 0.4919968 0.8860207 0.9639825 1.134972 1.248743 1.121827 0.8312692 1.012534 1.424161 1.827326 1.949817 1.784077 1.298744 1.146903 1.084667 1.048455 0.8777751 0.816581 0.9026198 1.468746 1.56516 1.533993 1.683662 1.843412 2.164638 2.277159 2.358341 2.068287 1.728642 1.467271 1.418137 1.159172 1.397545 1.463701 1.513984 1.56119 1.572443 1.982321 1.874452 1.933255 2.145979 2.215077 1.84135 1.740766 1.752793 1.636887 1.490206 1.498792 1.421211 
1.743783 1.893757 2.153244 2.57092 3.146651 3.738096 4.178313 4.270288 3.982067 3.493798 3.038906 2.592606 2.464444 2.296225 2.208292 2.315069 2.12301 2.164769 2.232534 2.458779 2.53223 2.64601 2.421602 2.288424 1.996704 1.617596 1.580768 1.275756 1.443493 1.304799 1.437635 1.941062 2.094595 1.707503 1.350683 1.186631 0.9262708 0.8054366 1.240381 1.199062 1.173743 1.065552 0.8185445 0.9714588 0.7985988 0.8923718 1.152479 1.308669 2.149822 2.583431 2.160042 1.505583 1.383677 1.459731 0.9290909 1.144352 1.209797 1.017019 0.768548 0.1804694 0.6836225 0.9947293 1.216085 1.325288 0.7563766 0.3388375 0.6398777 1.390988 1.872614 2.09918 2.061054 1.417 1.124583 0.8658826 0.6938859 0.8158852 0.7534558 0.9111592 1.37219 1.381154 1.514083 1.271742 1.794326 2.569799 2.580372 2.382101 2.050231 1.86149 1.492213 1.341652 1.172752 1.34665 1.433739 1.582423 1.483786 1.641462 1.929257 1.985655 2.021168 2.307953 2.247286 2.09597 1.896968 1.8943 1.766347 1.755429 1.645202 1.57893 
1.733775 1.785976 1.984379 2.4799 3.290018 4.198961 4.952708 5.114785 4.562321 3.803881 3.064331 2.525318 2.311217 2.16369 2.118293 2.115493 2.028673 2.094775 2.162135 2.394938 2.493294 2.602951 2.437396 2.244612 1.934108 1.610955 1.45777 1.227513 1.34355 1.17761 1.409219 2.548898 3.414007 1.889255 1.220998 1.071865 0.7760618 0.7888196 1.177985 1.245852 1.274185 1.135512 0.8666761 0.936138 0.9435435 1.250567 1.575456 1.432707 2.265404 3.896605 2.291506 1.388205 1.234978 1.168721 1.044682 1.294441 1.169526 0.7297992 0.7821563 0.1875407 0.8312835 1.237557 1.42211 1.52523 0.4345175 0.1334906 0.6111638 1.534442 1.864528 2.489325 2.708686 1.544077 1.037874 0.6746473 0.4638458 0.7590455 0.8777609 0.9164935 0.8664185 0.8081455 1.395771 2.66152 5.21824 3.339272 2.65743 2.39742 2.152158 1.564095 1.417686 1.420131 1.104101 1.320196 1.362692 1.495711 1.190857 1.578007 1.795544 1.848569 1.912056 2.276311 2.48811 2.24221 2.206087 2.164069 1.770431 1.773433 1.668439 1.623103 
1.59626 1.474026 1.519157 2.09819 3.208548 4.472101 5.585201 5.881599 5.002934 3.958765 2.972915 2.28266 2.063626 1.971547 2.014389 1.990312 2.008227 2.032948 2.130844 2.26351 2.319831 2.639893 2.411231 2.122001 1.700709 1.578682 1.454955 1.220274 1.221257 0.9604593 1.113173 1.793843 2.694496 1.422225 1.073005 0.9980435 0.7189803 0.7374732 0.7726331 1.199432 1.321311 1.418928 0.7147371 0.6049694 0.9435256 1.44463 1.52608 1.631631 1.783688 1.613488 1.830002 1.150155 0.814611 0.9527266 1.181158 1.22975 1.167107 0.4318519 0.6129121 0.8603643 1.070267 1.498055 1.773944 1.851476 1.24205 0.6137246 0.5068451 1.182829 1.779805 2.350671 3.033567 1.2334 0.7557915 0.3466764 0.2610862 0.1946508 0.94959 1.105977 0.9276797 0.09523494 1.158811 2.177329 3.832872 2.911656 2.768606 2.55324 1.900273 1.520686 1.309536 1.016158 0.9498219 1.070231 1.332092 1.538317 1.347178 2.038384 1.973516 1.33753 1.845557 2.427823 2.528744 2.452246 2.399656 2.152785 2.027537 1.695107 1.610802 1.631229 
1.472629 1.191194 1.051997 1.669104 2.98445 4.333827 5.328094 5.627017 5.179751 3.966412 2.710164 1.905151 1.697003 1.684726 1.863877 1.943146 2.074001 2.056704 2.209622 2.020905 2.241997 2.665262 2.847108 1.968707 1.134326 1.631233 1.463102 1.26758 1.106499 0.6242485 0.8001229 0.4499848 0.9876674 0.8981711 0.7243736 0.8541991 0.6466064 0.5421541 0.7866268 1.056935 0.659687 2.990134 0.00452583 0.1344361 0.9801566 1.576096 1.445512 1.544299 0.9171085 0.5909258 0.2075577 0.9207836 0.1214616 0.6732004 1.537212 1.806528 1.246519 0.392413 1.452689 1.603284 1.209413 1.414326 2.276282 2.047714 1.494847 0.6966795 0.6091781 0.944644 1.269977 2.220067 0.6497437 1.153603 0.3750237 0.7255433 0.8283234 0.965621 1.469532 1.555484 1.044952 1.055577 0.9681389 1.026028 1.710488 2.373029 2.262747 1.658961 1.504112 1.414775 1.108957 0.7398772 0.674722 1.063169 1.400933 1.54746 2.150323 3.533207 2.569561 1.213137 1.856458 2.301846 2.52487 2.575567 2.617356 2.03775 1.811859 1.384718 1.366892 1.524717 
1.494607 1.252316 1.16101 1.721262 2.831279 3.967953 4.97506 5.890086 5.396356 3.732165 2.313905 1.409934 1.243943 1.283739 1.555706 2.306316 2.236068 2.021478 2.195932 2.235098 2.4431 3.037102 3.486091 3.247356 2.062881 1.879058 1.409325 1.133922 1.087537 1.198866 0.7350745 0.3497175 0.434828 1.169499 0.4028975 0.9602239 0.7294078 0.3147128 1.013208 1.242009 1.057011 0.6799864 0.6954797 0.2758202 1.413697 1.925598 0.6318287 0.4171448 1.211796 1.449677 1.231339 1.229184 0.3602756 1.065245 1.452761 2.588514 1.136984 2.628658 0.9846332 2.655149 0.9445525 0.9317903 3.445262 1.671127 1.642761 0.8418272 0.8662464 0.7005498 2.847265 2.728322 0.1300043 0.2096662 0.2971504 0.6923509 1.760803 0.1881024 2.63208 1.55631 0.7829075 1.239535 1.208092 0.5268701 0.3727121 3.051259 0.8836464 1.084553 1.324468 1.572349 1.22012 1.051647 1.066677 1.222644 1.368967 1.102093 0.8759467 3.488921 2.349216 1.187565 1.419055 2.085625 3.17612 4.301249 0.8195699 1.651097 1.419716 0.669812 0.9637555 1.401853 
1.628845 1.551154 1.619645 2.027041 2.699935 3.452176 4.241085 4.804209 4.363571 3.105158 1.981941 1.298934 1.133233 1.20979 1.764483 3.734043 2.696805 1.666037 1.746866 2.518502 2.740937 3.220064 4.116902 5.876873 2.688653 2.157428 2.022465 1.192841 1.41721 1.852686 1.037326 0.2459929 1.241219 1.496604 0.9975711 1.572797 0.4539151 0.7371413 1.026462 1.377638 1.088826 1.087984 0.9094742 0.8569476 1.136439 1.057261 1.639224 0.8813561 1.419727 0.1307291 0.8739263 1.08445 0.5254935 1.089587 0.9394398 0.7243175 0.2414986 0.6092489 1.658873 0.9744455 1.300467 0.9461842 0.5797457 1.233055 1.764657 0.9573155 0.6245435 2.364651 0.9691694 0.50182 1.362468 0.4360517 0.4443727 0.8611438 0.825115 1.159801 0.8132498 0.51179 0.1398349 0.8580403 0.5183969 0.9805136 2.485007 1.952255 0.7419318 0.9739317 1.597859 3.724791 1.855491 1.594782 1.562923 2.579932 1.577169 1.832027 2.504141 2.548646 1.8855 1.664832 0.6233972 1.877147 2.520237 2.049045 1.284751 1.672499 1.570122 0.3523371 1.003679 1.450965 
1.742046 1.765471 1.872955 2.09726 2.393171 2.736373 3.141322 3.36598 3.067927 2.366628 1.737124 1.446242 1.229687 1.035534 1.91597 3.129899 2.473139 1.596076 1.677975 3.137222 2.736092 2.927652 4.000062 3.612812 1.285452 1.033319 1.444294 0.7127119 1.103469 3.118571 1.056564 0.784831 1.56101 1.029556 1.250175 1.995686 0.678093 0.6145065 0.8690133 1.163663 1.417464 2.072895 1.232869 1.324046 0.3303768 0.6559135 0.1015595 1.519528 0.4047654 1.799082 0.9156874 1.031215 1.260497 1.123502 0.4074984 0.2009301 0.9188371 0.9397186 1.336741 0.6747957 0.3143378 1.236517 0.9060034 1.811377 0.789597 3.532389 0.2070421 1.426939 1.557635 0.7925428 0.521284 1.032674 2.082646 0.6611235 0.8004181 0.6931399 0.5845426 1.291484 0.3767672 0.7863122 1.076926 0.4445583 2.741379 3.472722 0.7749534 0.9547315 1.351658 1.713076 2.022598 2.362066 2.445859 2.113805 0.8026503 1.684246 3.411572 2.339728 1.914613 1.593397 3.574924 3.082718 1.682402 1.755478 1.085017 1.16499 2.551325 2.892283 1.546354 1.560819 
1.767102 1.808802 1.868406 1.918551 1.913583 1.922027 2.100396 2.302718 2.141198 1.647471 1.209649 1.156289 1.2349 1.357777 1.714486 2.125061 2.051045 1.857983 2.145643 2.776377 2.152129 1.354661 3.973481 3.82726 2.474503 1.960597 1.356883 0.9790031 0.4771645 0.9320142 0.7698183 0.9216624 1.027623 0.3207504 1.063571 2.291694 1.809452 0.5945729 1.399054 3.541498 1.319415 1.191931 1.162196 0.8403679 0.1903653 2.206151 0.8259739 1.455023 0.7949474 0.7764956 0.8267367 1.501689 1.437301 0.7221597 0.9393281 3.45877 2.198106 4.356742 0.765213 0.6189526 0.6881788 1.318944 0.4776798 0.7996373 0.7546923 1.276422 0.9964026 0.2381348 2.233016 0.6872137 0.3311497 1.74778 0.6627284 0.6363719 0.1506267 1.090984 1.158901 1.133373 0.799834 0.6326677 0.08878984 0.7442047 0.6261642 0.3845176 0.5614022 1.327383 0.4469849 1.944309 0.9530011 1.681934 1.56536 1.510606 1.773711 1.604179 2.9263 3.393003 3.167864 0.3255509 3.438338 1.367066 1.505013 1.214841 1.199483 1.482649 1.953359 2.961627 0.01488974 1.856531 
1.71024 1.739669 1.744395 1.671466 1.452128 1.219724 1.340505 1.658106 1.561819 0.986252 0.345661 0.5585048 1.080574 1.409179 1.577648 1.695956 1.631608 1.74621 2.006529 2.055423 1.419905 1.552617 3.68117 3.381683 3.270836 3.71265 1.759096 0.9392702 0.6978245 0.1381408 0.7691451 1.099295 2.034646 1.103566 1.008021 1.36504 1.249053 1.260349 2.822886 2.051095 1.426551 1.031314 0.9625928 0.7408808 0.8837883 1.38349 1.180606 1.308298 1.317491 0.8965338 1.271369 2.134333 0.5879164 0.4665132 0.06480023 1.04138 0.9518094 1.13924 0.9120905 2.944159 1.115123 1.524691 1.234737 1.520721 2.333205 0.2316024 1.200471 1.095408 1.176721 0.6732491 1.613462 0.8883176 0.07814747 0.03222757 1.496005 1.248467 1.602194 0.6582888 0.3753868 0.4871998 1.210419 0.321315 1.453743 0.5947134 1.78786 0.6053602 0.7549973 1.599195 3.563522 0.03567021 0.1273693 1.017134 1.844135 0.7852172 1.931031 3.041781 3.353757 3.753753 4.606129 2.226974 2.278118 1.859461 2.508251 2.556303 3.608719 1.296505 2.426987 3.148134 
1.593048 1.599219 1.591038 1.496719 1.272111 1.030022 1.113864 1.368693 1.266364 0.7274732 0.138502 0.3274761 0.9373069 1.31145 1.373641 1.375086 1.299637 1.354791 1.25882 1.557852 1.561853 1.928299 2.545313 2.966019 2.909301 2.75495 1.789452 1.259437 0.9088802 0.988973 1.380011 2.077299 2.250683 1.57071 1.04891 1.090639 1.193713 0.1631562 0.1636522 1.497544 1.372043 1.046784 1.195787 0.972232 2.354547 1.37392 3.763421 3.199316 1.603648 0.5225286 1.130914 1.295244 1.129563 0.8654298 1.043137 2.163729 0.3815415 1.053587 0.9734938 1.256955 1.802362 0.6661653 1.406376 1.065006 0.6227612 1.554094 1.658723 0.5897771 0.9814864 0.3813499 2.0871 0.5171286 0.7533965 0.9210899 0.8560691 0.3000904 0.6942304 2.308666 0.9417647 1.862678 2.284238 2.023173 2.855331 2.127007 1.985333 0.5276228 0.5988168 0.8016847 0.8638116 0.8121877 0.4098514 0.917265 0.6970649 0.4995102 1.068965 2.227009 2.906128 3.896367 4.213655 3.137959 2.267043 1.155789 4.97366 3.337522 2.806987 0.05454303 1.74728 2.346281 
1.380017 1.422053 1.445561 1.424933 1.307929 1.19658 1.233647 1.325634 1.224477 0.9027287 0.677841 0.7615153 1.006356 1.078374 1.182709 1.181873 1.116379 0.7644441 0.06684116 0.7809854 0.8804381 0.8010959 1.843383 2.373752 2.566576 2.816583 2.467345 1.763604 1.47882 1.912305 1.704714 1.608711 1.382439 1.411969 1.134538 1.01833 0.9396024 0.7209046 0.8167961 1.320281 1.218719 1.041479 1.034463 1.418894 1.941606 2.023895 1.452527 1.290537 0.3858243 0.5987813 1.086321 3.561781 1.404452 0.4685477 1.123091 0.8587136 2.181035 0.6936374 0.8097 1.014629 0.7805499 0.5141826 1.252632 1.377168 1.085755 0.6460322 0.7092984 2.586248 1.501445 1.72132 0.856274 0.4293884 0.5200309 0.3787165 0.2858889 0.4475924 1.57417 3.021883 3.992378 1.502481 0.8624124 2.224097 2.184762 2.793809 2.148386 2.177783 1.109185 0.7435026 0.7343414 0.5723687 0.417004 0.3343132 0.3759136 0.6515275 1.056446 1.144086 2.220753 3.827329 3.724453 3.136689 2.710482 2.595229 2.844447 2.619065 2.21823 1.430713 1.706455 2.009586 
1.137595 1.207215 1.288562 1.352529 1.345857 1.324562 1.335418 1.343071 1.266641 1.108768 1.10994 0.9729918 1.11432 1.067457 1.101161 1.064331 1.005999 0.7602438 0.4368359 0.7310824 0.5579235 0.2683449 1.417133 2.120238 2.52943 3.16136 3.97714 2.042377 1.06457 1.624585 1.735056 1.465024 1.155346 1.271777 1.104028 0.984709 0.9081218 0.1608949 0.4607833 0.9450606 0.8555519 0.9603892 0.8281137 0.479428 1.233216 1.522395 1.159215 0.9874467 0.9141857 0.9752089 1.170491 1.397925 1.61805 1.251025 2.736544 1.973521 0.9003651 0.5052724 0.1191483 0.5336545 0.5053202 0.751935 1.235641 2.189129 1.661873 1.184416 1.021348 1.225739 1.457364 1.455751 1.322474 0.8455674 2.830262 2.042541 0.7840646 0.9837213 1.472518 2.755126 2.343639 1.689557 1.68115 1.693704 2.332847 2.634785 1.948174 1.315895 1.183966 1.318807 1.986901 0.8808158 0.304814 0.2171094 0.6505477 0.9055816 0.9534655 1.406623 2.354472 3.104661 3.389018 3.088792 2.914391 2.876919 2.421514 2.27096 2.24273 1.92231 1.864919 1.917315 
0.8109411 0.9096578 1.082001 1.222102 1.306863 1.346905 1.365906 1.361326 1.316107 1.206425 1.358835 1.154813 1.211973 1.071775 1.057692 1.014564 1.028088 1.015201 1.049267 1.081071 1.026476 1.079568 1.611371 2.054827 2.496359 2.915423 3.070026 2.089799 1.449168 1.551108 1.6403 1.446685 1.39385 1.341879 1.039871 0.8031057 0.6927094 0.6069785 0.6518382 0.8650545 0.620234 0.8760583 0.8688446 0.5261347 0.9869705 1.595029 1.471011 1.22802 1.14112 1.121108 1.08566 1.349753 1.608891 1.599744 2.598299 2.142879 1.006697 0.6628261 0.5380398 0.5070056 0.6692052 1.009576 1.331945 1.488925 1.333992 1.140125 1.280102 1.108891 1.428719 1.51104 1.498293 1.061723 1.827497 1.806913 1.014699 1.14542 1.867721 2.588524 2.403275 1.968211 1.852181 1.607173 2.009716 2.231708 1.816319 1.276067 1.307337 1.30519 1.267851 0.9399414 0.653296 0.4456248 0.5896395 0.8959677 0.9763187 1.557283 2.322642 2.632856 3.187653 2.988781 3.047487 2.695407 2.388717 2.272652 2.078427 1.929861 1.796644 1.740633 
0.4310754 0.5490406 0.7972288 1.037601 1.207929 1.305742 1.353648 1.366048 1.349072 1.273474 1.248449 1.256922 1.042101 1.080212 1.039712 1.152515 1.080918 1.197714 1.371484 1.374879 1.416675 1.551569 1.851552 1.967763 2.261644 2.482472 2.345635 2.021206 1.715458 1.631531 1.652589 1.603143 1.496024 1.318032 1.023886 0.7572398 0.6821787 0.8636902 0.6952035 0.7565877 0.5934755 0.8524887 1.108612 1.083142 1.150155 1.410084 1.58367 1.121035 1.318362 1.180315 0.9765114 1.329968 1.458896 1.628932 1.866101 1.689183 1.296617 0.8737441 0.8294243 0.5898858 0.7091329 1.108563 1.328783 1.235178 1.189158 1.165156 1.352052 1.261149 1.40227 1.617451 1.582888 1.068355 1.078361 1.278635 1.257342 1.45623 2.139609 2.528821 2.377289 2.012197 2.112527 1.899323 1.986478 2.405196 1.798976 1.407169 1.405652 1.232836 1.249679 0.8656696 0.776072 0.5366836 0.6523907 0.7866083 0.9635711 1.37396 2.12329 2.438683 2.889316 2.95107 3.118282 2.870689 2.257537 2.095066 1.891698 1.665439 1.389918 1.272061 
0.115798 0.2419996 0.5367951 0.8540632 1.092751 1.240753 1.321613 1.357726 1.36415 1.306339 1.012568 1.31807 1.072149 1.090359 1.036222 1.171349 1.364821 1.317762 1.590094 1.608398 1.674548 1.800918 2.000911 1.964403 2.128821 2.245985 2.170083 1.923033 1.886101 1.636888 1.631143 1.625927 1.44653 1.322978 1.01718 0.7414771 0.6952167 0.8419467 0.7754828 0.7923503 0.5898688 1.043061 1.228605 1.271692 1.249141 1.448697 1.643408 1.146788 1.397072 1.205546 1.074236 1.259868 1.333007 1.661513 1.697224 1.517465 1.348101 1.032983 0.8817792 0.6166449 1.009464 1.139454 1.381245 1.21912 1.332036 1.16172 1.397146 1.261351 1.385505 1.633615 1.601804 1.140653 0.8712189 1.128411 1.244971 1.495029 2.432112 2.507569 2.361618 2.022957 2.168065 1.921495 1.891186 2.402502 2.074834 1.435768 1.435619 1.186298 1.254886 0.8863155 0.5801148 0.621074 0.74624 0.7850655 0.9572752 1.381316 1.907972 2.327022 2.790007 2.876675 3.096075 2.90993 2.301328 1.910792 1.628703 1.202375 0.6392994 0.4828163 
2.443187e-031 0.1139576 0.4076734 0.7400113 1.005328 1.181545 1.286511 1.342634 1.366998 1.032519 1.019825 1.016387 1.093296 1.101434 1.040141 1.194556 1.425777 1.561769 1.566978 1.645301 1.845854 1.948868 1.994001 1.956204 2.041286 1.828175 2.04698 1.799513 1.902413 1.648094 1.645309 1.643485 1.563443 1.324921 1.081286 0.7364342 0.7064396 0.8360319 0.7005641 0.8186609 0.787179 1.011265 1.093953 1.353991 1.303881 1.488458 1.493496 1.16435 1.193497 1.233516 1.076447 1.244215 1.293248 1.61663 1.615499 1.442472 1.354827 1.314957 0.9393955 0.9297154 0.8986447 1.143975 1.364185 1.179193 1.308595 1.153786 1.347604 1.050251 1.37299 1.56699 1.598866 1.17585 0.7663735 0.9858118 1.226106 1.507064 2.456042 2.499044 2.353009 2.233828 2.198804 1.941052 1.874254 2.632539 2.093243 1.445078 1.44469 1.417651 0.9891375 0.8713917 0.5862506 0.6337047 0.7568157 0.9913421 0.953729 1.385023 1.877723 2.574047 2.732265 2.883871 3.009993 2.813082 2.180872 1.755455 1.409628 0.8209953 0.19207 0.04679454 
