rasters-batsmen/ambatirayudu.asc
ncols         108
nrows         21
xllcorner     -3.075
yllcorner     -1.575
cellsize      0.15
NODATA_value  -9999
[rows 0 to 20 of 21, columns 0 to 61 of 108]
2.860568e-007 0.3868393 1.190757 1.904293 2.336693 2.645223 3.066561 3.202712 3.283716 3.100144 2.513803 2.179127 2.121406 2.273585 1.946343 1.885298 1.834529 1.69909 1.607399 1.584514 1.61035 1.667199 1.656768 1.794774 1.52443 1.253355 1.196475 1.073862 0.943527 0.9471326 0.7366627 0.7429259 0.7007667 0.6657499 0.7263442 0.7264897 0.7315291 0.7455541 0.7591922 0.8402627 0.8642873 0.886728 0.9658631 1.115032 1.353914 1.379082 1.404894 1.269292 1.2717 1.174026 1.134498 1.195886 1.018677 1.290008 1.310667 1.394389 1.640898 1.754695 1.752851 1.715034 1.583391 1.482345
0.4999776 0.9246789 1.628445 2.227998 2.56294 2.807108 3.18705 3.290106 3.344273 3.364709 2.554914 2.507097 2.464226 2.265097 1.939751 1.869266 1.809322 1.674294 1.595532 1.582456 1.613187 1.67907 1.674122 1.803803 1.539144 1.26815 1.195298 1.112025 0.9699015 0.8426706 0.6990513 0.6559324 0.6288803 0.7087172 0.7121508 0.7037408 0.7002618 0.7169043 0.7390823 0.8263543 0.8592108 0.8267491 0.9040333 0.8638639 1.342864 1.375195 1.408228 1.507255 1.278697 1.328845 1.132762 1.170665 1.135418 1.263717 1.305564 1.420503 1.512507 1.822618 1.816178 1.758775 1.543675 1.527731
1.813627 2.097533 2.490946 2.693935 2.915084 2.994972 3.320002 3.382414 3.404356 3.395912 2.929692 2.630232 2.464109 2.253909 1.930408 1.849085 1.778849 1.643861 1.579878 1.790515 1.76957 1.891254 1.74779 1.81972 1.516021 1.292696 1.197526 1.084901 0.9718825 0.8264771 0.586507 0.615338 0.6113682 0.6990399 0.6968677 0.6662546 0.6414337 0.7085329 0.7092224 0.8118479 0.8565914 0.8886327 0.905683 1.111776 1.327962 1.370841 1.414265 1.443949 1.589885 1.326274 1.062586 0.745296 1.035993 1.221292 1.288171 1.44697 1.594328 1.924628 1.91269 1.82002 1.682008 1.488418
3.065426 3.203179 3.218885 3.257453 3.186188 3.255715 3.447725 3.470867 3.459028 3.416471 2.928167 2.633904 2.459487 2.237606 1.913167 1.822967 1.74191 1.505883 1.71937 1.758596 1.744863 1.863883 1.765452 1.846656 1.656046 1.332659 1.206871 1.05504 0.8921515 0.7071022 0.4940534 0.5494149 0.6411301 0.6991034 0.6866987 0.6024632 0.5163195 0.5887555 0.6697027 0.8051546 0.9151421 0.8935912 0.8002545 1.093962 1.363871 1.366435 1.425186 1.45958 1.595548 1.250515 1.063296 0.7537267 0.9924802 0.9314513 1.245216 1.468344 1.716128 2.039083 2.069146 1.90902 1.736116 1.410133
3.755573 3.833618 3.657804 3.546095 3.548165 3.403607 3.558532 3.55145 3.507891 3.400345 2.922962 2.627193 2.442002 2.211562 1.887662 1.91785 1.704245 1.582344 1.684919 1.711246 1.688969 1.801483 1.851086 1.894806 1.726693 1.395466 1.225449 1.030724 0.8032156 0.5371442 0.3623102 0.4442146 0.6244361 0.7223341 0.7051532 0.5247049 0.2380699 0.3852724 0.7267433 0.8266615 0.9828064 0.8494468 0.8601812 0.8768465 1.118067 1.363696 1.504506 1.485368 1.605158 1.251886 1.063225 0.7643766 0.6052641 0.8684533 1.148296 1.456531 1.904039 2.262026 2.33777 2.04395 1.730872 1.245381
3.917084 3.97542 3.800188 3.68764 3.67101 3.510663 3.648257 3.627147 3.553082 3.382262 2.904791 2.618461 2.388357 2.057999 1.848665 1.735182 1.659579 1.553159 1.651766 1.646994 1.613624 1.645277 1.822599 2.062401 1.86328 1.53063 1.239345 1.017601 0.7691042 0.2808727 0.03906136 0.3636371 0.690582 0.7810147 0.7920833 0.6495482 0.1348703 0.4356762 0.8689857 0.9955453 1.007659 0.9532191 0.8173423 0.8620707 1.101412 1.369621 1.470239 1.653882 1.683365 1.189626 1.045094 0.7825624 0.6390578 0.7834415 0.7829729 1.472444 2.247625 2.983206 2.826283 2.335761 1.616916 0.8713136
3.801104 3.842911 3.786834 3.746692 3.732721 3.746596 3.729496 3.720271 3.616307 3.331118 2.775788 2.459153 2.272732 2.140058 1.786175 1.65974 1.709645 1.534549 1.635742 1.627445 1.332817 1.282987 1.905663 2.293952 2.169257 1.650086 1.175797 0.9598799 0.8555166 0.4958199 0.3036967 0.6044561 0.7913677 0.8630387 0.9169016 0.9970556 1.207697 1.232023 1.085766 1.060068 0.9932242 0.9916099 0.8574959 0.7875397 1.088081 1.413493 1.510922 1.704942 1.576854 1.18978 1.06814 0.8047311 0.7226948 0.5140877 0.5056132 0.6649888 2.827659 5.026723 3.394823 2.630594 1.58441 0.2575885
3.682055 3.754995 3.796677 3.790308 3.735211 3.817327 3.720578 3.914277 3.85973 3.519172 2.666595 1.915714 2.061092 1.964458 1.802011 1.551601 1.593474 1.521027 1.649603 1.712095 1.374625 1.290401 1.987881 2.769558 2.943451 1.836772 0.8592392 0.6502168 0.8596192 0.8541628 0.8646241 0.8553447 0.9005581 0.9672754 0.9997856 1.105424 1.662322 1.560609 1.101986 1.124432 0.9735311 0.9989846 0.9904303 0.4122047 1.187316 1.382165 1.55346 1.776972 1.562608 1.164692 0.9408876 0.789542 0.9428245 0.601515 0.5347047 0.5239662 1.905814 3.67623 3.186049 2.167245 1.474389 0.8744421
3.576073 3.742614 3.88221 3.869838 3.685412 3.56286 3.791041 3.980039 3.961246 3.927585 2.908817 1.066051 2.093434 1.412419 1.579639 1.396885 1.227908 1.633121 1.62567 1.921419 2.03608 1.915135 1.701004 2.60112 3.266496 1.835407 0.8246948 0.5459078 1.13352 1.04082 0.932124 0.9726064 0.9688663 0.9547822 1.000728 0.9787864 0.9960324 0.9830889 0.7865675 1.008495 1.020173 0.9543107 0.837547 0.681311 0.8668765 1.000853 1.664683 3.327564 1.454933 1.087966 1.06466 0.585287 0.5496211 0.7730699 0.8804097 0.538222 1.106035 1.301489 0.8563775 0.9588403 2.361641 0.5931091
3.311939 3.672695 3.986299 4.023478 3.284562 2.814645 3.613658 4.049182 4.110628 4.000312 4.040011 5.082751 3.242985 1.487001 1.560355 1.093206 0.9470276 1.253187 1.387183 2.407185 2.749107 2.306558 1.647274 1.97345 2.14388 1.713357 1.554661 1.916261 1.698042 1.235892 0.2995927 0.9867789 0.9932997 0.9511934 0.9917712 0.9661673 0.9192457 0.7643132 0.4601215 1.092541 1.062816 0.9940621 0.7264751 0.4811284 0.2908188 0.7307322 0.6378483 1.626082 1.137125 1.043373 0.8606626 0.9976847 0.4642431 0.3404405 1.211374 1.45214 2.016701 0.8567178 0.6657068 1.127964 1.032823 1.121783
2.600836 3.156255 4.096788 5.025182 3.684541 2.544248 3.678039 4.418 4.746138 4.606073 4.538225 5.056058 3.931636 3.207911 1.712496 0.4620432 0.3739416 0.3199624 0.4945351 3.480626 3.41564 2.969789 2.284208 2.098799 1.794213 1.471358 1.183916 1.342585 1.324166 1.240348 1.740582 1.019098 1.003183 0.8931014 0.9075274 0.8464013 0.9918947 0.8311257 1.013076 1.572326 0.825502 0.933853 0.8733833 0.7598245 1.793592 1.3708 1.461152 0.8716584 0.6551151 1.695967 1.05322 1.132773 1.526886 1.907044 1.548452 1.464815 1.740728 1.151688 1.530705 1.035951 0.8464614 1.149274
1.429846 1.806498 3.872024 5.33815 4.813431 3.93602 4.297991 5.070276 5.739578 5.330854 4.95958 4.335737 3.725238 3.033199 1.717971 0.8401201 0.6801823 0.9481521 1.558165 3.14053 3.741743 3.508441 2.241301 1.966686 1.909282 1.835639 1.666428 1.157524 1.092489 1.371188 1.682143 2.081887 0.2795322 0.9391753 0.9219641 1.2692 0.140131 0.9842285 0.9862445 0.8826603 1.11362 0.4821399 1.014591 0.9027574 3.343891 1.802449 2.055192 0.9624485 1.184332 2.368496 0.8981785 1.71769 3.745094 1.235627 0.6458213 0.8705787 2.163023 0.3975466 1.703267 1.047171 1.606763 1.0015
1.504424 1.808682 3.529445 4.522481 4.671836 4.55935 4.710242 5.241886 5.767996 5.523908 5.976239 4.611073 3.398118 2.156543 1.287756 1.108683 1.137211 1.431899 1.49789 2.674433 3.269423 2.885598 1.789582 1.34692 1.9729 2.235725 3.581948 2.103098 1.645756 1.017127 1.253213 1.646023 2.228169 1.011206 0.09216966 1.003961 1.040515 0.6130093 0.9597074 1.607306 2.566295 1.485281 0.07716883 0.2434041 1.111792 0.8068146 1.181362 1.02776 1.062411 0.7289351 2.558053 1.204172 0.7577223 1.407886 1.281042 1.795814 1.00825 3.138887 0.3315205 1.656847 0.6684061 0.7811872
2.504911 2.90299 3.878329 4.759849 5.1837 5.072926 4.920824 5.070531 5.172256 5.139548 5.165784 4.202738 3.02612 1.780605 1.047281 1.106287 1.190493 1.413913 1.23338 2.300538 2.811382 2.73034 2.231599 1.868467 1.933216 2.066973 1.939484 2.155455 1.474939 0.2353691 0.4154649 0.9663627 2.216923 1.217741 0.466438 0.7350982 0.505133 0.2007431 0.5813528 2.151239 2.098251 1.060623 0.8262488 0.6362162 1.418213 1.299638 1.586496 1.309272 1.846796 1.950929 0.6367414 0.5701503 0.6374074 1.013862 0.9581601 0.8298656 0.8863099 0.9826538 1.166135 1.142401 0.6573027 1.330912
3.163545 3.576192 4.327157 5.310505 5.982032 5.510147 5.045112 4.917205 4.761926 4.686442 4.313839 3.562883 2.594307 1.750131 1.331083 1.161224 1.306779 1.637738 2.274353 3.115793 3.07883 3.131677 2.49588 2.105494 1.81489 1.641194 1.260338 1.150046 1.009706 0.405234 0.1492537 0.6052311 1.090576 1.137966 0.7630175 0.368625 0.0002863545 0.1176434 0.7567616 1.697001 0.08591637 0.4441239 1.420246 3.431049 2.569891 1.841986 1.905397 1.773389 1.819239 5.702064 0.9220377 0.9963064 1.645045 1.28852 0.9989337 0.3502171 0.5475587 0.4664972 0.01903833 0.4849085 1.279536 1.253484
3.373774 3.772144 4.391504 5.151656 5.608402 5.337718 4.949529 4.734071 4.428546 4.212772 3.90366 3.381989 2.334166 1.476893 1.018552 1.015684 1.020272 1.508435 2.397602 3.060612 2.302016 2.843826 2.534885 2.13668 1.776568 1.360786 0.4974931 0.2370888 0.761025 0.7442201 0.6119165 0.7916336 0.9632843 0.9097182 0.782279 0.3506402 0.2699029 0.4952797 0.9562335 0.9844978 0.8759801 1.225064 1.818465 1.407676 2.354878 3.090221 3.524642 2.111344 1.274624 1.233336 0.8252085 0.7359763 1.032964 1.422428 1.269975 1.756961 1.987683 2.763628 0.2151034 0.02377656 1.174511 1.369247
3.184135 3.560417 4.079955 4.557158 4.858571 4.807949 4.610291 4.446751 4.172665 4.012419 3.909952 3.314322 2.386828 1.562662 1.114829 0.7882546 0.1782945 0.9313884 2.024235 2.512536 2.568732 2.478868 2.41818 1.96333 1.605779 1.147889 0.8662431 0.7283388 0.7833644 0.9429946 0.9042792 0.9074604 0.9889392 0.9015144 0.7650169 0.4175974 0.3541906 0.5673625 0.8114569 0.5197828 0.1584532 1.146142 1.369044 1.827061 2.172972 2.627362 2.647871 2.059595 1.517925 1.182495 1.040447 0.9395539 1.118725 1.319856 1.543981 2.459653 1.930237 1.61946 0.7554424 0.5021965 0.7855049 0.391795
2.570076 2.95066 3.430751 3.941883 4.265033 4.371302 4.238645 4.142584 3.999987 3.988236 3.865743 3.360509 2.488777 1.789908 1.245118 0.788268 0.2388417 0.8074068 1.734832 2.162265 2.340516 2.282297 2.115113 1.868399 1.489285 1.045031 0.996299 0.9387884 1.003939 1.049975 1.005615 0.830704 0.8655003 0.821735 0.7249689 0.4730335 0.5632339 0.5716187 0.6796921 0.5868893 0.6178347 1.145801 1.309862 1.924572 2.134046 2.049358 2.183959 2.060388 1.740769 1.299234 1.130986 0.9879336 1.157872 0.5949414 0.2356387 1.42227 1.517766 1.373034 0.8941778 0.882598 0.7562394 0.5380973
1.538025 1.878725 2.63368 3.309859 3.766315 3.838931 3.988396 3.769906 3.886023 3.828146 3.624626 3.230843 2.5305 1.972429 1.422221 1.193427 0.9281788 1.205279 1.598568 1.984662 2.094429 2.124273 1.999507 1.832372 1.539901 1.146198 1.078991 0.9960269 1.075346 1.120528 0.8899373 0.7979492 0.7484919 0.7780896 0.7259095 0.4961463 0.5992777 0.61786 0.6826037 0.6708431 0.8976833 1.258717 1.525447 1.890673 2.051344 2.186584 1.937761 2.062623 1.837906 1.445985 1.189839 1.088138 1.130279 0.6298156 0.7425571 1.198355 1.237941 1.255841 1.114644 0.9906451 0.8348621 0.8165219
0.4264287 0.8806006 1.832033 2.727756 3.184348 3.376488 3.523204 3.574898 3.737922 3.65912 3.416476 3.147018 2.539121 2.103042 1.802411 1.54783 1.378118 1.496237 1.758545 1.900406 1.965233 1.874271 1.740354 1.744458 1.568533 1.41654 1.164894 1.029289 1.127897 1.17378 0.9158811 0.7351028 0.7033019 0.7539445 0.4094799 0.5043831 0.6172368 0.7378203 0.6984074 0.7045918 0.9965531 1.344658 1.503741 1.924621 2.075803 2.055412 1.764898 2.002225 1.884562 1.470805 1.187347 1.116157 1.142684 0.8212683 1.058682 1.23522 1.133998 1.114915 1.056759 1.059727 0.8941561 0.9022931
8.770943e-031 0.413233 1.384363 2.220799 2.737186 3.105422 3.301036 3.38638 3.587315 3.513507 3.266175 3.078738 2.712007 2.201495 1.985356 1.788551 1.651092 1.694115 1.818448 1.773906 1.792521 1.793874 1.691095 1.754681 1.64675 1.538206 1.227838 1.183266 1.170959 1.080521 0.883092 0.7265522 0.6804636 0.6764829 0.4611759 0.4468949 0.6285191 0.7571588 0.7116276 0.8510588 1.050743 1.400038 1.703433 1.912941 2.052047 2.021043 1.758426 1.993026 1.78518 1.658337 1.196637 1.148139 1.205294 0.9030094 1.185749 1.273761 1.090719 0.9984354 1.053538 1.038043 1.057358 0.7619243
