rasters-batsmen/brendonmccullum.asc
ncols         108
nrows         21
xllcorner     -3.075
yllcorner     -1.575
cellsize      0.15
NODATA_value  -9999
[rows 0 to 20 of 21, columns 0 to 61 of 108]
9.590245e-008 0.1367036 0.4807241 0.8190806 1.050376 1.268505 1.417214 1.500773 1.63484 1.550537 1.389931 1.509544 1.581145 1.688336 1.814994 1.934656 2.182962 2.367011 2.444999 2.549614 2.522464 2.496522 2.192489 1.712126 1.626213 1.813782 1.304071 1.302019 1.234786 1.22207 1.208561 1.0766 1.259067 1.118871 1.188163 1.250199 1.23231 1.002436 1.005068 1.288802 1.579696 1.671136 1.476098 1.10329 1.008564 0.9635376 0.9683083 0.8375707 0.4370481 0.3891611 0.6002679 0.3497798 0.8511859 1.22868 0.9805957 1.29652 1.370461 1.312911 0.6977308 0.6019961 0.376896 0.8209917
0.1407069 0.2587385 0.5068443 0.8737037 1.165802 1.329451 1.472931 1.537277 1.534649 1.402192 1.304804 1.379952 1.462772 1.609817 1.79086 1.963948 2.244166 2.447771 2.63847 2.586311 2.837702 2.335852 2.20364 1.705759 1.612638 1.537176 1.308289 1.30634 1.303846 1.229881 1.215971 1.091106 1.075715 1.126017 1.190353 1.245972 1.225715 1.00804 1.010213 1.27535 1.491166 1.650372 1.544661 1.193044 1.0273 0.9669564 0.9468706 0.8000615 0.421136 0.6275014 0.591332 0.6127993 0.8462152 1.223219 0.9904544 1.30265 1.37622 1.304083 0.6927707 0.6673351 0.3718929 0.8084399
0.3169708 0.3668066 0.5666585 0.8563432 1.25531 1.422414 1.554209 1.590183 1.54092 1.334965 1.193819 1.165583 1.265842 1.489763 1.761463 2.011852 2.338314 2.649551 2.761918 2.857475 2.97058 2.382604 2.213691 1.689396 1.593259 1.347472 1.365091 1.311839 1.306464 1.238329 1.22588 1.112714 1.09596 1.197327 1.190882 1.23802 1.217158 1.142094 1.018063 1.254426 1.45796 1.619875 1.536529 1.222463 1.123507 1.037527 0.9181404 0.3940703 0.3967699 0.5983593 0.5795268 0.6114283 0.8415087 1.218437 1.291525 1.383357 1.382735 1.293954 0.6877255 0.6542559 0.3652679 0.7928476
0.1753036 0.1774614 0.5062419 0.9243302 1.323677 1.552919 1.665312 1.666837 1.563474 1.34206 1.023404 0.8034183 0.9322565 1.324432 1.743132 2.235124 2.480554 2.819757 2.940017 2.956588 2.83718 2.610906 2.219274 1.660129 1.375008 1.151739 1.366048 1.320443 1.307607 1.245199 1.239202 1.148563 1.185858 1.199803 1.185749 1.220861 1.265623 1.149681 1.030664 1.2185 1.401061 1.573492 1.528683 1.331784 1.169205 1.042204 0.9379382 0.3683833 0.3554361 0.5496361 0.5628907 0.6134179 1.072978 1.214357 1.363838 1.398143 1.39237 1.282243 0.6814839 0.6991509 0.3564272 0.7723628
0.09089939 0.07659755 0.5413812 1.083952 1.525947 1.730022 1.80909 1.776768 1.629568 1.315306 0.7866791 0.2721313 0.4642794 1.18824 1.784471 2.348869 2.679394 3.071427 3.200359 3.15083 2.897042 2.651253 2.142473 1.612058 1.362594 1.371187 1.375949 1.338579 1.306249 1.242904 1.255471 1.216937 1.247304 1.013822 1.159088 1.185465 1.071937 1.172341 1.054215 1.0068 1.291258 1.502452 1.580496 1.391769 1.302913 1.055585 0.7125154 0.3299071 0.3186961 0.4612942 0.5425982 0.6216344 0.9965824 1.031415 1.37019 1.173192 1.402512 1.328283 0.6704639 0.6624496 0.4031285 0.743454
0.4632802 0.5041531 0.9365548 1.431405 1.753041 1.958909 1.976917 1.91969 1.758301 1.479101 0.8014645 0.1704202 0.4449547 1.327414 1.955101 2.502886 2.902855 3.390662 3.57331 3.467635 3.196094 2.662227 2.101383 1.685079 1.367313 1.397276 1.352244 1.448162 1.302344 1.243815 1.262988 1.406391 1.364751 1.062243 1.075274 1.111465 1.075597 1.23243 1.16038 0.8608707 1.046784 1.405784 1.400151 1.444047 1.442697 1.129614 0.6781111 0.3293127 0.08586425 0.3000281 0.5324316 0.6351085 0.9660782 1.234976 1.388547 1.307022 1.423801 0.9190028 0.6479105 0.5548388 0.3710727 0.6941147
1.125514 1.246 1.574124 1.916536 2.107469 2.200233 2.131948 2.053865 1.947512 1.776915 1.442234 1.006917 1.221863 1.754021 2.303717 2.681637 2.952428 3.707051 3.940278 3.608226 3.299224 2.714049 2.509795 1.859082 1.628223 1.446662 1.447187 1.592924 1.3384 1.130114 1.080113 1.814361 1.811033 1.097682 0.7353627 1.00877 1.052275 1.340245 1.540383 0.4082348 0.6291351 1.244711 1.457318 1.726654 1.585223 1.163441 0.4796433 0.3007888 0.08015403 0.191079 0.5462312 0.5751969 0.9212767 1.029249 1.573415 1.551979 1.559111 0.9924244 0.5886546 0.4313911 0.3224276 0.5609488
1.776254 1.948343 2.208154 2.433331 2.48324 2.367908 2.159513 2.221068 2.243781 2.227648 1.877627 1.365719 1.444958 2.090183 3.068172 3.018949 2.77737 3.487664 3.98144 3.562078 3.039549 2.673319 2.341621 1.890941 1.627735 1.41494 1.431092 1.811402 1.104064 0.8128588 0.4160706 2.64293 2.560247 0.8823557 0.1064529 0.7059639 0.987073 1.107789 3.213365 1.576537 1.007499 0.9485898 1.188294 2.313685 1.709683 0.9290283 0.5076363 0.2797117 0.1256777 0.06268418 0.6672769 0.5734432 0.8537501 1.050565 1.487392 1.674039 1.485302 0.9134998 0.5669678 0.1653554 0.3930822 0.06604677
2.296146 2.499836 2.75445 2.967286 2.961596 2.383879 1.786229 2.052679 2.369238 2.758801 2.756171 1.264394 1.261474 2.062286 3.575806 2.989195 2.292515 2.743746 3.266155 3.12916 2.683008 2.231312 2.011873 1.892583 1.588054 1.419904 1.080299 1.144171 1.076124 0.7119878 0.4759902 0.8128156 0.09714181 0.7728082 0.787518 1.030033 0.961961 0.1243141 1.439773 1.429551 1.233151 0.8943837 1.379822 3.20085 1.867449 0.1525677 0.5095747 0.586222 0.2590522 0.2061431 0.6859921 0.9443855 0.8534117 0.2537084 1.715554 2.216014 1.236452 1.160376 1.25773 0.5305791 0.6939144 0.7735627
2.667483 2.950273 3.245686 3.591981 3.749718 2.619426 0.3109833 1.707391 2.371397 2.997274 3.797586 1.935727 1.555628 1.544797 1.51354 1.359937 1.234396 2.003315 2.671896 2.828054 2.319685 1.013815 1.909116 2.197722 1.46802 1.169566 2.135466 1.139038 1.116465 0.9434432 0.7047452 0.1612235 0.6325014 0.5275313 1.06334 1.292599 1.068186 0.9144356 1.073601 1.061343 1.164307 0.9337623 0.4809715 0.1853809 1.299693 0.7590659 0.9557064 0.897113 0.4612029 0.05974015 0.5334265 0.1136322 5.104146 1.050786 1.222863 1.48977 0.6962683 0.6298567 0.9734721 0.4555283 0.847814 1.22888
2.929413 3.150269 3.525667 4.133257 4.935026 5.644045 2.551712 2.32987 2.203707 2.096421 1.610994 1.413771 1.60541 1.327363 0.238689 0.9297447 0.1191838 1.588194 2.797848 2.944284 2.60437 1.973058 3.946328 3.092024 1.14898 0.9601017 1.133445 1.017506 1.451639 1.021533 0.7213948 0.9774846 0.7851251 0.7532344 0.07505086 0.9764864 1.182378 1.036647 0.526715 0.5652335 0.9730297 0.8897638 0.3313897 0.5367246 1.107282 1.085711 0.8366258 2.494801 0.5449436 0.3766323 0.8986423 0.2921834 1.195594 2.26725 0.7867629 0.9112481 1.398877 0.9991796 0.3937017 1.861704 0.5341529 1.321623
3.167563 3.334156 3.538629 4.150048 5.15624 5.727502 4.241797 2.944127 2.19346 1.470228 0.5598306 1.254511 1.942553 1.588485 0.9588273 0.895906 1.115938 2.153931 3.729484 3.502205 3.126177 3.569397 3.408431 2.423095 1.614515 1.005572 1.311778 0.6584446 0.6579617 0.7470295 0.655947 0.7276819 0.7003973 0.8696969 0.3932177 0.325619 1.711599 0.6229845 0.4026431 0.09076267 0.8381581 0.92462 1.322065 0.4618794 0.4437184 0.206294 0.01677585 2.459008 0.8710041 1.009335 0.9040174 1.482076 3.785326 0.3190154 2.356971 0.8993724 0.3649781 0.77916 0.763824 0.352165 1.101773 0.13918
3.437691 3.558015 3.40843 3.542569 4.083032 4.333102 3.728691 2.890737 2.160697 1.418399 0.7776757 1.40401 2.393343 2.314194 1.464714 1.18502 1.359449 2.253217 3.421236 3.883494 3.497614 2.802373 1.997264 0.6156307 0.7947885 0.8657144 1.776061 0.964995 0.4697576 0.5058209 0.7704291 0.7593313 0.1156449 0.8631095 2.836276 0.4050191 1.854437 0.8451903 0.7480721 2.653347 2.757498 0.5785167 2.055758 1.008462 0.689733 0.9748949 0.4267981 1.37969 1.009727 1.835934 0.5604851 0.3320473 1.284426 1.466217 0.3558237 0.0677066 0.08857655 2.883708 0.6195734 1.578794 0.7907232 0.8691765
3.710168 3.963835 3.365521 2.531764 2.340508 2.755412 2.890489 2.608614 2.189694 1.747482 1.677604 2.141657 3.737272 3.072384 1.802169 1.182864 1.229086 1.912623 2.728056 3.329599 3.049744 2.336121 1.514907 0.9886063 0.7707588 0.3588733 0.4611049 0.5801354 0.4977272 0.3468307 0.1706534 0.5244389 0.5223003 0.7730932 0.8487411 0.6439407 2.153539 2.052242 3.95714 3.886464 3.310622 1.037269 0.3839682 0.7603881 1.367913 3.348666 1.391225 0.2362128 2.415261 1.436565 1.797514 3.058898 2.427547 1.105495 2.722536 1.079056 2.083408 0.6366241 0.9998116 1.157205 2.807904 2.256705
3.524377 3.688806 2.850372 1.210145 0.3764004 1.360129 2.171628 2.333826 2.204233 1.963893 1.960276 2.052244 2.650839 2.391043 1.791436 1.440233 1.442137 1.78237 2.026525 2.469555 2.349952 1.829194 1.301785 1.093765 0.6910552 0.5803788 0.2152254 0.3374292 0.4703894 0.3712502 0.6536556 0.8625418 0.7717836 0.7446825 0.8351356 0.9667787 0.5439379 1.401244 2.895809 2.872732 1.206114 1.152893 0.8125582 0.9662125 1.218389 2.1752 1.684918 1.914396 3.404911 2.401689 0.7784393 2.68558 3.361444 1.168128 1.206638 0.5217273 1.141218 2.348008 1.196753 0.2481604 1.324752 1.859775
2.948092 2.857511 2.145188 0.8862486 0.2455208 1.020983 1.822905 2.1479 2.175126 1.967864 1.986911 1.751127 1.9554 1.839416 1.467985 1.148743 1.288108 1.54986 1.758288 1.904538 1.549934 1.003693 0.6525024 0.9614328 0.849204 0.4628514 0.4121309 0.4311724 0.3912916 0.2815281 0.4537299 0.5683473 0.5153785 0.6596623 0.8445255 0.9794291 0.8713138 1.338435 2.317124 2.316046 1.828513 1.266252 0.8712915 1.004346 1.176849 1.306442 0.004456464 3.954636 2.600994 1.367311 2.104839 2.014045 0.4471319 0.7305706 1.052176 0.8448094 1.517683 1.830743 1.195027 0.8875555 1.398277 2.055322
2.334597 2.240679 1.881778 1.355577 1.095084 1.36148 1.771469 2.014318 2.129288 1.931654 1.913063 1.48765 1.562466 1.374207 0.7973583 0.4283948 0.7196622 1.222493 1.431541 1.486234 1.137792 0.4615095 0.02495776 0.6567925 0.5641632 0.4470955 0.4293813 0.4023226 0.2011338 0.02073264 0.2408869 0.3424077 0.3744961 0.3559757 0.6276683 1.130652 1.18685 0.6669816 1.784789 1.939983 1.875949 1.333132 1.02592 1.006084 1.091505 1.204315 1.153829 1.880312 1.975852 1.581729 2.099323 1.59677 1.292929 0.9664225 0.6964926 0.822285 1.135767 1.228043 1.055537 1.052091 1.831849 2.586706
1.702115 1.731757 1.696951 1.579931 1.526564 1.638192 1.826774 1.972406 2.040581 1.873606 1.869181 1.501183 1.283572 1.082997 0.4411274 0.00721847 0.3491682 0.964142 1.219973 1.289663 1.051889 0.6395279 0.5188828 0.6168506 0.5466447 0.4272507 0.4673966 0.3861787 0.2283775 0.09158795 0.198461 0.3904682 0.2791967 0.04559829 0.3556552 1.144135 1.443547 0.9205717 1.531263 1.778915 1.753659 1.348542 0.9951503 0.9870869 1.099015 1.039517 0.2091189 0.7559184 1.598589 1.743093 1.794421 1.427357 1.063052 0.7478971 0.09298306 0.6597334 0.9545308 1.093143 1.075728 1.421647 1.941057 2.728701
0.9616728 1.124192 1.370814 1.533882 1.633037 1.737564 1.852419 1.943944 1.826343 1.813807 1.79689 1.393225 1.167067 0.9260165 0.5723862 0.3405895 0.552021 0.8952472 1.135068 1.381428 1.099667 0.9139288 0.5998321 0.7965498 0.3936143 0.4716877 0.4126967 0.2209401 0.1966113 0.1921993 0.2678204 0.3519073 0.2861677 0.2162066 0.5617043 0.974965 1.092571 1.303829 1.637852 1.575997 1.640533 1.161751 0.9833094 0.9785159 1.082003 1.064485 0.7596501 1.030342 1.444518 1.652973 1.499946 1.18233 1.014752 0.8281977 0.5437456 0.6152906 0.9017372 1.011841 1.080747 1.581504 1.802889 2.333131
0.2681132 0.5098201 0.977971 1.353295 1.582939 1.73104 1.838318 1.911159 1.780854 1.976026 1.695652 1.340064 1.145073 0.9912924 0.8068721 0.7053019 0.8527574 0.9965963 1.133855 1.381093 1.154658 0.7981067 0.735925 0.7370279 0.6063773 0.4278864 0.4211116 0.2373509 0.2313159 0.2823042 0.2627308 0.3372383 0.3468764 0.3340028 0.7070297 0.844741 0.9271692 1.436564 1.595648 1.515749 1.622513 0.8973127 0.7379748 0.9789962 1.100443 1.210731 1.152856 1.361616 1.516765 1.421852 1.458179 1.371921 1.02159 0.9291568 0.6861309 0.6952299 0.8988943 0.9824693 1.460847 1.609816 1.8229 2.166903
5.336409e-031 0.2347723 0.7447962 1.199926 1.500425 1.686628 1.804215 1.724766 1.741405 1.721586 1.656527 1.124149 0.9679354 1.072723 0.9770029 0.9280644 0.9509254 1.101513 1.169016 1.411178 0.9036742 0.8522668 0.8061706 0.7956753 0.6419938 0.4381823 0.1962132 0.2493405 0.299306 0.319859 0.2889676 0.3645161 0.3851099 0.3740399 0.7699751 0.8433754 0.9047289 1.511477 1.648159 1.516921 1.36267 0.8844851 0.850485 0.9880223 1.553417 1.322724 1.322191 1.523766 1.343543 1.396069 1.18706 1.37616 1.040531 0.9895424 0.7430322 0.7399851 0.848066 0.9668072 1.567606 1.646232 1.809773 2.11807
