rasters-batsmen/chrisgayle.asc
ncols         108
nrows         21
xllcorner     -3.075
yllcorner     -1.575
cellsize      0.15
NODATA_value  -9999
[rows 0 to 20 of 21, columns 0 to 60 of 108]
2.6218e-007 0.3016724 0.5300492 0.5440013 0.6994962 0.9333107 1.028086 0.7740376 0.286013 0.06479938 0.5146495 1.27019 1.987233 2.60342 2.852387 3.076236 3.4338 3.649888 3.706516 3.761938 3.656214 3.418413 3.229641 3.103346 2.06237 1.662953 1.481234 1.270505 0.7379711 0.8349507 0.7626613 0.6617185 0.2982829 0.2593451 0.4187509 0.9000349 0.9855525 1.774322 1.841554 1.63667 1.715769 2.001227 2.001347 2.233982 2.351477 2.503979 3.591465 3.904972 3.391246 2.623322 2.488923 1.569254 0.9936504 0.8917146 0.9927908 1.10337 1.185721 1.319135 1.64434 1.903009 2.352199
0.3574968 0.4727291 0.3993055 0.1418206 0.4566053 0.9704328 1.194945 0.9209647 0.3171892 0.09205034 0.6581274 1.429432 2.171406 2.777331 3.004601 3.200996 3.454644 3.604513 3.692793 3.78924 3.713974 3.416822 3.311462 3.134372 2.097485 1.652258 1.411849 1.158939 0.6807852 0.7494769 0.7164885 0.3671334 0.3109239 0.2232016 0.3011115 0.7469851 0.9669502 1.803304 2.156097 2.09373 1.829425 2.06373 2.006049 2.241605 2.364394 2.71967 3.455277 3.959377 3.494298 3.012571 2.462787 1.433568 0.8836197 0.7235183 0.6863891 0.9994618 1.483208 1.343953 1.462041 2.232347 2.329771
0.8635076 0.5771392 0.1174401 0.2096384 0.6084588 1.228345 1.423546 1.455118 0.8421956 0.5291826 1.311148 1.865733 2.362067 3.002928 2.974246 3.154911 3.429258 3.370211 3.558461 3.923169 3.872524 3.681644 3.43257 3.379233 2.250117 1.616415 1.317267 1.091331 0.6585195 0.5686163 0.6544359 0.3938203 0.3189901 0.09687117 0.1174444 0.6594762 1.173658 1.595368 2.254151 2.340708 2.245601 2.040854 2.01871 2.367795 2.428611 2.658043 3.340006 3.803692 3.677856 3.592672 2.68198 0.8484249 0.3012104 0.573491 0.02890309 0.893057 1.502705 1.372759 1.712135 2.319398 2.305062
1.385476 1.024523 0.5030959 0.9320828 1.353756 1.767865 2.219257 2.471419 2.389551 2.093351 2.35923 2.434034 2.696319 3.076359 3.428088 3.643574 3.505557 2.921631 3.453189 3.961264 3.881708 3.776157 3.745559 3.501454 2.460541 1.470646 1.131853 0.9718786 0.3658721 0.1843339 0.6523376 0.4548085 0.4387366 0.3047058 0.3802189 0.8467949 1.34348 1.709854 2.287582 3.018851 2.943689 1.790023 2.047059 2.440565 2.587233 2.163046 2.119949 3.64355 4.164172 4.305851 3.781022 1.524776 0.8392856 0.6144003 0.7118556 1.287632 1.489688 1.32646 1.597502 2.756584 1.961527
2.068338 2.070411 2.447548 2.454057 2.240314 2.397467 2.602732 3.547141 4.401993 3.651355 2.975683 2.85682 2.928211 3.0197 3.421635 3.975006 5.293993 1.263028 3.159926 3.676319 3.939366 4.001224 3.981841 3.65218 2.469879 1.2891 0.304576 1.228549 0.1843498 0.4933483 0.7831663 0.4455144 0.521496 0.4101515 0.2375253 0.7213191 1.300175 1.555305 2.061675 2.361699 1.676924 1.098628 1.792365 2.395223 3.949685 2.417294 0.4820199 3.767442 4.421016 5.301732 5.118476 2.577155 0.8372929 0.7391118 1.226091 0.7690643 2.009852 1.111968 0.6382489 2.087299 0.9713264
2.787113 2.709907 3.646132 3.393779 2.757416 2.963858 3.01288 3.430479 5.874627 3.918751 3.166335 3.041384 3.038016 2.899312 2.907252 3.572843 4.30738 3.067875 3.096793 3.886634 3.957983 4.649669 3.951316 5.024549 1.483573 1.613892 2.000093 3.925031 0.8037857 1.055444 1.054511 1.070081 1.136446 0.4908044 0.102684 0.5206615 0.8724133 0.6585748 1.273678 1.477764 1.400541 4.082498 1.086005 3.021444 4.661081 3.990106 3.336333 4.199636 4.756606 5.147583 4.912464 2.662763 0.2948718 0.02444959 1.747215 1.934135 1.355323 2.114941 1.763534 2.387213 1.723016
3.761978 2.849839 1.66138 1.949549 2.937212 4.152502 3.375233 1.195051 2.534246 2.966432 2.999 3.106525 3.15682 2.78934 1.486008 3.142473 3.035411 2.823834 2.606969 1.847577 3.938946 4.678739 3.777653 2.616609 1.704112 1.729682 1.513886 2.035954 1.189168 1.315759 1.433928 2.143369 2.607129 0.3825105 0.3975632 0.7868229 1.286455 3.395046 3.585919 3.418481 1.956151 1.239984 2.137566 3.213229 3.088921 3.726331 4.313041 4.503195 4.57913 4.697907 3.42348 3.400706 2.444535 1.167469 2.23195 2.547867 2.071042 2.765447 3.157708 5.405495 1.825461
3.615824 2.524529 0.4937478 1.047932 3.039909 5.551852 4.233544 2.213365 2.119761 2.25183 1.258212 3.243695 3.342218 3.626831 5.447478 3.853943 2.581894 1.637113 1.609081 2.677456 3.681817 3.741993 3.235982 1.942044 1.938713 1.935277 1.910546 3.380604 1.714239 0.5243397 1.232908 3.512305 1.606016 0.7469465 1.309736 0.9460422 0.5071445 1.679097 2.172969 3.97894 2.670347 1.247873 4.0256 2.577642 2.164145 2.386853 4.304314 4.671643 4.072196 2.002717 1.366726 0.569891 2.900107 2.596062 4.604122 0.7994786 0.5290967 1.83238 0.5380325 3.80523 0.5230101
2.664382 2.126725 1.497141 1.760405 2.450037 3.117262 2.499528 1.849587 1.897456 1.287254 2.891814 3.070617 3.1595 3.452415 4.013159 3.046508 1.914795 0.6806711 0.4111238 1.77016 3.416239 2.6876 1.787949 0.3039542 2.857925 2.200288 0.2247395 0.9491313 1.757801 1.193536 1.557527 3.52716 2.344653 0.6698052 0.9382734 0.5819146 0.1662154 0.6909705 3.519912 4.504388 2.482733 2.871413 2.635098 2.444521 1.172068 2.518783 4.0629 3.604396 3.191231 3.656024 1.878495 0.5645853 5.089047 1.627358 1.882838 0.6339873 0.4538797 1.415333 1.418126 0.7566855 0.1699226
2.361407 2.119695 1.898705 1.834247 1.646092 1.603616 1.481364 1.10484 1.677206 1.940997 2.16374 2.414885 2.684504 2.965311 2.801819 1.818332 1.125502 1.047695 1.007476 1.044532 1.607424 2.897717 0.2258743 1.17812 1.463198 1.553595 1.820767 3.895863 2.761044 1.030521 1.679615 1.343785 1.952361 0.9070426 0.7439895 0.7733565 0.0767449 1.089495 3.389651 2.938295 1.505779 2.050178 2.947876 2.97953 1.569611 2.458608 4.307608 3.553428 4.207266 4.949309 1.79412 0.9037113 0.4760987 0.9277115 3.846634 1.361375 1.185002 1.298484 0.4196836 1.120829 0.3788806
2.159219 2.00384 1.863882 1.681472 1.313744 1.154013 1.43161 1.243235 1.230804 1.636791 1.710085 1.659863 2.271487 2.859314 2.744365 1.741199 1.156982 1.015231 1.089801 1.387299 1.726106 1.757047 1.054804 3.733976 0.06229746 0.6449426 1.386736 0.6307719 1.4568 0.8088101 0.3165018 0.6915822 0.7388345 0.7827076 0.2719823 0.413912 0.08707988 0.4032378 0.2108171 0.998227 1.268362 3.408747 2.528272 2.194179 0.5648939 1.030706 1.006972 1.23055 1.689714 5.984726 1.435027 2.782876 2.257724 1.822826 0.7449414 1.205113 1.221107 0.3462171 0.774726 4.682215 0.8373528
2.036542 1.913447 1.708675 1.513766 1.494113 1.620411 1.63091 1.286196 1.602178 1.725838 1.352203 1.072089 1.932977 3.137427 3.728911 1.95242 1.170981 1.120028 1.275296 1.358038 2.40591 4.110597 2.252007 2.179466 1.042986 0.5816196 1.272591 1.694547 1.694083 0.4661631 0.3591732 0.7871485 0.7464049 0.6899632 0.7058055 1.068547 0.522242 0.493081 0.8568782 0.9684335 0.8781828 1.680255 0.8723882 2.887898 1.210175 1.582466 3.084191 2.270084 1.443203 1.3417 3.46383 2.013749 0.6451065 0.5224012 1.111994 3.132212 1.238159 0.6100741 0.7255564 1.164789 0.636396
1.933119 1.784769 1.535163 1.149932 1.189491 1.903894 3.027117 4.357918 2.969687 2.120553 1.631835 1.469843 1.464132 1.675196 2.240622 1.515288 0.4640827 0.7921215 1.965916 2.830134 2.991122 2.805719 1.916404 2.58985 1.643577 1.912053 1.493658 1.688715 1.134702 0.9063817 0.6385174 0.9734725 1.624783 1.464146 0.3260007 0.7104407 0.3560981 0.2492133 0.2299413 0.1162515 0.2667754 1.395205 2.182762 1.662381 0.5753815 0.5210404 0.6282181 0.653134 2.619871 2.055778 1.415151 1.804503 1.651234 1.511172 1.505034 2.451422 1.017277 0.1095553 0.4435026 0.3113243 0.2907625
1.831805 1.722328 1.538126 1.263422 1.396502 2.196275 3.779635 5.506215 3.662377 2.167234 1.737433 1.475648 1.165358 1.12127 1.247727 1.307775 0.9260878 1.368943 3.202471 3.657962 3.110832 1.14449 1.45351 2.008045 2.330256 3.831326 0.6409186 0.8135052 1.207611 0.9735129 1.21447 1.501661 3.640941 1.143764 0.6460011 0.1226451 0.1952135 0.02184344 0.1215779 0.02736256 0.2170426 0.858223 0.8371941 0.3820268 0.8641773 0.6406422 0.2323928 0.3376976 1.598239 2.20971 1.530122 1.052334 1.444251 2.941057 0.5247776 0.9699202 0.3370081 0.3271587 0.2457719 0.3240009 0.07989656
1.764527 1.720182 1.66183 1.579392 1.712927 2.268516 3.044049 3.433724 2.651507 1.682313 1.256641 1.228229 1.24537 1.120667 1.132667 1.341788 1.58849 2.072252 2.929583 3.262768 2.775305 2.235591 2.111875 2.069557 2.246821 2.141965 1.253273 1.053992 1.170654 1.281023 1.424862 1.597255 2.262869 1.827665 0.8933173 0.4133354 0.1785903 0.1240403 0.1240792 0.137327 0.2905359 0.5137261 0.6978015 0.5242833 0.2110593 0.2149125 0.009328466 0.2838425 1.253728 1.646774 1.470748 0.5661141 0.8086228 1.280185 0.6881171 0.6188634 0.3477871 0.3310257 0.1784708 0.0849639 0.08971829
1.658404 1.676085 1.617454 1.703852 1.797376 2.104576 2.212966 2.253564 1.613236 0.6692712 0.4461361 0.9126267 1.216553 1.31368 1.276172 1.430799 1.816971 2.156517 2.444419 2.687455 2.709056 2.457609 2.369565 2.281605 1.913194 1.652603 1.48842 1.303468 1.492052 1.535071 1.46515 1.408307 1.649726 1.443313 0.9966421 0.6626732 0.4153773 0.1046974 0.1457078 0.1050497 0.2932248 0.4290755 0.8482572 0.2517378 0.1280477 0.1007069 0.2030428 0.4530509 1.075874 1.326424 1.223346 0.1389725 0.4749867 0.8241692 0.438718 0.5423448 0.4243405 0.3761654 0.1529945 0.1152112 0.1253042
1.457891 1.425371 1.532422 1.659595 1.711936 1.882207 1.767782 1.671627 1.117654 0.2878434 0.1336243 0.7633265 1.162152 1.401357 1.500906 1.458886 1.846425 2.123945 2.324661 2.434209 2.623524 2.492212 2.445543 2.304565 2.044589 1.766101 1.515223 1.384013 1.649471 1.593052 1.379995 1.302394 1.397418 1.267887 1.007568 0.7582884 0.4458776 0.1165255 0.1614605 0.1197514 0.3149398 0.4817129 0.4892731 0.2623301 0.1285712 0.1167079 0.1224233 0.5520616 0.7007649 0.8164031 0.976602 0.510764 0.6426736 0.8254458 0.7297119 0.7477666 0.6643825 0.3284135 0.147977 0.1348271 0.1658187
1.114781 1.144391 1.321395 1.402884 1.591542 1.680059 1.60618 1.44379 1.087425 0.6769644 0.5856418 0.9111981 1.185551 1.458025 1.575948 1.477294 1.857786 2.036348 2.210716 2.450098 2.37512 2.472756 2.465466 2.150037 2.215572 1.748135 1.507587 1.462246 1.593941 1.627019 1.593142 1.439415 1.212953 1.179561 0.9392056 0.7944466 0.4957938 0.0629017 0.06564599 0.06539226 0.3287704 0.4298946 0.422973 0.2037108 0.133203 0.185433 0.3452664 0.609135 0.685036 0.7703547 1.020133 0.8584204 0.8304582 0.6866924 0.8133581 0.8371221 0.7131407 0.3346235 0.1461522 0.1419304 0.19273
0.5882816 0.7352179 1.011169 1.19128 1.416358 1.341902 1.460297 1.368198 1.18751 0.9763661 0.9441636 1.126748 1.382776 1.521775 1.630108 1.477055 1.852699 1.987785 2.30084 2.335629 2.30746 2.446177 2.236602 2.151102 2.235894 1.976029 1.437515 1.791297 1.620174 1.642864 1.573261 1.38258 1.071207 1.129277 0.9164518 0.7480762 0.52656 0.1299526 0.06739193 0.06701141 0.3386307 0.4313743 0.1486111 0.1402338 0.1376248 0.1980605 0.3784499 0.6429799 0.6830137 0.7615856 0.8485922 0.873895 0.9285285 0.7231427 0.8558707 0.8172191 0.742079 0.3398929 0.1460071 0.1446035 0.2119433
0.1658319 0.3318965 0.6411154 0.8394757 1.255526 1.322121 1.368901 1.338705 1.259041 1.138446 1.212537 1.399175 1.494038 1.590325 1.677107 1.471663 1.843943 1.950967 2.038734 2.291628 2.258792 2.25134 2.217912 2.148518 2.255263 2.182453 1.721786 1.817994 1.633681 1.574749 1.55918 1.34613 1.014008 1.034888 0.8977774 0.627413 0.545952 0.477033 0.06880557 0.06825224 0.346585 0.1486789 0.1476356 0.1422091 0.1413014 0.2067742 0.3970853 0.4159837 0.4916387 0.6999257 0.8768061 0.7433392 0.9878311 0.7522907 0.8258506 0.774176 0.7629412 0.07231277 0.1464021 0.2139132 0.2235474
3.426572e-031 0.1325009 0.4088489 0.7173252 1.137637 1.231922 1.306243 1.318778 1.294929 1.215712 1.328709 1.353875 1.588259 1.654435 1.664338 1.732838 1.836141 1.923663 2.175881 2.262928 2.223041 2.222868 2.200876 2.338444 2.271294 2.210065 1.736238 1.763062 1.640106 1.567721 1.5492 1.253979 0.9755318 1.006378 0.8819898 0.6233793 0.5585431 0.5016229 0.06990658 0.06975982 0.07443403 0.1487331 0.1471663 0.1444598 0.2112941 0.2130324 0.4099681 0.4233486 0.4969091 0.7049024 0.4943695 0.7035964 0.9644606 0.7745068 0.8462863 0.7861621 0.7096889 0.07226622 0.1470216 0.2207178 0.231022
