rasters-batsmen/davidmiller.asc
ncols         108
nrows         21
xllcorner     -3.075
yllcorner     -1.575
cellsize      0.15
NODATA_value  -9999
[rows 0 to 20 of 21, columns 0 to 61 of 108]
2.961912e-007 0.4651586 1.494356 2.350507 2.844878 3.107274 3.267238 3.388829 3.439821 3.569869 3.755908 3.700679 3.429763 3.599776 3.247571 3.155697 3.27244 3.276227 3.011412 2.91484 3.071 2.835482 2.725716 2.240408 1.835334 1.556684 1.405297 1.365506 1.248847 1.068688 1.110882 0.9925983 0.9763117 0.9368721 1.177164 1.326394 0.7809242 1.250231 1.281742 1.240383 1.449294 1.82603 1.877982 1.827637 1.751801 1.513806 1.257622 1.538182 1.504464 1.757865 1.840138 1.91839 1.676441 1.728896 0.9432166 0.8802608 0.6800345 1.360156 1.27187 1.229803 1.2165 1.094931
0.5054815 1.063203 2.035388 2.786154 3.135592 3.275726 3.374408 3.491094 3.610013 3.869162 3.853776 3.605367 3.49346 3.576507 3.274018 3.000346 3.206195 3.08548 3.095527 2.97791 3.043465 2.855137 2.643382 2.124393 1.843181 1.568201 1.409392 1.369134 1.077045 1.084827 1.111917 0.9928436 0.9753843 0.8596649 1.171631 1.284045 0.9483035 1.119659 1.021944 1.115413 1.440977 1.910943 2.056933 1.945794 1.79099 1.749178 1.230982 1.469635 1.471457 1.693252 1.777924 1.862052 1.839989 1.698731 0.8732275 0.8825264 0.7588707 1.402286 1.267426 1.257429 1.247413 1.116006
1.682418 2.254694 3.053063 3.54751 3.515688 3.423956 3.434887 3.577417 3.757206 4.007506 4.012169 3.860877 3.709158 3.534853 3.368924 2.995275 3.275722 3.241855 3.238965 3.150447 2.984177 2.684726 2.496776 2.115006 1.757925 1.581184 1.413753 1.372883 1.138273 1.155871 1.115128 0.9757995 0.9600184 0.8919963 1.143411 1.169239 1.102535 0.7404596 0.8420203 0.9621102 1.402863 2.078798 2.5016 2.269228 1.938606 1.763004 1.177138 1.300665 1.631749 1.589312 1.678531 1.761598 1.774137 1.661006 0.8791814 0.8878628 0.6952297 1.242893 1.259103 1.288527 1.296756 1.160995
2.717229 3.310835 4.04455 4.436635 4.061355 3.449696 3.36949 3.634701 4.095439 4.107424 4.260229 4.161896 3.882432 3.459146 3.15961 2.99926 3.47893 3.622115 3.49035 3.262165 2.951985 2.249985 2.209104 2.174793 1.822165 1.578861 1.461273 1.407705 1.343064 1.172788 1.084706 0.9802787 0.8940711 1.032604 1.108953 1.246885 0.9286152 0.556969 0.5945162 0.6474601 1.239898 2.240563 3.534963 2.644767 1.935133 1.645815 1.582874 1.273189 1.497091 1.380164 1.489554 1.378179 1.558788 1.73307 0.8943782 0.8965924 0.713389 1.20167 1.246484 1.364503 1.420219 1.26443
3.302353 3.903305 4.814893 5.669345 4.506609 3.118042 3.126279 3.744961 4.4544 4.611564 4.595136 4.749629 4.300332 3.297714 2.519111 2.767332 3.656537 4.273624 3.935321 3.467337 3.062554 1.457152 1.993076 2.466672 1.750815 1.512765 1.350017 1.621188 1.426937 1.27661 1.141272 0.85076 0.6816235 0.8362658 1.261794 1.21978 0.9454843 0.1035153 0.6049229 0.3111886 1.055301 0.6506212 5.035126 2.48712 1.657521 1.298746 1.073103 1.319562 1.369573 1.047906 1.435339 0.3291695 1.532499 1.658331 0.9170946 0.9419318 0.8027307 0.9831771 1.19032 1.411524 1.398674 1.564574
3.500783 3.97054 4.705175 5.432593 3.421189 1.698766 2.403537 3.427261 5.443896 5.129765 4.715515 5.854157 4.849149 2.918133 1.462176 1.880242 3.480114 5.965659 4.069443 3.994173 3.636606 2.873926 3.561423 2.86975 0.9946755 1.634543 1.385672 1.328085 1.100668 1.994635 1.048323 0.7839521 0.3633105 1.014454 2.173353 1.444061 1.792849 0.8579352 0.6988815 1.006559 0.4741421 1.496079 2.267304 1.483968 1.225453 0.7682951 0.7921251 1.593724 1.150867 1.902026 2.306838 2.39693 1.97952 1.409353 0.9106554 0.7980619 0.9610344 1.041084 1.334417 1.421343 1.235447 1.957195
3.462867 3.697975 3.909518 3.685543 2.282454 1.341771 1.650335 1.897435 5.040469 4.878305 4.202821 4.577878 3.897877 2.297296 0.2676913 0.8580216 1.454299 3.487157 3.145557 4.846473 3.738692 3.702084 3.025424 2.26072 1.837583 1.890715 1.388821 0.9320457 0.3817821 0.4026118 0.7621815 0.7093557 0.767666 1.409078 1.759551 2.299583 2.004373 2.402622 2.159825 2.460485 0.8910472 1.899749 2.79697 2.274603 1.206632 0.4328533 0.4308937 1.939008 1.85129 1.94337 2.722649 3.219535 2.417451 0.7325732 0.9050898 0.9897575 0.2265396 0.812657 1.105116 2.045045 1.380764 0.9815385
3.339586 3.396595 3.353918 3.07803 2.581389 2.325505 2.319234 3.209188 5.850485 4.858198 4.035353 3.506476 2.312722 1.95596 1.302072 1.215951 1.108592 2.786031 2.746792 2.726748 2.648513 3.269912 3.019682 2.142109 1.897286 0.9933823 1.537668 1.397259 0.7183354 0.6504478 0.6123257 0.7109383 0.6149936 1.09081 1.610689 2.704419 1.972636 5.224103 1.480362 0.1233989 1.355517 1.681004 1.153448 2.22524 1.406237 0.5690627 0.5988562 2.646775 4.32765 1.807485 1.228773 1.918668 1.405264 2.885281 0.8961992 0.5774931 0.9210105 1.306965 1.097379 1.661628 1.643441 0.6977984
3.184959 3.181608 3.063096 2.844791 2.604748 2.550954 2.881615 3.746819 4.737348 4.401095 3.897781 2.911038 1.101478 1.809243 1.948545 1.958346 2.195606 3.788741 3.013597 2.669969 1.607058 5.443701 4.019521 2.138103 2.823726 1.463971 2.475092 2.591199 1.467677 0.904369 1.204878 0.9992351 0.7106362 1.003521 1.262074 1.446937 1.697974 1.664207 0.9800843 0.7736551 0.9629846 1.203386 1.229933 1.533122 1.338188 1.533394 1.002964 2.115248 4.075904 4.289852 0.6727859 1.34536 3.427255 4.661057 0.7740889 1.817753 1.442288 1.095681 1.429972 0.9243374 3.304274 0.6547675
3.069447 3.006833 2.87531 2.596198 2.17385 1.810096 2.339569 3.352265 3.971049 3.993238 3.95899 3.48237 2.640251 2.410031 2.238894 2.097452 2.315868 3.317942 3.281063 2.201137 1.347454 1.866903 0.8020361 1.41624 1.983768 1.965979 2.002517 1.664737 0.5630792 1.468304 1.472515 1.108224 0.9939549 0.8669561 0.9916117 0.8082597 0.2260946 0.6372308 0.8764124 0.7528374 0.9681098 2.431947 0.6295006 3.691467 0.5849959 1.169787 0.3463008 1.290641 3.277834 1.398548 0.5317328 2.585466 1.697444 0.4312959 2.351544 1.834688 1.619794 1.630066 1.150338 1.017761 0.289848 0.6980734
2.978662 2.900392 2.579698 2.41964 1.801522 1.040772 1.646111 2.986533 3.73519 3.967179 4.116049 4.703691 3.928446 2.769225 2.052044 2.347762 2.805834 3.419777 2.788751 1.506765 1.123333 0.9324861 1.581066 3.947182 2.139329 2.047021 1.451237 2.419749 2.875458 1.470749 1.059866 1.006608 1.054684 1.101762 0.9912236 0.2533782 0.3388687 0.2544541 0.6790453 0.9918402 0.7565902 1.291698 1.771314 1.160094 0.3303728 3.542949 2.447522 1.649717 3.40492 1.821351 1.210715 0.4665 1.431375 0.5118493 0.5798836 0.772122 0.359126 0.8389364 0.1564324 1.692999 0.7401036 0.8420712
2.714811 2.659593 2.724531 2.447642 2.023446 1.685751 2.097331 2.993085 3.570854 4.025219 4.685285 5.93927 4.583504 2.186208 1.112159 1.997524 3.093979 4.871091 4.18584 1.648691 1.813047 1.03242 1.6902 3.348524 1.37607 2.000091 1.451116 1.842996 1.647208 1.760645 1.032576 0.9838426 1.077052 1.267277 1.148877 0.9617574 0.7371647 0.6408353 1.161872 1.559714 1.735451 1.485692 1.427987 1.374202 2.009433 2.223013 1.343962 0.8786164 2.482005 1.751435 0.7141778 0.602795 1.389051 1.076303 1.306971 1.333851 1.540094 1.230269 1.680529 2.139516 1.031269 0.5948308
2.637339 2.612901 2.744912 2.600422 2.435422 2.415703 2.678364 3.165425 3.528696 3.94428 4.392495 4.794653 3.99184 2.251377 1.50906 2.090788 3.028313 3.729377 2.942325 1.34922 1.191233 1.022651 1.460961 1.907026 1.727382 1.75259 1.273422 1.192132 1.116773 0.5397645 0.4502437 0.8250927 0.9173046 1.179433 1.375476 0.9805355 0.4129417 0.4996396 0.496171 1.342698 1.618544 1.361877 1.54329 1.785723 1.283552 1.873209 1.366956 2.189507 2.166906 1.359966 0.2539073 1.083414 1.357472 1.653371 1.089418 2.046548 2.794562 1.896054 1.785357 2.591366 2.264002 0.9690415
2.535498 2.775132 2.57548 2.552105 2.544046 2.611112 2.805864 3.301172 3.480806 3.757697 4.109952 3.903227 3.325894 2.650169 2.347236 2.42012 2.727398 2.643978 2.008073 1.456149 1.323106 1.25938 1.46233 1.63732 1.45769 1.42286 0.743287 0.4185775 0.5614122 0.6041265 0.4234386 0.5622875 0.3893767 0.6389046 0.9832594 0.9314251 0.6125289 0.4475249 0.6530339 0.9823986 1.228484 1.130522 1.082371 1.168398 1.118437 0.352775 1.224833 1.228523 1.86052 1.901095 1.664454 1.497047 1.290913 1.020387 1.190706 2.110162 2.157223 1.979972 1.797336 1.408112 1.716631 1.397336
2.374756 2.45913 2.511004 2.567208 2.637796 2.74602 2.909055 3.126884 3.42264 3.77741 3.856656 3.37975 3.152584 2.804667 2.660942 2.52215 2.543588 1.971587 1.784924 1.567405 1.556203 1.346911 1.441201 1.485001 1.115181 1.037939 0.1606986 0.2936105 0.4987902 0.5519788 0.5565643 0.5182756 0.3053898 0.4396777 0.8164445 0.804419 0.6777356 0.2799977 0.1586733 0.693472 0.6402688 0.709612 1.004497 0.9792981 0.7874042 0.674312 0.3348412 0.3069418 1.289341 1.699579 3.103706 4.352004 1.421511 1.035775 1.123088 1.75126 1.889121 1.634936 0.8636518 1.104167 1.335883 1.304574
2.147527 2.232031 2.347946 2.47666 2.609846 2.751606 2.907574 3.084148 3.079764 3.684971 3.720727 3.20131 2.949497 2.877515 2.745778 2.525464 2.161585 1.800149 1.695022 1.764282 1.682054 1.664455 1.423001 1.32425 1.000736 0.669924 0.4797019 0.5118128 0.4161301 0.4934012 0.5054141 0.5106642 0.5659583 0.6379554 0.7534246 0.7115916 0.6149896 0.3221626 0.2073749 0.5104829 0.2809881 0.2033762 0.6856803 0.8510239 0.6354525 0.6598065 0.6461017 0.5770531 0.3775648 1.121508 2.328182 2.747167 1.451124 0.1459744 0.8448029 1.474684 1.214049 1.291542 0.3486539 1.130229 1.519133 0.933774
1.749317 1.871252 2.061092 2.27507 2.480746 2.667956 2.838435 2.826159 3.211336 3.320076 3.13854 3.070951 2.869055 2.863142 2.758208 2.504599 2.103905 1.712705 1.645854 1.808015 1.755238 1.660033 1.40547 1.336826 1.025533 0.7440099 0.5784259 0.575098 0.4411869 0.4790908 0.4896852 0.5359158 0.6152197 0.6545637 0.7370394 0.6273504 0.6133617 0.617712 0.5336979 0.5810604 0.5308063 0.5372071 0.6089264 0.7890871 0.5609229 0.8172216 0.8866495 0.7612891 0.2695631 0.7547929 1.582215 1.658488 1.239637 0.5202839 0.8765492 0.9942737 1.082396 1.345875 1.075858 1.423063 1.257409 0.9585434
1.21714 1.370007 1.650095 1.973313 2.272072 2.521977 2.725071 2.913246 3.114798 3.221064 2.969945 2.985622 2.653832 2.837439 2.475404 2.158936 2.015577 1.661324 1.614856 1.558857 1.733485 1.681077 1.321483 1.316039 1.03439 0.8034145 0.6763601 0.4413338 0.4622083 0.4802974 0.4902664 0.5550725 0.7063357 0.6704531 0.7334236 0.6518474 0.6328622 0.7337272 0.670379 0.6799156 0.5118632 0.5597405 0.6802645 0.7143432 0.551074 0.5570855 0.9840798 0.9306712 0.7731363 0.96472 1.237633 1.412839 1.210296 0.9535745 0.990324 1.29993 1.292784 1.471927 1.281454 1.429627 1.189992 1.078754
0.6290321 0.8003669 1.175498 1.619582 2.021715 2.343103 2.598304 2.808288 3.017971 2.870448 2.862618 2.573425 2.596972 2.532882 2.451033 2.130023 1.993077 1.628108 1.593754 1.490882 1.744343 1.693974 1.308923 1.313454 0.9871576 0.9001559 0.5824745 0.4687722 0.4779385 0.4866394 0.4962802 0.5685091 0.4086013 0.6761737 0.6784762 0.6493801 0.6516209 0.6500354 0.6452643 0.7065734 0.5754972 0.6083318 0.6992484 0.6426398 0.54906 0.5186576 0.780228 0.9123884 0.9312298 1.059718 1.197583 1.249301 1.231589 1.060816 1.151621 1.262152 1.250555 1.548164 1.382592 1.530651 1.232079 1.105089
0.1661419 0.3390998 0.7759191 1.307043 1.788349 2.168085 2.470795 2.702744 2.665965 2.718424 2.772127 2.494106 2.552358 2.499378 2.371032 2.107351 1.978136 1.605158 1.578625 1.473317 1.748882 1.62946 1.302908 1.318939 0.9985556 0.5778704 0.4941647 0.4858984 0.4899119 0.494144 0.503434 0.4616668 0.406012 0.6792977 0.6754028 0.6519216 0.6676309 0.5210192 0.689495 0.7584465 0.6110378 0.6327978 0.6458084 0.5069332 0.5519766 0.5333353 0.848233 0.8965857 1.012525 1.093798 1.16475 1.092611 1.234369 1.108456 1.165298 1.321857 1.277256 1.601747 1.191044 1.206428 1.266312 1.002021
3.4458e-031 0.1604504 0.5908691 1.129776 1.630485 2.039116 2.362939 2.408801 2.577768 2.629538 2.384518 2.426274 2.377714 2.47198 2.34815 2.089635 1.967411 1.907834 1.496928 1.45894 1.751799 1.630136 1.301622 1.327168 0.6121005 0.5902424 0.5058169 0.5545167 0.4993664 0.5026798 0.4505226 0.4636504 0.4041145 0.6136011 0.6747446 0.6551099 0.6245807 0.4814384 0.721102 0.5558048 0.6338055 0.6463013 0.581212 0.5050893 0.5574707 0.5463234 0.8394247 0.9448298 1.052104 1.051542 1.150196 1.061439 1.169472 1.124929 1.2022 1.300284 1.655356 1.384413 1.212557 1.225617 1.293622 1.227337
