rasters-batsmen/davidwarner.asc
ncols         108
nrows         21
xllcorner     -3.075
yllcorner     -1.575
cellsize      0.15
NODATA_value  -9999
2.345536e-007 0.3610462 1.127857 1.762903 2.157963 2.388575 2.653537 2.716362 2.726755 2.589108 2.521743 2.316898 1.985577 1.830276 1.979476 1.970394 1.864313 1.695304 1.670131 1.710769 1.578199 1.80493 1.770724 1.658135 1.559951 1.417804 1.261365 0.972318 0.9216723 0.9329252 0.7641144 0.672117 0.6025843 0.4136167 0.5680032 0.6485454 0.9009249 0.9676144 1.016487 1.05536 1.265867 1.300796 1.424943 1.306399 1.375669 1.404962 1.526129 1.411845 1.508779 1.756721 1.508372 1.030399 0.9013315 0.7747353 0.5980915 0.3344807 0.3252288 0.3206057 0.3326073 0.4084416 0.6684495 0.8609738 0.8747445 1.267549 1.935552 2.014666 2.002285 1.972197 1.871414 1.750602 1.575529 1.359969 1.107908 1.373079 1.040875 1.59982 1.636059 2.140281 2.522848 2.509104 2.338016 2.412995 2.088164 2.194666 2.413383 1.706598 1.984409 1.888157 1.77874 1.477005 1.369446 1.422657 1.373684 1.631676 1.710223 1.856414 1.876776 2.082083 2.189216 2.180818 2.118933 2.009222 1.771298 1.507285 0.9252676 0.5060948 0.1125766 0.0270956 
0.3628667 0.7455014 1.459409 2.029032 2.371596 2.565272 2.792008 2.850417 2.844242 2.911565 2.782242 2.218632 1.977922 1.973658 1.960295 1.849718 1.655402 1.599217 1.582174 1.644003 1.66085 1.828845 1.827216 1.724542 1.605153 1.426005 1.247174 0.7652314 0.6014723 0.8191356 0.7567019 0.6459116 0.3882538 0.4880534 0.4937218 0.5986124 0.8643907 0.9597435 1.021865 0.9212114 1.279802 1.610337 1.420414 1.26527 1.312864 1.405053 1.501135 1.49034 1.895355 1.941759 1.640722 1.415236 0.8896978 0.7971034 0.8108959 0.3333805 0.3216217 0.2874051 0.286177 0.3574536 0.6226059 0.7943004 0.8914902 1.298372 1.94699 2.092453 2.023936 1.972207 1.871516 1.672435 1.562854 1.345137 1.092677 1.315064 1.018488 1.153192 1.697534 2.395155 2.575895 2.543252 2.363653 2.409262 2.091351 2.182886 2.210652 2.09673 2.011711 1.881797 1.776547 1.399131 0.9473307 1.311845 1.312006 1.627133 1.772917 1.947065 1.975853 1.871561 2.187729 2.412757 2.153035 2.069042 1.847286 1.330301 1.062802 0.7838386 0.4186212 0.2826822 
1.209952 1.441342 1.946695 2.375787 2.634012 2.789785 2.86945 3.010168 3.019843 2.980407 2.786307 2.502561 2.211216 2.018417 1.82889 1.645733 1.521125 1.470181 1.46954 1.540008 1.636789 1.89896 2.01042 1.855277 1.69267 1.427404 1.272784 0.5439001 0.1496228 0.6686957 0.7891792 0.5465239 0.3461084 0.2735374 0.3886921 0.5154302 0.8328972 0.9649569 1.029628 0.987535 1.352449 1.669967 1.414522 1.322884 1.20631 1.244182 1.453364 1.775454 2.153866 2.388014 1.888436 1.430709 1.153781 1.038202 0.520889 0.3368161 0.327711 0.3343659 0.1897076 0.2272896 0.4937435 0.79766 0.9263829 1.591735 1.694285 2.098841 2.251808 1.982794 1.85457 1.293748 1.548556 1.322764 1.060879 1.446511 0.9721031 1.164594 1.795948 2.517299 2.803768 2.484512 2.397945 2.400942 2.086034 2.171202 2.101022 2.211548 2.057737 1.880787 1.7975 1.272737 0.6906965 0.9480935 1.493707 1.610938 1.908448 2.106257 2.128946 1.942659 2.412079 2.145147 2.148166 2.06633 1.607571 1.454801 1.381666 1.106319 0.9595747 0.8796 
1.792535 1.928618 2.326268 2.733994 2.967873 2.987386 3.044728 3.247554 3.207634 2.923511 2.746778 2.607278 2.185956 2.115225 1.69392 1.226289 1.354247 1.277703 1.211868 1.39731 1.617279 2.054141 2.136598 2.121006 1.794823 1.064669 1.514131 1.12354 0.9174544 0.8780643 0.8635564 0.361138 0.3697449 0.146961 0.3318724 0.3272683 0.8587723 0.9843969 1.056736 0.9728736 1.668626 1.477881 1.430692 1.205509 0.850817 1.056032 1.139228 1.800521 2.528178 3.462847 2.214151 1.356436 1.031182 0.8921362 0.4885486 0.2799649 0.3493741 0.344112 0.1017712 0.1314984 0.4252673 0.7816429 0.9857773 1.653816 1.94691 2.158464 2.272473 2.026795 1.719514 1.356385 1.533775 1.293998 0.9636819 0.8935907 0.8893617 1.087535 1.994688 2.621729 2.886094 2.546513 2.400871 2.006188 2.040714 1.888164 2.215162 2.294534 2.336183 2.063534 1.713851 1.297794 0.473985 0.7517433 1.167563 1.538057 2.003908 2.428164 2.431092 2.192986 2.313987 2.074827 2.106069 1.816435 1.711485 1.56379 1.507711 1.397688 1.244621 1.18708 
2.036493 2.276177 2.488593 3.072362 3.596351 3.143045 3.218143 3.547026 3.663045 3.239755 2.605705 2.245996 2.314047 2.25331 1.938294 1.207154 1.391593 1.277075 1.038493 1.320538 1.848272 2.117874 2.291016 2.727181 3.458271 0.3632608 2.32144 2.579798 1.431415 1.079896 0.8174039 0.3655381 0.4954622 0.8997524 1.821384 0.7826958 1.059104 0.9371839 0.8762088 0.7563617 1.676837 1.548287 1.284029 1.202436 0.4698255 0.6336145 1.035056 1.410897 2.052632 3.070535 1.866954 0.9506075 0.9159673 0.605118 0.4612251 0.4566113 0.4483346 0.4878853 0.3197551 0.1750748 0.4591219 0.8259922 1.208213 1.615394 2.045074 2.150969 2.15616 2.075567 1.723654 1.279418 1.512934 1.315122 0.533606 0.6156518 0.7651497 0.9529912 2.009496 3.80389 2.704369 2.692242 2.380497 2.14189 1.62873 1.760328 2.19676 2.567416 2.373872 1.967994 1.64784 0.7608457 0.04081655 0.4408909 0.9734687 1.164016 2.058946 3.374268 3.160939 2.452793 2.176383 1.958536 2.039822 1.869292 1.849337 1.805221 1.697577 1.367036 1.133436 1.155142 
1.920924 2.236996 2.350871 2.802086 3.466903 2.799833 3.365427 3.978691 4.825324 3.384817 2.150106 1.298511 2.140637 2.732258 2.944402 2.246238 1.597544 1.125622 1.19845 1.458237 2.163447 2.207167 2.183878 2.287401 2.489299 1.818174 2.265043 2.410318 1.552452 0.9860926 0.4477394 0.2701986 0.5609029 0.7067909 0.6754091 1.016094 1.184648 0.6720206 0.6201264 0.8248147 1.610929 1.770584 1.195759 0.9214728 0.524546 0.5677862 0.919023 1.226719 1.207818 1.037956 1.075302 0.62551 0.2933884 0.5381451 0.6363626 0.2049506 0.5072016 0.5668566 0.4626951 0.4376553 0.867265 1.202117 1.267136 1.395841 2.013812 1.953959 2.023407 2.255446 1.955612 1.075842 1.896371 1.588503 0.9056554 0.7912152 0.7491797 0.7644365 1.471202 2.407446 2.146205 5.338431 2.371004 2.117306 1.244195 1.418258 2.77877 2.96624 2.610848 1.408989 1.698413 0.03111269 0.6954489 0.6865472 0.7331641 0.03471327 1.993729 4.573757 4.110155 1.899975 1.416295 1.824612 1.824765 1.950329 2.063034 1.99103 1.69417 1.357609 1.031218 1.11164 
1.731703 1.937766 2.225322 2.106723 1.092642 2.052766 2.68399 0.5906709 3.853443 3.218216 2.259002 1.524064 2.354402 3.078975 3.963469 2.727168 1.754793 0.1238427 1.947165 3.190203 2.681692 2.515543 2.012176 1.285406 1.773225 1.737801 1.526121 1.710046 1.2945 0.6555153 0.2637988 0.4120553 0.2836353 0.5220581 0.5137343 1.450233 1.531001 0.7324079 1.88396 0.8901708 0.9666297 1.705974 3.206511 3.136629 1.256361 0.4636345 0.6517406 1.020836 1.557169 0.2904494 0.8783371 1.750841 2.1952 0.6321012 0.4019248 0.7901625 0.7755848 0.9018126 0.302631 0.742432 0.9897837 1.218223 1.385194 1.54812 2.166582 2.14336 2.200888 1.261981 1.369401 1.538236 1.089821 2.200958 1.672014 1.026824 0.4058079 0.6781103 1.476473 1.762169 1.307117 0.9390171 1.584928 1.081359 0.3714026 0.7818899 0.8833254 2.982452 5.433019 0.1184107 2.121042 1.457473 1.202841 0.7588087 0.7527604 1.045827 3.447717 2.908798 1.119085 1.151183 0.008287163 2.108903 0.1083893 2.039356 2.255299 1.915545 1.544525 1.435438 1.29725 1.194967 
1.250512 1.719887 2.014023 2.022626 1.940174 2.162923 2.169922 2.041323 2.85737 2.758598 2.663301 2.619556 2.671728 2.066046 2.807586 2.73297 2.004362 1.887726 3.560746 5.350476 3.298351 2.404871 0.8839544 3.201126 2.179628 1.448834 1.019339 1.024892 0.5785792 0.4029402 0.05385381 0.4865439 0.4095429 1.292685 0.8954809 1.241693 1.246186 1.17813 0.6554962 0.8827916 0.8094457 2.490483 1.513484 1.8529 1.88929 0.3734505 0.3620274 1.657806 1.520357 2.310483 0.4293863 2.530362 2.333184 1.59888 1.388641 1.570007 0.06121923 1.540224 0.8709244 0.9118015 1.777956 2.144863 1.010043 2.172195 3.404107 1.059104 3.684915 1.125468 0.7462668 1.631184 0.205094 0.8825952 1.401583 1.201694 2.277105 1.779975 1.070387 0.9064158 1.117671 2.112738 0.8308529 1.14421 0.3249307 0.2035217 1.179899 2.767816 2.187016 2.224606 2.527628 1.28705 1.013662 0.8819425 0.7343398 1.066176 1.548897 4.740304 1.459562 1.167674 1.021099 3.929583 3.944178 2.824578 2.353219 1.423472 0.8374829 1.191168 1.120986 1.055154 
0.4784026 1.118816 1.839454 2.026855 2.063453 2.243359 2.114482 2.047739 2.156056 2.25911 2.687203 3.208606 3.604754 0.4640833 3.175473 3.526236 2.420596 2.05408 2.176434 2.699885 3.340513 3.158543 2.01905 1.882822 0.3144715 1.343693 0.481256 1.067995 1.160643 0.2989148 0.1439679 0.7606922 1.064805 0.7152159 0.7298505 1.108919 0.6764504 0.7391927 0.7358018 0.4970231 1.581209 1.641649 1.10278 1.266811 3.995375 1.334105 0.235858 1.738449 1.787444 1.082764 0.6856615 3.337822 1.264038 1.202313 3.139115 0.9757215 0.9829577 1.244722 3.119132 1.24836 1.852721 2.249343 1.086878 1.976127 1.900397 2.414236 1.688269 2.499332 1.721122 0.1766519 0.489825 1.284142 0.7729897 1.601515 0.1183418 0.5726607 0.9409292 1.43162 1.7019 3.479048 2.286609 2.04824 0.9301528 0.859557 0.8060933 1.403026 1.230969 1.383608 1.748931 1.156278 1.003583 0.774201 0.1650106 0.8325441 1.250609 2.941283 4.809569 1.920069 1.120389 0.9763215 3.058492 2.871971 2.474728 1.185 0.09094617 0.9344632 1.339778 1.451536 
0.02586115 0.6966497 1.739622 2.126312 2.23136 2.143824 1.928677 1.962811 1.670868 1.393362 2.159833 3.269965 5.075923 4.595143 4.947112 3.470704 1.917719 1.214588 1.324389 1.210669 3.540042 3.571765 5.353748 2.198265 1.842634 1.750614 3.765173 1.071698 1.164048 0.9485684 0.3391829 1.149564 1.361794 0.4815166 0.1299758 0.7021539 0.09828258 1.632821 0.482136 0.8867644 2.268533 3.892356 1.90901 1.38333 1.864942 2.338483 1.484174 0.4717207 1.043032 2.157319 0.8171472 1.76477 0.9482158 2.445454 0.9895846 1.116857 0.2080987 0.9487 1.509575 1.195855 0.3980593 0.6406496 1.464064 1.984402 1.113772 1.018003 0.9457309 1.084405 0.7810585 0.1194501 0.7958837 2.497061 1.277408 0.9010178 0.1272936 0.584352 1.40342 1.860412 2.511265 1.19735 0.8916969 2.161227 1.098142 2.299243 3.266094 1.502502 1.110137 0.9846526 1.226957 0.5445485 1.175588 0.8811222 0.6487015 1.042333 1.746227 2.636478 3.506465 1.720157 1.382946 1.63532 2.308212 2.82156 2.61131 1.919416 1.356091 1.311096 1.363948 1.366757 
0.7477367 1.244923 1.997779 2.397369 2.628172 2.257259 1.357184 1.641992 1.304077 1.298891 2.164445 2.65685 2.959471 2.588427 2.49155 2.054262 1.115122 1.320444 1.095997 1.866944 2.725022 3.110781 2.482207 1.601959 1.471758 1.799309 1.734047 1.447184 1.018868 1.079119 0.5409801 0.6825998 1.158956 3.047473 0.5347159 0.463987 0.9247235 0.809958 0.1293152 1.297389 1.010176 0.684534 1.246811 2.870358 1.105763 2.353437 1.437986 1.924068 1.3791 1.859247 1.961732 0.4659929 0.5866764 1.022328 1.124075 1.23752 3.403929 1.616308 1.040971 1.071629 0.3995905 0.638845 0.3187412 0.9553932 1.244625 0.74225 1.480282 2.156041 1.010558 0.8757788 1.084443 1.000273 1.863596 0.0530666 2.569074 0.797559 2.810364 3.144549 0.9954851 0.8886092 0.4675712 1.04778 1.145045 2.461164 1.071544 1.489133 1.151839 1.15636 1.52134 2.046871 2.279944 0.8129894 0.9395907 1.695747 2.27888 1.981578 2.259182 2.9365 2.466385 2.33707 2.53381 3.766943 2.395916 2.584493 2.105757 1.620735 1.415115 1.339778 
1.507716 1.859579 2.38227 2.781296 3.437721 3.74963 2.042838 1.775583 1.381149 2.13707 2.74026 2.492258 1.941303 1.146455 1.070737 1.130767 1.259808 1.353296 1.428845 1.953281 2.494662 2.663359 1.664292 1.173688 1.631055 1.985125 1.935496 1.971778 1.540373 1.298074 1.04024 1.276416 2.363947 2.612743 0.7464014 0.4655634 0.7647516 1.263692 1.872788 2.18687 1.797834 1.09213 1.389245 0.7343381 0.4237039 5.071904 1.519895 1.751124 0.291037 0.7384687 1.266349 1.115887 1.466692 2.717488 1.171698 2.143035 0.770841 2.471946 0.951443 0.2373341 0.9354587 1.008306 0.8453325 0.9546403 1.740946 1.949261 1.486444 1.166567 0.9622039 2.350102 0.9100057 1.042152 0.4047992 1.324704 0.7522581 0.9757539 1.752743 0.2252278 3.575725 2.464416 1.062316 2.566072 1.256644 2.807835 1.958596 1.19729 1.061545 1.790953 1.405136 2.882073 3.206542 2.63408 1.309371 3.495144 2.528313 1.087573 1.552331 3.239824 3.59213 3.290511 2.179243 0.5790195 2.545563 3.917903 2.241289 1.541388 1.155343 1.158872 
1.934386 2.218915 2.609165 2.942838 3.486581 3.845604 3.036989 2.632964 2.587091 2.843662 3.868152 2.095203 1.415549 1.324789 0.6304659 0.6372918 1.180323 1.488883 1.681747 2.11968 2.691444 2.59726 1.634942 0.3990641 2.240238 2.6264 3.833184 1.845979 1.508965 1.146781 1.053437 1.402413 1.923942 1.685974 1.113173 0.9449556 0.5516645 0.7677705 0.3707233 1.040904 2.197433 2.087535 1.919309 0.9089245 1.87777 2.437549 1.21717 1.448981 1.704369 2.528207 0.9481462 1.984142 0.2505203 0.9853854 0.9175319 1.85556 1.904262 2.787744 0.1734019 1.177211 0.521267 1.147137 0.5369197 0.9369351 1.911314 1.107854 2.274747 1.439839 0.5789892 1.346989 0.6049036 0.8640692 1.11839 1.158345 0.468728 0.9480587 0.9535953 1.02968 0.93696 0.8205846 1.295436 1.312272 1.848585 1.781522 2.942798 1.562365 0.113164 2.849745 2.102075 1.267093 2.860049 1.779322 0.83939 1.55635 1.983241 1.379651 2.847732 3.848137 3.881207 3.991149 1.894527 1.797352 2.324666 0.9010205 1.25994 1.258436 1.060065 1.107226 
2.125232 2.260556 2.571389 3.015215 3.373466 3.64306 3.255569 3.394476 3.764732 3.108534 2.913422 1.951706 1.523396 1.519307 1.156174 1.157384 1.250228 1.530493 1.901077 2.270243 3.390685 3.798913 2.36935 2.275712 3.776218 2.95867 3.097493 3.413162 2.196347 1.139202 1.022371 1.042669 1.379307 1.366089 1.099554 0.7891659 0.5475008 0.9338985 0.4356949 0.7662026 1.623797 1.594903 1.087454 0.8398976 0.7709204 1.819503 0.8592741 2.469955 2.936176 2.645616 1.481702 1.021188 0.8315726 0.7629483 0.790905 0.952589 1.913993 5.129441 1.496122 1.039363 1.490175 1.406596 0.9559962 1.492173 1.691227 0.6389567 1.219925 2.098653 1.78832 1.082526 3.679142 0.8496929 0.2429167 0.3702636 1.878738 1.171759 0.9335467 1.276143 0.4503432 0.8582734 2.590006 2.922768 2.41364 2.104586 2.474391 2.497469 1.68034 2.860926 2.152685 2.629661 3.886568 1.900891 1.631016 1.256726 1.359888 1.712804 2.506194 4.169366 4.967691 4.45191 2.208368 0.8358036 1.218521 1.365139 0.1716708 1.004328 1.16655 1.199228 
2.050616 2.261971 2.513546 2.868935 3.093111 3.205632 3.185797 3.456755 3.644759 3.008012 2.653431 2.235525 1.937416 1.736892 1.477441 1.582598 1.385758 1.506539 1.816236 2.135307 3.136822 3.216279 2.733109 2.585822 2.848033 3.05497 3.356504 3.649629 2.838791 1.197363 0.5760494 0.8475891 1.081289 1.122141 1.66015 1.204451 0.7611975 0.6026468 0.6200616 0.9035904 1.139196 1.417945 1.061879 0.9942649 1.146713 1.559149 1.704584 3.604184 3.750575 3.467666 2.767836 1.685792 1.531962 3.275035 1.615268 1.519536 0.8440737 0.04543268 1.818793 1.470218 1.155983 0.9266785 0.4390357 1.21237 1.20904 0.5925286 1.094072 0.8928432 1.418046 1.435304 1.503731 0.7786968 0.1936432 0.2738248 0.7741069 0.4744232 0.8957779 1.048273 0.5969226 1.429641 2.351362 1.938445 2.241603 2.541676 2.416155 1.575787 1.737683 2.420309 2.95969 2.720999 3.98457 2.87329 1.839793 1.60404 1.594656 1.929383 2.670651 3.809922 4.090236 3.599499 2.27594 1.270919 0.3176702 0.7122435 0.887917 1.066481 1.176603 1.087681 
1.960549 2.149615 2.480633 2.69235 2.865275 2.991337 3.044699 3.128896 3.0653 2.78463 2.612622 2.325753 2.099309 1.946664 1.822341 1.803147 1.656634 1.435649 1.657002 2.143732 2.646132 2.85809 2.695545 2.658277 2.793308 3.059405 3.349361 3.577647 3.896626 1.534555 0.4459559 0.7137294 0.9738225 1.099342 1.506011 1.243828 0.8732769 0.6648515 0.5711032 0.6749922 1.075475 1.177171 1.123841 1.105922 1.242939 1.667082 2.332137 2.858801 3.178641 3.122929 2.729551 2.062219 1.932443 2.417657 1.685106 1.56415 1.294778 1.367736 1.442191 1.593514 1.214975 0.9915001 1.104784 0.9492757 0.9931216 0.9108356 0.8639058 1.149163 1.809247 1.434881 1.278367 0.8443658 0.409965 0.4509527 0.6545416 0.9040224 0.733 0.369569 0.131092 1.17454 2.001252 2.246819 2.343763 2.315073 2.260288 1.766815 1.807726 2.260844 2.63344 2.574942 2.283563 4.131308 2.81711 2.201642 1.838556 2.280358 2.97669 3.433735 3.733142 3.331522 2.223997 1.5102 1.075749 0.980531 1.058018 1.0132 1.165875 1.195265 
1.73065 2.026481 2.254367 2.476919 2.615419 2.805777 2.872228 2.844077 2.777144 2.602904 2.371687 2.368081 2.193339 2.071759 1.97691 1.853099 1.762727 1.476153 1.805821 2.00978 2.302022 2.657464 2.587723 2.60569 2.696633 2.735243 2.677166 2.572826 2.314598 1.666334 1.078771 1.011803 0.9822052 1.026829 1.130039 0.9965886 0.8867809 0.6799409 0.606231 0.4943869 0.981598 1.139791 1.151005 1.163089 1.339835 1.446705 2.199816 2.659292 2.954425 2.853779 2.559283 2.076012 1.852699 1.732464 1.245434 1.681835 1.49224 1.569306 1.436665 1.530477 1.209314 1.293584 1.283545 1.068825 0.9669741 0.9850575 0.8785641 1.185241 1.745298 1.40624 1.264915 0.8338118 0.4332408 0.557933 0.6207575 0.7627247 0.5686836 0.4134221 0.5010765 1.227456 1.906734 2.21469 2.495509 2.270511 2.316931 2.271961 1.80518 2.440901 2.652568 2.177162 1.748459 4.330091 3.172936 2.595701 2.017499 2.450685 3.028627 3.305292 3.283064 3.17136 2.375764 1.708176 1.459158 1.171974 0.9864516 1.003984 1.005705 1.001123 
1.418859 1.620239 1.912387 2.162027 2.385618 2.540785 2.66486 2.653458 2.615504 2.485965 2.321881 2.389341 2.258096 2.012312 2.093884 1.9652 1.673038 1.427428 1.776906 1.916484 2.305394 2.703167 2.699901 2.54053 2.485619 2.326796 1.91325 1.10823 0.7475715 1.26469 1.237453 1.231758 1.109306 1.012249 0.9868202 0.8876424 0.8672141 0.7977865 0.626538 0.5831144 1.038842 1.123304 1.166902 1.320603 1.711706 1.604834 2.212216 2.579689 2.842456 2.914397 2.496384 2.430609 1.885142 1.485077 1.222368 1.479452 1.597585 1.581162 1.444362 1.128243 1.203846 1.357982 1.211823 1.083277 1.024532 1.074419 0.889105 1.260798 1.921818 1.387521 1.104884 0.7634382 0.5948582 0.589723 0.6301066 0.7619245 0.5559666 0.4482413 0.6892675 1.128443 1.822854 2.187546 2.302413 2.258827 2.341471 2.568324 2.068414 2.665883 2.685304 2.44445 2.800183 3.237502 2.907764 2.639809 2.364751 2.604007 2.788239 3.240618 3.137045 2.97526 2.39324 1.640128 1.440697 1.254734 0.9687862 0.927119 0.8726128 0.839168 
0.8177071 1.023449 1.42946 1.832689 2.1379 2.342126 2.456563 2.497035 2.487786 2.408758 2.28469 2.406494 2.301911 2.226594 2.178241 2.04656 1.604265 1.621918 1.750147 2.044002 2.472877 2.658918 2.648264 2.403751 2.266414 2.033469 1.461959 0.5439195 0.2347857 0.9894358 1.209656 1.225143 1.146447 0.9854705 0.9202874 0.8213558 0.8473959 0.8001268 0.6355941 0.6740945 0.8156808 1.043986 1.112048 1.378279 1.768959 1.833512 1.925133 2.468847 2.778454 2.861177 2.452916 2.422968 1.570323 1.37031 1.130292 1.73945 1.648173 1.62133 1.447125 1.123814 1.202861 1.255039 1.232397 0.8131055 1.028418 1.094331 0.8954702 1.201182 1.508247 1.311223 1.014603 0.7601488 0.615086 0.6081472 0.6315516 0.7633638 0.5550771 0.467026 0.7457665 1.368988 1.822459 2.175433 2.207951 2.260449 2.231353 2.358876 2.488638 2.719443 2.759703 2.624167 2.926737 3.052209 2.611055 2.594954 2.283051 2.458684 3.053713 3.205565 2.845598 2.935058 2.413902 1.658119 1.483359 1.246974 1.113541 0.7550254 0.6078075 0.5489969 
0.2272179 0.4634251 0.9871865 1.51158 1.89942 2.153995 2.297456 2.362732 2.319888 2.281079 2.257223 2.152296 2.332726 2.275535 2.239854 2.106191 1.578057 1.827541 1.727534 1.936977 2.43309 2.620875 2.598177 2.318073 2.144862 1.91235 1.462725 1.032408 0.9072914 1.114002 1.314917 1.249607 1.165613 0.970728 0.8093784 0.8418021 0.8302581 0.7981591 0.6379714 0.6861588 0.6714391 0.8990042 1.114637 1.417692 1.545457 1.854393 2.185584 2.43173 2.94252 2.827425 2.412722 2.411369 1.853213 1.30745 1.359975 1.752916 1.672912 1.643228 1.446906 1.124388 1.203593 1.547809 1.244245 1.031253 1.033129 1.103521 0.8995709 1.346841 1.220201 1.309825 0.9299921 0.7538932 0.6269759 0.6198205 0.5647303 0.7671384 0.486985 0.4760533 0.7739218 1.400463 1.829036 2.168625 2.19098 2.265936 2.248094 2.369616 2.535689 2.767581 2.813096 2.658442 2.9576 3.005066 2.493587 2.544915 2.281974 2.480295 2.793675 3.1301 2.78713 2.512844 1.992171 1.639342 1.468342 1.184289 0.9708036 0.5188968 0.2528345 0.1866398 
4.69106e-031 0.2177379 0.7465573 1.296805 1.715757 1.957186 2.161895 2.248324 2.221576 2.204393 2.158391 2.092642 2.243489 2.197899 1.993659 1.976588 1.797809 1.838702 1.630433 1.89749 2.603678 2.58967 2.322369 2.203431 2.08597 1.902343 1.58201 1.380127 1.301706 1.296681 1.274339 1.276235 1.288593 0.9622368 1.045072 0.8110667 0.8141957 0.7948712 0.7058843 0.7631844 0.678108 0.8979709 1.48574 1.44466 1.781952 1.865849 2.17344 2.404833 2.926731 2.804091 2.449402 2.191895 1.828905 1.267844 1.345125 1.760616 1.683474 1.655798 1.594609 1.558801 1.203352 1.563497 0.8100616 1.036296 1.037616 1.110394 0.9023921 1.353108 1.223348 1.158448 0.921382 0.7496307 0.6346964 0.5541395 0.5632058 0.7717429 0.4863337 0.4814698 0.7900069 1.420601 1.765108 2.165537 2.182207 2.190129 2.174881 2.53898 2.776174 2.8041 2.673007 2.66208 2.699935 2.989556 2.599934 2.506579 2.268554 2.491112 2.798086 3.055187 2.754413 2.449083 2.075208 1.779549 1.431447 1.404101 0.8545378 0.4750887 0.07490155 0.01783242 
