rasters-batsmen/dineshkarthik.asc
ncols         108
nrows         21
xllcorner     -3.075
yllcorner     -1.575
cellsize      0.15
NODATA_value  -9999
[rows 0 to 20 of 21, columns 0 to 61 of 108]
4.795516e-008 0.07428749 0.2758848 0.5343595 0.7826495 1.100719 1.249193 1.340529 1.43026 1.492651 1.533962 1.798771 1.810089 1.735492 1.765406 1.528968 1.509278 1.489515 1.46948 1.061518 1.327933 1.384521 1.363671 1.497858 1.448483 1.406585 1.437443 1.433427 1.474591 1.342944 1.141438 0.9908597 1.071626 0.92208 0.8334398 1.059179 0.942104 0.8920105 0.9055388 1.099161 1.091902 1.169276 1.204774 1.007713 0.988869 0.8985665 0.8527786 0.919082 0.9787651 1.062652 0.8770736 0.9478675 1.013594 1.217566 1.122986 0.8024094 0.779636 0.7663395 0.5422589 0.7020233 0.9046339 0.9736943
0.07957995 0.1635606 0.3768926 0.6417232 0.88974 1.089212 1.236899 1.461271 1.501028 1.55271 1.584997 1.597372 1.840732 1.827509 1.773059 1.53915 1.517007 1.49579 1.475549 1.074431 1.341732 1.397349 1.369404 1.369287 1.403523 1.340107 1.356863 1.359409 1.412979 1.308123 1.081903 1.084469 1.112665 0.8983909 0.9378489 0.8774788 0.9427021 0.8751407 0.8686224 1.029103 1.01834 1.045316 1.154031 0.9334345 0.9881274 0.9108869 0.9927595 0.9245966 0.7340056 1.05914 0.8840691 0.9528461 1.293002 1.219232 1.122127 0.7976485 0.6325765 0.7536713 0.5347906 0.4637809 0.888904 0.9730132
0.3138245 0.4045607 0.5994758 0.8345672 1.054425 1.232449 1.361007 1.446491 1.631512 1.623531 1.642154 1.647713 1.87423 1.901421 1.843305 1.725275 1.702188 1.501306 1.481636 1.089965 1.362597 1.42079 1.440622 1.355871 1.340789 1.235131 1.229208 1.251248 1.333567 1.210424 1.330777 1.115378 1.438153 0.9612212 0.9858895 0.9097097 0.9488779 0.8565201 0.8211133 0.9341971 0.9059542 0.9427629 1.084585 0.9189397 0.8735258 1.060722 1.002966 0.932051 0.7474207 1.055142 0.8937153 1.213226 1.288929 1.222695 1.122022 0.7216106 0.6953127 0.7359946 0.5243489 0.4574616 0.8667073 0.9692276
0.6265726 0.7207619 0.8823795 1.072864 1.255633 1.407741 1.513272 1.575487 1.603239 1.751799 1.705604 1.699524 1.910877 1.908871 1.840446 1.559322 1.697745 1.675358 1.485109 1.473781 1.143866 1.461225 1.472245 1.354304 1.255813 1.055252 1.007961 1.090584 1.187387 1.180313 1.342416 1.294624 1.370729 1.313695 1.251391 0.9618716 0.9041926 0.8385944 0.7640479 0.686987 0.7179208 0.7719409 0.9471702 0.9143651 0.9040627 1.079769 1.015612 0.9372702 0.7654958 1.051286 0.9648244 1.147368 1.28344 1.50875 1.052109 0.6514926 0.6828903 0.7100163 0.5089447 0.3796724 0.8365088 0.9604135
0.9108926 1.006205 1.143007 1.305088 1.468727 1.606604 1.695557 1.730287 1.726454 1.702121 1.823853 1.752605 1.767982 2.036242 1.840096 1.728615 1.637302 1.656715 1.646445 1.480216 1.42264 1.467775 1.540966 1.393226 1.16912 0.7355032 0.597868 0.876417 0.9683074 1.165904 1.368223 1.621826 1.45067 1.413394 1.364483 1.04704 0.9916579 0.7706553 0.7058714 0.5656974 0.3811287 0.4806343 0.8675312 0.8917546 0.9038419 1.107961 1.026029 0.9785748 0.794526 0.8614684 0.9815656 1.139395 1.208972 1.508534 1.060478 0.5997964 0.6042255 0.6690598 0.4216956 0.6423094 0.6108456 0.9413493
1.132385 1.223766 1.324278 1.49458 1.68196 1.837486 1.994284 2.00818 1.870295 1.804367 1.887547 1.857234 1.800377 1.887693 1.957427 1.724058 1.66244 1.614398 1.606951 1.634747 1.454014 1.560512 1.666472 1.523405 1.209015 0.4114551 0.09652548 0.7634406 0.8892749 1.190774 1.407375 1.675789 1.605021 1.625423 1.542544 1.368766 1.04455 0.7613347 0.6434653 0.5034896 0.1154735 0.3249784 0.8880782 0.952347 1.015515 1.096389 1.06239 0.9561337 0.8488796 0.9121244 1.02055 1.118694 1.190717 1.505361 1.017246 0.622178 0.58133 0.5976042 0.3315465 0.6229806 0.8179154 0.9788345
1.211855 1.282569 1.41614 1.64742 1.904877 2.133423 2.280579 2.237143 2.1317 1.910341 1.814638 1.838456 1.947732 1.871623 1.824741 1.72679 1.614954 1.527122 1.511085 1.620252 1.517038 1.665678 1.818749 1.773038 1.628072 0.947467 0.7023233 0.9787602 0.996842 1.259468 1.446831 1.646619 1.751775 2.064736 2.080697 1.560642 1.150445 0.9714244 0.4316114 0.191107 0.5746588 0.8634734 1.035868 1.174877 1.265432 1.143102 0.9066359 0.8316358 0.9698077 0.9592766 1.185925 1.01836 1.105988 1.523905 1.394441 0.7259715 0.5009004 0.3484339 0.4178946 0.6096601 0.8283443 0.7916282
1.196879 1.211965 1.331785 1.684117 2.199849 2.568809 2.644735 2.530633 2.301966 2.114509 1.993584 1.873856 1.98318 1.93162 1.896624 1.636043 1.537768 1.341516 1.331753 1.487871 1.498484 1.812461 2.158223 2.13597 1.93931 1.287181 1.212343 1.294136 1.136798 1.347359 1.69913 1.804326 1.819937 2.324642 2.986979 1.863755 1.077289 1.073095 0.6768573 0.5792311 0.9387097 1.045302 1.251074 1.635752 1.712412 1.184375 0.8790904 0.6594433 0.7616732 0.9601887 1.963607 0.3827589 1.237876 1.479084 1.397801 0.7906454 0.4859634 0.1670107 0.3322618 0.6515759 0.8899251 0.8358095
1.141799 1.071248 1.131563 1.657627 2.575965 3.243671 3.245582 2.860635 2.449659 2.16677 2.002157 1.935971 1.978823 2.111933 2.003927 1.795407 1.377643 0.8283462 0.9577431 1.282924 1.373585 1.677934 2.411573 2.264496 2.358202 1.148963 0.6934722 1.331298 1.343705 1.373322 1.612433 1.722796 1.591965 2.086338 3.376366 1.41319 0.7503907 0.8178528 1.052966 1.553936 1.152447 0.8556811 1.053075 2.494363 2.231829 1.11928 0.6698648 0.2078703 0.4394625 0.592955 0.9761544 1.12026 1.406277 1.531281 1.323949 0.997253 0.3853489 0.004560722 0.7337067 0.9868655 0.7813043 0.888256
1.126718 1.037703 1.080228 1.706502 2.938752 3.882597 3.729323 3.058819 2.488223 2.198074 2.037589 2.006438 2.101947 2.184715 2.129603 2.313314 1.721194 0.2187646 0.5567368 1.182962 1.123378 1.25819 1.47631 1.773857 2.41569 1.74862 1.136129 1.633078 1.647652 1.626831 1.718209 1.476247 1.299907 1.436488 1.251474 0.7765608 0.2705551 0.4614292 1.28255 1.55353 1.947889 1.029715 0.9043988 1.337829 1.289403 1.032386 0.6408949 0.8732461 0.6048695 0.3914425 0.9248305 0.9570695 1.005405 1.280497 1.255487 0.7380456 0.5937972 0.6120167 1.122385 1.359284 0.3803336 0.9064487
1.159511 1.152821 1.270149 1.75679 2.714128 3.596069 3.482804 2.840706 2.368691 2.064057 1.93294 1.934084 2.122397 2.298689 2.508419 3.097113 3.782275 2.321501 1.379444 1.127405 1.003789 0.3306962 0.8069936 1.407561 3.355781 1.785309 1.823993 1.427648 1.038825 1.666709 1.191532 1.52603 1.735886 1.443656 1.060756 1.020807 3.630293 0.6180059 1.290681 1.867756 1.155813 0.6911465 0.8792467 0.8116141 1.095594 1.480204 0.5201387 0.7268217 0.03775528 0.5088169 0.9771559 1.289122 1.111655 0.2976811 1.056041 0.8342628 0.8666139 0.8811783 0.6813782 1.656796 0.8860084 0.5440523
1.15316 1.172422 1.238274 1.416481 1.829225 2.369311 2.503376 2.275369 2.034619 1.841901 1.76408 1.797052 2.004468 2.22339 2.545376 3.597524 5.634593 4.52932 2.053864 1.246446 1.030898 0.5420694 0.6540433 1.537963 2.855717 4.347848 1.324995 1.169055 0.5086227 1.517736 2.313266 1.722535 2.161707 1.257473 1.285575 1.381072 1.239245 1.696974 0.2969147 0.5096169 0.834081 0.8209883 1.188476 0.167791 1.815381 1.382976 2.331926 1.426131 0.9149455 0.4427929 0.9437637 0.3562849 1.031177 0.8902118 0.5223812 0.3705535 1.047475 0.7908103 0.9909897 1.250388 1.298719 1.039753
1.0727 1.029943 0.9230995 0.7432266 0.7261558 1.141921 1.551795 1.691411 1.632643 1.568727 1.532104 1.585626 1.720631 1.99609 2.120872 2.700765 3.603575 3.103293 2.000949 1.519987 1.829769 1.751078 1.00145 1.116136 1.708118 1.891722 1.317019 1.036973 1.149525 1.717597 2.579308 3.348155 2.484478 1.104634 0.6736197 0.9995897 0.9025093 1.102439 0.6273876 1.099172 1.972151 1.539024 0.7178407 1.006973 1.972724 1.101788 1.7232 1.491081 0.4019658 1.930432 0.08908264 0.9753197 1.355585 1.813869 4.307751 0.6648989 2.080189 1.027446 0.9117199 1.04856 0.4181105 3.854927
0.9640448 0.8612981 0.6320331 0.2499977 0.05065604 0.472424 1.027678 1.279322 1.309254 1.271966 1.225821 1.290343 1.459158 1.670362 1.534332 1.505411 1.955095 2.012513 1.691261 1.550843 1.792827 1.654411 0.3950782 0.8260981 1.400336 1.472288 1.484126 1.485844 1.458687 1.389666 1.828132 4.482703 2.869306 1.102568 0.6357756 0.5514196 3.047828 0.7336494 1.1242 0.8926501 2.089052 1.97374 1.051417 1.943658 1.329083 0.5786628 0.6789252 1.077018 1.120689 0.6797772 3.769196 1.736598 1.358557 2.249763 1.092853 0.836696 2.403701 1.269184 1.104715 3.010799 2.441432 1.455794
0.8713006 0.7682062 0.5628914 0.2645609 0.1304215 0.444452 0.8578089 1.062433 1.068272 0.9423158 0.8127825 0.8624495 1.155444 1.449353 1.267163 1.00775 1.401301 1.402041 1.534589 1.535009 1.092005 0.8561327 0.06374361 0.5108635 1.138637 1.435806 1.483959 1.545027 2.233268 3.771572 2.308247 1.279856 0.991287 1.200297 1.175765 2.517631 1.413493 1.190309 0.9662449 1.329229 1.697373 1.722674 1.547611 2.37802 1.551821 0.8418818 0.3241177 1.811502 1.029652 0.8230339 1.9989 1.660894 1.11562 1.210123 1.505057 1.786827 3.155416 1.238045 0.6702975 1.429427 0.5237099 1.554575
0.7924373 0.7348923 0.6303532 0.5035251 0.4945261 0.6648852 0.8784084 0.9741127 0.9203737 0.6820573 0.330378 0.301071 0.8207838 1.285277 1.404275 1.383572 1.407785 1.012516 1.441576 1.944234 1.348401 0.9544305 0.535964 0.7827124 1.087162 1.332697 1.176281 1.339352 1.700179 1.765851 1.836893 1.330956 1.292264 0.8782343 0.02690421 2.402991 1.686108 1.322315 1.432025 1.313606 1.121687 1.276963 1.462941 1.820442 1.25183 0.417217 0.7331252 0.895386 0.3648517 0.9543056 1.62689 0.9203395 1.229812 1.020741 0.937744 1.231516 1.582398 1.190898 1.03784 1.381914 1.326027 1.797328
0.6919857 0.6904153 0.6828093 0.7011015 0.7368658 0.8364674 0.9338303 0.9631848 0.8955622 0.6215848 0.1570418 0.09015991 0.6752309 1.292287 1.642785 1.886948 1.974833 1.632384 1.606857 1.703485 1.433483 1.08543 0.8886002 1.05064 0.94011 1.031246 1.038903 1.174479 0.9617282 0.1380482 1.006862 1.236069 1.37479 0.9698198 1.093754 1.418185 1.511819 1.339425 1.379095 1.1842 0.8420344 0.02042457 0.8964471 1.531346 1.693447 1.18488 0.8824743 0.6423287 0.2725564 0.4471985 1.210984 1.061481 0.6283957 0.7497066 1.080268 1.120006 1.260033 1.130801 1.027778 1.266479 1.361622 1.489909
0.5321309 0.5785797 0.6527528 0.7570673 0.834936 0.9155817 0.9723573 0.9891464 0.9617491 0.7995809 0.5066552 0.5219238 0.8878527 1.407334 1.869051 2.427916 2.951046 2.349996 1.82664 1.661656 1.363138 1.151697 1.149882 0.9353406 0.9289699 0.9475219 0.9416326 1.034243 0.9516647 0.7890348 0.7897553 0.9914973 1.017634 1.007601 1.087638 1.260549 1.429548 1.296349 1.252771 1.11827 0.9881963 0.7149498 1.026204 1.305554 1.327527 1.045377 0.616569 0.1978889 0.4230393 0.4343304 0.9385997 0.7570887 0.2414914 0.7903574 0.911441 1.036361 0.9943227 0.9028288 1.014917 1.287987 1.473457 1.46093
0.3230311 0.4068341 0.5664798 0.7260637 0.8516161 0.9400736 0.9869255 0.9998942 0.9960395 0.9438397 0.8484207 0.9521167 1.150655 1.528279 1.934381 2.398551 2.705049 2.369056 1.928426 1.707917 1.36429 1.264664 1.250748 1.039237 1.145513 1.042392 0.9270453 0.9462885 0.887451 0.5489556 0.05408036 0.7924517 0.9815548 0.9436202 1.059764 1.183187 1.357611 1.303078 1.363412 1.289033 1.328263 1.020853 1.140891 1.211088 1.113759 0.8576815 0.5079827 0.2054352 0.3995541 0.6202238 0.9062131 0.6180137 0.6610461 0.807817 0.784758 0.7797556 0.4995391 0.2552745 0.8057163 1.180971 1.20361 1.480072
0.09410855 0.1937455 0.4227136 0.6582475 0.832072 0.952436 0.9987247 1.008066 1.012904 1.022559 1.029732 1.190978 1.290684 1.55609 1.863312 2.121786 2.240039 2.113845 1.887918 1.733283 1.378909 1.263831 1.212741 1.069042 1.156058 1.022531 0.880039 0.8044068 0.8601825 0.5931836 0.3253417 0.7450793 0.9334704 1.060351 1.01709 1.122676 1.292323 1.264167 1.178739 1.218939 1.247797 1.153587 1.187873 1.16481 1.027466 0.8181128 0.6845309 0.5090179 0.5298582 0.5810438 0.7078083 0.6749759 0.7362279 0.8464333 0.6781536 0.6641553 0.2942192 0.07942157 0.6212885 1.061366 1.192587 1.265924
2.046018e-031 0.09697102 0.3433028 0.6084483 0.8236802 0.9463817 1.007813 1.034892 1.057613 1.095419 1.205686 1.320537 1.371791 1.558345 1.770548 1.914698 1.973677 1.926812 1.812 1.690573 1.38319 1.235527 1.181295 1.088597 1.031679 1.011549 0.8013727 0.7963157 0.8873723 0.81752 0.7974059 0.9227601 1.041709 1.064879 0.9864035 1.081344 1.2413 1.236822 1.377677 1.273296 1.131128 1.198404 1.201189 1.090132 0.9945819 0.8231596 0.7423413 0.6346247 0.6084713 0.610524 0.7249728 0.6957925 0.765743 0.8616009 0.6604962 0.6701262 0.4645852 0.394119 0.6972274 0.88659 1.149941 1.231048
