rasters-batsmen/dwaynesmith.asc
ncols         108
nrows         21
xllcorner     -3.075
yllcorner     -1.575
cellsize      0.15
NODATA_value  -9999
[rows 0 to 20 of 21, columns 0 to 61 of 108]
7.657607e-008 0.1187976 0.4243694 0.7710581 1.053232 1.246216 1.363927 1.427972 1.697825 1.504138 1.596424 1.59931 1.596471 1.575812 1.655572 1.545347 1.635504 1.316769 1.345301 1.362468 1.512663 1.462829 1.474062 1.26438 1.455547 1.312412 1.229453 1.136812 1.102161 0.9910204 0.6038758 0.5840604 0.8591244 0.798918 0.7485932 0.9785645 1.007033 1.096608 1.165663 1.149374 1.265447 1.263229 1.394248 1.064785 1.070997 1.13904 1.129485 1.114086 1.428329 1.858513 1.992739 2.04863 2.113184 2.457406 2.252865 2.251873 1.856056 1.466806 2.108475 2.464582 1.405444 1.064789
0.1251221 0.257948 0.5726506 0.9159787 1.184571 1.358616 1.45472 1.496641 1.735013 1.536151 1.610571 1.605784 1.598884 1.658919 1.625587 1.527545 1.615205 1.305563 1.336898 1.35869 1.444429 1.469303 1.488218 1.489496 1.469353 1.323642 1.239947 1.143143 1.101974 0.9166048 0.6105061 0.5855114 0.7735375 0.7844688 0.7426134 0.9777198 1.014511 1.044064 1.172106 1.151535 0.8663474 1.447025 1.377371 1.06831 1.077491 1.138236 1.123741 1.106348 1.415471 1.627808 1.98928 2.055809 2.129425 2.475456 2.28402 2.560549 1.896227 1.491044 2.097677 2.151346 1.383849 1.057122
0.4589776 0.605334 0.8725766 1.155556 1.374498 1.508924 1.569039 1.576923 1.55758 1.756161 1.540662 1.610278 1.594061 1.719971 1.599741 1.506864 1.590538 1.289334 1.324236 1.351933 1.4418 1.475243 1.504912 1.513067 1.489888 1.339435 1.312858 1.275578 1.100785 1.052494 0.6866867 0.5877753 0.5552353 0.763459 0.7309183 0.9764122 1.025831 1.122153 1.181869 1.154122 1.114471 1.419817 1.362826 1.137058 1.019146 1.137857 0.8519204 1.096074 1.397959 1.624988 1.984602 2.062518 2.219772 2.499344 2.601539 2.324608 2.217163 1.807788 2.225695 2.109221 1.762002 1.048203
0.8601557 1.091962 1.220253 1.435621 1.602598 1.694009 1.708347 1.667585 1.607077 1.760293 1.736285 1.750931 1.732053 1.692324 1.573436 1.48197 1.559934 1.266745 1.36126 1.401684 1.435212 1.480251 1.526105 1.485514 1.522025 1.36273 1.321341 1.272173 1.09773 0.7867063 0.6979076 0.5914289 0.5476804 0.7326692 0.711771 0.9736229 1.043383 1.145157 1.251066 1.155189 1.15594 1.381586 1.345129 1.201725 0.9704927 1.138036 0.8585876 1.079332 1.373063 1.620729 1.978877 2.065387 2.236749 2.530146 2.714791 2.386926 2.271388 1.847726 2.205234 2.048537 1.445302 1.034159
1.190017 1.32628 1.619229 1.81075 1.860003 1.926043 1.886379 1.771566 1.647144 1.746549 1.7466 1.738519 1.717581 1.666478 1.505695 1.326248 1.521076 1.550711 1.328182 1.266391 1.420763 1.48194 1.5535 1.539712 1.521718 1.398947 1.330335 1.206736 1.086912 0.8023108 0.7142085 0.5975548 0.5361912 0.6881742 0.6800545 0.965548 1.071279 1.184294 1.264502 1.146405 0.9523082 1.324466 1.383407 1.200829 1.113017 1.137924 0.9239055 1.054388 1.142006 1.61037 1.646438 2.069369 2.238753 2.634329 2.787016 2.492945 2.350656 1.901539 1.904922 1.959107 1.389524 1.011713
1.403882 1.541369 1.828809 2.043851 2.253013 2.349367 2.144263 1.899235 1.66365 1.692489 1.708941 1.784914 1.721729 1.639634 1.409333 1.308231 1.335415 1.497022 1.283733 1.244211 1.390952 1.471335 1.585812 1.632813 1.623591 1.550902 1.336211 1.187757 1.067991 0.8274078 0.741743 0.5548875 0.5174537 0.4594433 0.6253675 0.9375522 1.11638 1.298131 1.284759 1.11896 0.9951257 0.9113402 1.348067 1.389025 1.129072 1.130037 0.9322588 1.075023 1.097344 1.587263 1.681296 2.08566 2.208489 2.298591 2.731435 2.708967 2.661052 1.939522 1.93756 1.611979 1.29834 0.9633919
1.50578 1.6318 1.82159 2.207454 2.618 2.869607 2.660951 2.165895 1.754843 1.554887 1.6871 1.95465 1.793 1.570448 1.355101 1.240458 1.295552 1.457987 1.226644 1.206188 1.25162 1.420828 1.56715 1.769408 1.794824 1.635092 1.325803 1.064487 1.039222 0.8648031 0.7878087 0.6238139 0.4857253 0.4064563 0.5353587 0.9110645 1.221129 1.446357 1.291012 1.071556 0.8456916 0.8203925 1.124418 1.393244 1.171904 1.076417 0.9505288 0.7002621 0.9793731 1.514958 1.75964 1.868577 1.679532 2.303103 3.034616 3.226453 2.694712 2.011162 1.911625 1.287287 1.125777 0.8760132
1.51401 1.594347 1.731859 2.159792 3.081397 3.92374 3.408837 2.317018 1.577745 1.216025 1.295221 1.743702 1.582913 1.338252 1.22466 1.201787 1.309371 1.214727 1.097305 1.18377 1.167073 1.181126 1.497753 2.177322 2.376426 1.59415 1.26257 1.001965 0.8851568 0.9160611 0.8773402 0.6224784 0.4090612 0.3208025 0.3789703 0.7169212 1.271988 2.04117 1.29381 0.9465032 0.3105856 0.8451359 0.9762971 1.37719 1.511837 1.251341 1.096769 0.663904 0.4385618 1.39665 1.937768 2.137477 1.337842 2.055403 2.790421 2.974409 2.170475 1.839508 1.81845 1.152691 0.7464944 0.6764916
1.460541 1.4618 1.427193 1.544472 3.247609 5.75959 4.274311 2.212453 1.207009 0.6993949 0.2793473 0.864966 1.026707 0.7862425 0.9712464 1.288175 1.24577 1.055896 1.106931 1.12585 1.071476 0.7472287 0.9849712 2.609766 3.507371 1.277547 1.102363 0.9040155 0.9699968 0.9693229 1.057965 0.8014662 0.1270041 0.1233598 0.1614064 0.3166094 1.04823 3.716323 1.842101 0.9435871 0.2544247 0.9527053 0.7856085 0.8978095 2.060742 1.500741 1.043291 0.8521408 0.6539682 0.9335946 1.881681 3.913499 1.221859 1.314431 2.438915 2.581541 2.075478 1.875252 1.78389 1.113402 0.71601 0.8407818
1.389017 1.328687 1.182006 1.003235 1.969995 4.329244 3.405927 1.429678 0.4638228 0.5298539 0.1987138 0.7182261 0.694811 0.02114584 0.7481992 1.41943 1.255279 1.043652 1.087684 1.021597 1.120478 0.8249124 1.175048 1.829413 1.592477 0.03296232 1.407517 0.5396519 0.8193274 0.8768322 1.666695 1.064962 0.8101786 0.3692272 0.04962146 0.5712163 1.416387 2.446305 1.385938 0.6646946 0.3470368 1.053306 1.347015 1.26175 1.662448 1.858072 0.7223732 1.159531 0.8071862 1.174675 0.6433283 3.157338 0.7023171 0.4354549 3.896911 0.8800188 0.9975953 1.168243 1.287618 2.593405 1.168007 2.752798
1.330428 1.245992 1.079683 0.6785279 0.1825617 1.705632 1.988748 0.9280026 0.07896998 0.6121231 0.9460713 1.183498 1.048433 0.7486132 1.384961 1.99891 1.826153 1.398787 1.122569 1.021811 1.084198 1.356396 2.157819 1.306409 1.112673 1.043248 1.076036 0.5890722 0.9551639 0.49377 0.2146616 0.7176118 0.7855774 0.6113435 0.8919947 0.9375356 1.272372 1.788394 1.046561 0.7667556 0.2883086 0.06048332 1.700742 0.1772922 0.8873175 1.57425 2.855044 2.214282 0.9083077 1.025543 0.2371804 1.90537 2.193638 0.7375122 0.2690196 0.7238594 1.021175 0.7079773 1.290116 0.9824125 1.107401 0.4371088
1.293987 1.211143 1.03621 0.6811153 0.5207673 1.219975 1.525629 1.201872 0.9209725 1.182367 1.572834 1.870665 1.99763 2.185042 2.722839 3.356245 2.885442 1.837279 1.334238 1.167822 1.02201 1.070383 0.7066877 0.6729903 0.6162817 0.7202397 0.7721109 0.6433843 0.4560343 0.03758326 0.3765776 0.6829734 0.8116037 0.9169068 0.8237536 0.9687002 1.039534 1.083582 1.05802 1.027993 0.5036854 1.187483 1.246134 3.805225 1.653023 1.978635 2.551941 2.557169 3.367464 3.5123 2.258024 0.8845046 1.73158 0.3304978 0.3232399 1.505608 1.567395 0.8315619 1.571307 0.6892092 0.7200568 0.5861611
1.2745 1.221919 1.126204 1.010653 1.027612 1.240523 1.502322 1.490537 1.534567 1.819068 2.238712 2.549309 2.951009 3.270506 3.871378 5.549544 4.204313 2.077205 1.253848 1.104997 0.7340534 0.3506613 0.8351636 0.8943915 0.5554672 0.6779141 0.7701142 0.8077963 0.5901591 0.6764435 0.722719 0.879065 0.1502693 0.7347983 0.2442245 1.212811 0.8855899 0.5555586 1.177861 2.833479 2.515155 1.660428 2.280481 3.320214 2.925871 2.998297 1.908729 2.787505 4.064503 1.667367 4.244183 3.097005 0.7251936 0.7766855 1.234182 1.689175 1.260568 2.10711 3.845821 1.498838 1.331179 1.01816
1.253148 1.237059 1.208522 1.193743 1.234956 1.332056 1.590641 1.674466 1.830345 2.177604 2.908316 3.050096 3.445655 3.841672 3.822278 5.128738 4.001699 1.894317 1.009343 1.073648 0.665431 0.444849 0.5742301 0.1199104 0.4257251 0.270104 0.7628911 0.9271207 0.8657249 0.6385633 1.457671 1.917196 0.6170309 2.836457 2.046143 1.280163 1.276132 1.618074 2.643888 2.552816 2.843298 2.959714 2.325964 3.445572 2.651807 3.162711 2.604141 3.08109 2.039351 2.478175 4.463807 2.264441 1.648605 3.047427 2.357419 3.905488 2.058169 1.130747 1.219337 1.683627 2.150952 0.7547526
1.201858 1.214897 1.231316 1.258946 1.308768 1.379743 1.46112 1.75846 1.878921 2.031322 2.108493 1.471912 2.500814 3.038596 3.110454 3.361022 2.881265 1.944019 1.28642 1.123985 0.8215038 0.88863 0.697218 0.3396485 0.5673109 0.806277 1.340232 1.992156 1.166737 0.1948001 1.376547 2.007628 1.388996 1.873854 1.704608 1.553649 1.197585 1.946657 3.050407 2.313143 1.731354 3.036033 2.329167 1.438838 1.69861 2.088745 1.759745 0.8291451 1.584925 2.00121 3.483374 3.055521 2.677739 0.416671 2.826156 1.931636 1.685009 1.651933 0.8076242 0.432846 1.773896 0.7552125
1.098635 1.137522 1.188399 1.246916 1.312178 1.523482 1.610777 1.697151 1.811289 1.749045 1.295545 1.034058 1.742021 2.018409 2.223077 2.37253 2.261342 1.7025 1.373516 1.163123 0.8574595 0.9253266 0.8113103 0.7533047 0.7573305 1.116909 2.358579 3.936627 2.180311 0.6158208 0.1950152 1.158926 1.553862 1.714188 1.597706 1.776199 1.574615 2.188597 3.63199 3.281157 2.668364 2.500391 1.877518 0.9835 1.883677 1.412692 0.9907355 0.1631085 1.083124 1.602742 2.63311 1.109248 1.584746 1.495259 3.814086 2.128457 0.679185 1.641804 0.8645498 1.07749 3.286063 0.9868735
0.9263448 0.9882457 1.077411 1.174321 1.408235 1.505793 1.591552 1.658821 1.688156 1.657648 1.516227 1.328907 1.132333 0.8270164 1.220535 1.687126 1.835714 1.5142 1.32702 1.122924 0.8997707 0.8791533 0.8176677 0.9190617 0.9168137 1.283858 2.262916 2.874438 2.006252 0.8734061 0.5523618 1.122854 1.45759 1.716885 1.978879 1.94092 2.13659 2.197821 2.90235 2.904889 2.797807 2.410344 2.060969 1.656264 1.706992 1.168661 0.7895153 0.4629155 0.7803003 1.423614 1.981719 0.8558975 1.411025 2.085003 2.377238 2.19233 1.216863 1.052896 1.211115 1.303196 1.810761 1.419167
0.6733225 0.7567602 1.004185 1.178094 1.332093 1.455906 1.549289 1.60994 1.628031 1.58707 1.48691 1.146238 0.5532898 0.001303809 0.5792447 1.261592 1.558668 1.48563 1.261108 1.085937 0.9920943 0.9863012 0.885972 0.901525 0.9477293 1.380676 1.801705 1.927335 1.574236 1.143025 1.16537 1.4059 1.466934 1.707225 1.982502 2.049013 2.330143 2.294106 2.681584 2.725013 2.573997 2.43902 2.436312 1.689192 1.544036 0.760058 0.3531496 0.1763193 0.5687243 1.334356 1.641043 1.563793 1.722642 1.800486 1.806406 2.04657 1.524447 0.7796559 1.452182 1.309748 1.500616 1.461223
0.3653835 0.5254146 0.7571164 1.01253 1.22724 1.386314 1.495228 1.559154 1.576408 1.535557 1.289924 1.08115 0.6669267 0.395472 0.7092539 1.159069 1.38439 1.39371 1.190366 0.9929581 0.9726343 0.9917307 0.9190844 0.9490737 0.9974983 1.292151 1.525958 1.53762 1.413285 1.20599 1.36136 1.590646 1.726153 1.667934 2.264341 2.149711 2.203165 2.445685 2.593907 2.576624 2.338963 2.460629 2.234408 1.691216 1.514858 0.7659695 0.5888289 0.4475999 0.6054949 1.43722 1.548402 1.407622 1.876863 1.988636 1.51775 1.778312 1.115957 1.274328 1.537722 1.333159 1.452666 1.456567
0.1142159 0.2347521 0.5250548 0.851319 1.120476 1.312909 1.439384 1.511934 1.535502 1.504243 1.267827 1.152439 0.9570545 0.8590836 1.012159 1.188715 1.343957 1.354093 1.176778 0.9831412 1.049229 0.8949679 0.929038 0.9647651 0.9800329 1.222983 1.380051 1.35775 1.30812 1.359996 1.447654 1.674037 1.757172 1.651449 2.281505 2.156633 2.428885 2.438212 2.556545 2.513288 2.291955 2.202276 2.243711 1.684488 1.230761 0.8168342 0.5877901 0.5832544 0.6681106 1.146762 1.211734 1.392094 1.885115 1.987397 1.817945 1.944406 1.393927 1.602205 1.57936 1.305825 1.403713 1.521985
2.42106e-031 0.1138041 0.4101791 0.7541055 1.043712 1.252828 1.391064 1.472693 1.506799 1.307121 1.276041 1.237865 1.155196 1.143497 1.184072 1.295573 1.348534 1.346609 1.299394 1.251428 1.083397 0.8695117 0.9346009 0.9165817 0.9573625 1.176385 1.29647 1.262091 1.242124 1.532138 1.488979 1.784304 1.783801 1.945444 2.296185 2.154641 2.563534 2.493343 2.473164 2.475873 2.260412 2.178914 2.248595 1.697051 0.996779 1.095326 0.5923222 0.6478714 0.7137328 0.9479634 1.232892 1.404206 1.888856 1.727974 1.796465 1.930308 1.397695 1.788347 1.602528 1.28835 1.378046 1.517964
