rasters-batsmen/fafduplessis.asc
ncols         108
nrows         21
xllcorner     -3.075
yllcorner     -1.575
cellsize      0.15
NODATA_value  -9999
[rows 0 to 20 of 21, columns 0 to 61 of 108]
6.108319e-008 0.0933221 0.3399016 0.6452307 0.9312807 1.169075 1.358523 1.506114 1.615214 1.695402 1.751355 1.785436 1.801781 1.523814 1.512672 1.230432 1.150496 1.074017 1.058884 1.040145 1.017096 0.9889244 0.9546794 0.9132858 0.7648408 0.7761054 0.7361814 0.7019671 0.7371915 0.6319827 0.6291311 0.6759312 0.6611934 0.5603644 0.4940165 0.6134502 0.5853638 0.5512997 0.5762105 0.6753385 0.6107973 0.5700699 0.599027 0.6298358 0.6595463 0.7508511 0.8376569 0.9960447 0.9585405 0.8697526 1.014994 1.108982 1.155588 1.58498 1.907982 2.192437 2.196148 2.088554 1.763395 1.666669 1.83349 1.637104
0.1067565 0.2160054 0.4812897 0.7878251 1.058068 1.274845 1.44584 1.581149 1.680799 1.753049 1.802516 1.832538 1.846116 1.843547 1.541196 1.528919 1.163764 1.15282 1.074172 1.055413 1.031689 1.001884 0.9645514 0.9176308 0.8580914 0.7509148 0.6835015 0.6204247 0.6354163 0.5660353 0.5980552 0.6703998 0.6740107 0.6507025 0.523404 0.6316998 0.5894632 0.5403756 0.5510836 0.6377199 0.5841236 0.5548631 0.5922436 0.6311805 0.7336662 0.7600189 0.8443756 0.7576522 0.9263602 0.91384 0.9960205 1.111701 1.202592 1.431492 2.030596 2.317606 2.30894 2.109812 1.975927 1.672795 1.565566 1.540245
0.4501836 0.5707989 0.8032467 1.047882 1.254262 1.420904 1.557611 1.670706 1.758413 1.819859 1.860668 1.883203 1.890041 1.88362 1.575325 1.683705 1.461601 1.169929 1.09301 1.074969 1.051415 1.021 0.9819796 0.9316343 0.8645481 0.6967689 0.6245533 0.495426 0.4656365 0.4633895 0.5607454 0.673582 0.70063 0.750888 0.6970146 0.6546893 0.5908909 0.5246396 0.5157439 0.8607357 0.8325523 0.5346204 0.5851671 0.6358847 0.7428267 0.8428681 0.8502975 0.7596442 0.8850952 0.8679199 0.9574854 1.091906 1.297959 1.721368 2.031766 2.547978 2.491884 2.410094 2.001719 1.663298 1.532063 1.492034
0.953372 1.078235 1.233259 1.36919 1.482041 1.584139 1.680604 1.76913 1.844347 1.893878 1.924898 1.938891 1.93816 1.925055 2.171704 1.709055 1.483849 1.466031 1.371076 1.099285 1.076933 1.047124 1.008154 0.9578463 0.891161 0.7895073 0.5624094 0.32333 0.1864448 0.3278766 0.5344733 0.6993058 0.8052858 0.8085921 0.8113712 0.6801923 0.5932705 0.5535631 0.5129253 0.7128516 0.7544142 0.50704 0.5796548 0.7112595 0.7579796 0.8535636 0.8550054 0.8330557 0.5854623 0.7332495 0.8937764 0.9660868 1.280725 1.67027 2.509009 2.902996 2.809305 2.497851 1.99801 1.842276 1.640069 1.425171
1.432147 1.553413 1.630087 1.662508 1.690491 1.737141 1.800708 1.869424 1.932199 1.973423 1.994159 1.998762 1.989744 1.969643 2.190296 1.804989 1.510191 1.49536 1.408752 1.369357 1.108802 1.080818 1.043168 0.9952165 0.9386278 0.8653345 0.6259805 0.2773378 0.01783395 0.2728774 0.5599313 0.7615723 0.8957409 0.9042224 0.9243151 0.7150855 0.5978109 0.5202366 0.4351848 0.5747077 0.6325077 0.7756649 0.5797397 0.7284001 0.8443968 0.9288642 0.862245 0.8342516 0.5843664 0.8380178 1.166642 0.8555293 1.16753 1.574395 2.70592 3.849739 3.167568 2.494519 1.93827 1.744071 1.38618 1.144023
1.750013 1.856922 1.885768 1.860391 1.842724 1.861504 1.909488 1.968039 2.021747 2.057744 2.067645 2.061759 2.043582 2.253742 2.211038 2.028655 1.792895 1.530816 1.449351 1.413322 1.147645 1.122819 1.087146 1.040138 0.9895884 0.9674782 0.8465437 0.5132794 0.388917 0.3969431 0.6226649 0.8532355 1.050991 1.11746 0.9933046 0.8073157 0.6080592 0.4462761 0.3313933 0.3584039 0.4320071 0.7051373 0.5979462 0.7617345 0.864626 0.9321867 0.9344037 0.8368791 0.5833488 0.8194566 0.8255282 0.7118125 0.9554936 1.162593 2.107556 3.074888 2.670453 2.499914 2.034146 1.514721 1.257455 1.076533
1.895434 1.976673 1.986076 1.952029 1.933962 1.956747 2.008378 2.066787 2.115397 2.146482 2.144683 2.12622 2.097438 2.274609 2.232176 2.057003 1.821657 1.567027 1.553888 1.465261 1.420578 1.174528 1.141938 1.095155 1.037048 0.9963163 0.9151318 0.633559 0.3845336 0.3593721 0.634198 0.8931308 1.282418 1.565753 1.042069 0.8130443 0.6369495 0.4791365 0.2149145 0.09247085 0.1503106 0.6657571 0.7129174 0.8594201 0.9288589 0.9380163 0.940051 0.7790467 0.5276603 0.7891439 0.7929496 0.7796857 0.6067445 0.7833943 1.150184 1.376592 1.747338 2.389463 2.089392 1.079834 1.149016 0.9263089
1.929521 1.985654 1.992212 1.976222 1.982304 2.040148 2.108194 2.172441 2.217113 2.236527 2.224228 2.189037 2.147018 2.290259 2.250172 2.0871 1.855915 1.607563 1.601437 1.531595 1.4882 1.431065 1.209898 1.162366 1.106522 1.05503 0.891035 0.6856779 0.249429 0.1562386 0.6844875 0.8864235 1.038089 1.344759 0.8684906 0.8163354 0.7550221 0.5391092 0.2403675 0.1865854 0.4726221 0.9763463 1.143148 0.9254287 0.9386194 0.9507713 0.893832 0.756097 0.9713831 0.728312 0.7312591 0.8056131 0.4117578 0.7364118 0.5954781 0.8720075 1.264149 2.261004 3.368634 2.294314 0.7092443 0.4780145
1.929065 1.968426 1.983815 2.000149 2.045127 2.119807 2.202657 2.269389 2.304271 2.302799 2.304074 2.244174 2.341482 2.292406 2.155873 2.115358 2.077086 1.658249 1.664485 1.651409 1.609923 1.550394 1.466272 1.250765 1.141205 1.128979 1.125076 0.9014825 0.7800773 0.7313364 0.9537652 0.9706938 0.7654833 0.2882761 0.783703 0.8430682 0.87848 0.7315429 0.3018025 0.4924332 1.124757 1.513139 1.207374 0.9606314 0.9525887 0.9684454 0.9416338 0.9175957 0.9631287 0.5710055 0.6122176 0.7945453 0.6858536 0.6317491 0.4893923 0.9031547 0.3835629 2.062193 2.881171 1.893342 0.4608211 0.3967019
1.932299 1.972963 2.008686 2.059552 2.140528 2.244045 2.345257 2.417711 2.443181 2.415885 2.345483 2.280196 2.318157 2.266142 2.155303 2.135738 2.119618 1.941858 1.747504 1.750729 1.720865 1.672147 1.602873 1.373115 1.120533 1.13858 1.263641 0.9591714 0.88528 0.8450647 1.173478 1.292016 0.7977876 0.3156027 0.4556606 0.8525814 0.9955863 0.9535581 0.9055905 1.290073 1.576062 1.94625 1.127209 0.9705794 0.8139036 1.087549 1.10504 0.967466 0.577381 0.9469679 0.008290282 0.9541532 1.036652 1.611828 1.753669 0.6060791 0.4478081 2.98866 3.21062 0.9581186 0.5679177 0.9803917
1.946905 2.003823 2.068418 2.15459 2.2688 2.399307 2.519654 2.599777 2.614329 2.549314 2.414059 2.344121 2.211501 2.154757 2.120505 2.139864 2.159515 2.016958 1.856546 1.889199 1.880605 1.852993 1.860302 1.902416 1.502178 0.8813121 0.6435623 0.7895882 0.8604589 1.002942 1.248047 1.527625 0.6425822 0.3888709 0.6104353 0.806858 0.924666 1.01304 1.216161 1.292714 1.29195 2.357614 0.7873631 1.118108 1.190889 1.377735 0.7764478 1.75751 1.585182 0.8727577 1.715749 3.262252 2.304279 1.719561 5.026143 1.397202 0.9824201 3.807686 1.788254 0.6884662 1.588053 0.5848942
1.959725 2.040977 2.139045 2.262407 2.412151 2.5747 2.722878 2.822149 2.834711 2.723585 2.478664 2.235664 2.026899 1.989743 2.032178 2.118157 2.19128 2.250499 1.998446 2.087612 2.083821 2.059297 2.110792 2.719478 3.510998 1.089771 0.9782698 0.5934747 0.8621498 0.9839643 1.061527 1.31672 1.267381 0.05146277 0.4882478 0.8705631 0.9635753 1.086908 1.230656 1.0265 0.8353073 0.8042352 1.122028 1.034608 1.025529 1.099962 1.079962 1.411278 1.817551 1.282485 2.904885 0.7009696 1.328381 0.6080722 1.666481 0.1690922 0.9732823 3.196205 1.631137 0.9794938 1.087482 1.162121
1.9504 2.058873 2.192791 2.35651 2.547687 2.752136 2.943305 3.084459 3.125538 2.986722 2.572057 2.008662 1.653542 1.704191 1.894394 2.080314 2.219598 2.336307 2.291019 2.330174 2.490138 2.471165 2.294506 2.345692 2.182278 1.342855 0.969721 0.510677 0.8800745 0.9396004 1.002011 1.01831 0.9177625 0.5636246 0.3666386 0.8304512 0.9477389 1.136587 1.711424 1.260116 1.307248 1.878147 1.465108 2.333452 1.716394 0.5319499 0.9083363 1.875009 4.482547 1.170328 0.9479988 0.5061691 0.9034556 1.153725 3.617527 0.9600415 1.074624 2.467692 4.213092 3.088956 0.6704062 0.1195492
1.897603 2.033386 2.205066 2.413196 2.652231 2.907648 3.155318 3.361752 3.479405 3.401757 2.847517 1.702575 1.129183 1.396211 1.777193 2.057357 2.250448 2.417026 2.455603 2.662118 3.126726 3.362565 2.760533 2.155698 1.786416 1.276152 1.008446 0.724795 0.7523348 0.9024317 1.002274 1.002036 0.9858835 1.082133 0.9443694 0.953944 0.9360739 1.001845 1.348671 1.003818 1.483434 1.074669 1.470991 2.06604 0.8534921 0.1086643 2.137883 0.2317217 1.772513 1.634556 1.120157 1.165184 0.6070912 1.17818 0.9125074 0.5726086 0.8941992 1.440806 1.319906 0.6605342 0.9677671 0.3768784
1.779872 1.941221 2.153038 2.410457 2.702272 3.011727 3.317375 3.590972 3.789219 3.873353 3.365544 1.898082 1.132394 1.422663 1.812303 2.092331 2.291482 2.475602 2.553822 2.851755 3.509741 3.995845 3.226684 2.263556 1.751455 1.423527 1.05363 0.8044275 0.7584805 0.9372891 1.00806 1.009126 1.046892 1.513545 1.539797 0.5972165 0.4523927 0.9754921 1.22484 1.39537 1.377921 2.152014 2.01509 1.614495 0.8393661 0.7992768 1.035619 0.9186623 3.249984 1.219858 2.149091 3.033752 0.7160234 0.1077218 0.4012908 0.5850105 0.6614738 1.118235 3.70836 1.334218 0.5742549 1.138567
1.576003 1.758662 2.013781 2.326958 2.675128 3.034135 3.38274 3.700073 3.945206 3.958676 3.606579 2.622097 1.901373 1.831757 2.013991 2.189064 2.341682 2.501811 2.711009 2.758998 3.209375 3.412745 2.937173 2.241112 1.771842 1.475293 1.08466 0.7300723 0.7728361 0.9618964 1.020996 1.024343 1.02035 1.03084 0.9280954 0.5276173 0.482752 0.7896843 1.218216 1.369398 0.9853849 2.676185 1.737147 1.011552 0.4983428 0.873823 1.048331 0.6250201 0.6066135 0.5625387 1.279228 1.017489 1.15587 0.520229 0.528277 0.9277998 0.8784892 1.62402 1.743167 0.9249238 0.9547496 0.321007
1.270857 1.466011 1.767824 2.145735 2.554508 2.954734 3.320183 3.630184 3.83943 3.8189 3.512911 2.958289 2.468537 2.239116 2.245224 2.304506 2.390531 2.501272 2.647593 2.519864 2.73748 2.762156 2.496232 2.099269 1.761805 1.518261 1.208619 0.990061 0.8832682 0.9821149 1.014414 0.9793698 0.9048511 0.7767301 0.5611898 0.3340882 0.4740616 0.8436829 1.086373 1.140319 0.9883375 0.6749882 0.8611545 0.6409108 0.1970529 0.5394403 0.6014578 0.6570606 0.49184 0.5129411 1.397618 3.870335 1.731408 0.9170535 0.3648056 0.4383724 0.9466739 1.345262 1.329063 1.030448 1.072714 0.3907773
0.8736231 1.066206 1.415399 1.867114 2.341503 2.777089 3.141354 3.413879 3.561247 3.553608 3.344116 3.014463 2.70162 2.469778 2.413316 2.39922 2.428207 2.487263 2.57009 2.286931 2.383945 2.357441 2.192066 1.956835 1.728212 1.607596 1.324096 1.013413 0.8459401 0.9808438 0.9368349 0.9179297 0.8439096 0.6467509 0.3128783 0.01539814 0.3215798 0.7044265 0.9761087 1.043655 0.9014553 0.305399 0.4715874 0.6113135 0.5104502 0.1479134 0.3900483 0.5549797 0.4084592 0.4035287 1.506083 2.164908 1.678444 1.003983 0.2706716 0.3487927 0.8548363 1.153815 1.297584 1.127478 0.8635804 0.2519735
0.4479146 0.6203963 1.008182 1.530938 2.067609 2.533762 2.895233 3.141829 3.302358 3.290796 3.16364 2.965457 2.765284 2.566999 2.474929 2.460637 2.451313 2.46944 2.504114 2.269388 2.146476 2.11114 1.998898 1.846975 1.689439 1.409288 1.35196 1.049484 0.8438255 0.9716131 0.8476951 0.8169294 0.7433761 0.6144033 0.4219334 0.2682557 0.498395 0.7077124 0.940693 0.9913049 0.9116459 0.6888022 0.6510363 0.6549344 0.6485735 0.309648 0.4950619 0.4963523 0.679351 0.7869136 1.40634 1.482795 1.398334 1.049652 0.5788819 0.6904852 0.9211469 1.03827 1.062126 1.1316 0.9391477 0.5278647
0.1185272 0.263196 0.6643973 1.22508 1.795605 2.276707 2.635432 2.871889 3.046726 3.062562 2.996531 2.880475 2.753747 2.588594 2.506891 2.492609 2.461222 2.451744 2.397011 2.390345 1.985207 1.953824 1.872239 1.766677 1.719607 1.40253 1.36761 1.00102 0.8387442 0.8385376 0.8226486 0.7348593 0.7282299 0.6439993 0.5140799 0.4281941 0.6010375 0.7494172 0.7354223 0.978912 0.818083 0.8157508 0.7374803 0.703194 0.638728 0.5219606 0.5536436 0.7430961 0.8005105 0.9029225 1.135119 1.257726 1.314379 1.091329 0.7108732 0.8002765 0.9716273 1.008592 1.020647 1.136761 1.025093 0.6279064
2.488228e-031 0.1252315 0.503374 1.04093 1.591595 2.056475 2.402721 2.633307 2.828576 2.870701 2.848885 2.786893 2.709951 2.570738 2.50521 2.50339 2.461057 2.379869 2.354114 2.327206 1.935401 1.911395 1.785277 1.707768 1.482844 1.392297 1.376267 1.152269 1.098759 0.8241073 0.8067324 0.721212 0.7319905 0.67935 0.5344295 0.7422585 0.6874037 0.7926854 0.7358298 0.7678655 0.7747454 0.8088769 0.7794136 0.7371797 0.6869058 0.3606029 0.3630848 0.566911 0.6845948 0.7678204 1.092193 1.163496 1.254762 1.107517 0.7067851 0.8802977 1.208763 0.9990837 1.001333 1.206162 1.078798 0.6728813
