rasters-batsmen/gautamgambhir.asc
ncols         108
nrows         21
xllcorner     -3.075
yllcorner     -1.575
cellsize      0.15
NODATA_value  -9999
7.384948e-008 0.1137528 0.4060663 0.8043195 1.096577 1.295348 1.422068 1.457289 1.517598 1.505859 1.611238 1.951957 2.09575 1.899034 2.087514 2.501209 2.48764 2.56139 2.582486 2.523643 2.410656 2.192017 2.015188 1.857292 1.48892 1.140106 0.5648915 0.6695786 0.8591751 0.8434269 1.277037 1.149242 1.080742 1.088896 0.8749883 0.9817436 1.075098 1.014881 0.7787027 1.064591 1.523763 1.06519 0.9160151 0.9502995 0.9465902 0.8767391 0.9273933 1.136994 0.650612 1.076778 1.251691 1.022764 1.136663 1.122515 1.350013 1.104834 0.9376059 1.1832 1.60884 1.659731 1.285346 1.079226 1.073676 1.068693 0.8671317 1.077638 1.075351 1.28227 1.206533 0.9908285 0.979385 0.7762695 1.057526 0.7742257 0.5292425 0.2530166 0.2577844 0.4043733 0.5475646 0.5666692 0.570843 0.8504545 1.278757 1.311479 1.105077 1.121301 1.274036 1.405136 0.9582774 1.048038 1.353179 1.36535 1.708047 1.589216 2.073297 2.035403 1.602361 1.521573 1.628097 1.57147 1.497173 1.376588 1.24319 0.9868253 0.9434248 0.663982 0.203805 0.05082699 
0.1179766 0.240138 0.5309432 0.8439637 1.079229 1.339048 1.4349 1.4452 1.485128 1.454163 1.554176 1.869413 2.03526 2.185524 2.138509 2.592776 2.67054 2.798226 2.811279 2.682868 2.481015 2.243196 1.983528 1.805226 1.444593 1.116176 0.5957828 0.8085498 0.9143251 0.8426834 1.002563 1.11076 1.192249 1.019209 0.83825 0.9762491 1.090786 1.041425 0.8034424 1.072454 1.495849 1.376782 0.8573706 0.8682373 0.9241178 1.061405 0.928188 1.152688 0.80199 0.9425891 1.132523 0.84657 0.9236085 0.9968551 1.310056 1.109394 0.9524382 1.192422 1.901613 1.866479 1.281671 1.079811 0.9487823 1.061106 0.872292 1.077246 1.158094 1.207084 1.184801 0.9855936 0.9774022 1.004986 1.030152 0.7465636 0.5091511 0.3979275 0.3355148 0.4063194 0.5987284 0.562307 0.7096301 0.7678249 1.245592 1.299979 1.124103 1.220329 1.288355 1.04331 0.95651 1.050141 1.354865 1.394796 1.901195 1.717999 2.061446 1.999628 1.609356 1.549438 1.305751 1.584389 1.499525 1.061889 1.29516 1.091826 1.10643 0.9471916 0.6989022 0.5439255 
0.4396155 0.5559366 0.7890877 1.026657 1.195267 1.287826 1.327048 1.468938 1.438337 1.383192 1.471585 1.755016 1.942231 2.143262 2.402258 2.688308 2.921633 3.148057 3.164307 2.869242 2.542835 2.213034 1.916766 1.726354 1.389595 1.141323 0.8590797 0.8196111 0.9069735 0.8410596 0.8108772 1.07014 1.05466 0.8889984 0.7417484 0.9620744 1.136763 1.202742 1.199016 1.322978 1.474458 1.318466 0.7666369 0.7220087 0.6740539 1.002228 0.9925909 1.125451 0.918779 0.9601897 0.9824171 0.5395476 0.6318426 0.940217 1.287698 1.126579 1.049618 1.039708 1.880906 1.853227 1.278863 1.081819 0.9565421 0.8300283 0.8792536 1.069883 1.174756 0.9426071 1.171426 0.9699407 0.970264 0.9967023 0.9829364 0.6905447 0.5356821 0.3965406 0.2763923 0.4731588 0.5697773 0.5532644 0.7081866 0.7448818 1.235207 1.24383 1.187679 1.123671 1.221409 0.980288 1.051026 0.9937907 1.629784 1.766204 1.922487 2.128586 2.162654 1.939211 1.603532 1.649746 1.466143 1.607806 1.477143 1.091591 1.350813 1.212273 1.276067 1.33987 1.52157 1.404382 
0.8394255 0.9354751 1.089593 1.231761 1.318425 1.348572 1.342671 1.321537 1.297736 1.444075 1.419148 1.600657 1.805823 2.05561 2.385458 2.755569 3.093609 3.614844 3.670257 3.088463 2.537897 2.108027 1.794692 1.61499 1.331637 1.130952 0.9395221 0.8827867 0.8900838 0.8351081 0.81881 1.040115 0.9695945 0.6146681 0.4551659 0.9528776 1.281301 1.280331 1.128537 1.525253 1.301688 1.279907 0.7818326 0.4316173 0.5210894 1.045272 1.222132 1.294746 0.9472597 1.059772 1.134753 0.1624459 0.5917674 0.9904349 1.029844 1.153043 1.220948 0.8939518 1.842694 1.759865 1.586655 1.033154 0.9667657 0.8571605 1.042532 1.009385 1.177102 0.987621 1.167281 0.913403 0.9126591 1.01124 0.8369587 0.5492634 0.4867572 0.4610844 0.4294354 0.536061 0.404301 0.527118 0.713154 0.7010429 1.059931 1.135468 1.2835 1.010086 1.166945 0.976882 1.009001 0.9667181 1.439555 1.868205 2.055288 2.213299 2.286334 1.91558 1.555783 1.546126 1.710566 1.662993 1.374708 1.108573 1.31882 1.343431 1.333744 1.867432 2.45941 2.122262 
1.11548 1.281933 1.36657 1.423624 1.430323 1.393468 1.337943 1.286097 1.242792 1.314845 1.262741 1.349565 1.62008 1.91641 2.320522 2.764765 3.142523 3.708337 3.811069 3.056084 2.361498 1.859422 1.622972 1.376347 1.195253 1.188456 1.146548 1.016111 0.9457503 0.8146198 0.798263 0.9111629 0.9541812 0.5009933 0.09073603 1.29063 1.779849 1.402534 0.9836368 1.397262 1.400791 1.228259 0.7626905 0.04870421 0.3960785 1.12555 1.234213 1.47605 1.25973 1.334254 1.545755 1.291802 1.279465 1.068359 0.980266 1.164449 1.25275 1.11887 1.72296 1.620357 1.509822 1.056056 0.9992106 0.8942387 1.034717 0.9055591 1.31623 1.044446 0.9269658 0.7343046 0.3784907 1.194523 0.6608636 0.3122586 0.361062 0.6332766 0.506322 0.5116099 0.5148925 0.4152773 0.7308809 0.5774742 0.5753604 1.366185 1.793867 1.347689 1.11049 1.004859 0.9068685 0.8356014 1.506655 2.046907 2.188415 2.8004 2.504756 1.685644 1.514041 1.659692 2.584545 1.578901 0.9474513 1.031287 1.825616 1.509117 1.098195 1.908335 3.972741 2.492632 
1.417121 1.473377 1.614673 1.60339 1.531605 1.415028 1.296722 1.21818 1.172834 1.185519 1.097303 1.152372 1.398512 1.714713 2.195706 2.763875 3.174473 3.418198 3.380715 2.867184 1.942483 1.31423 1.311933 1.249387 1.263549 1.346207 1.2027 1.013252 0.7845065 0.7898405 0.8388073 0.8431343 0.938652 0.8152627 0.9294248 1.513991 2.931232 1.276753 0.3397675 1.096249 1.626811 0.3802842 1.172339 0.7020174 0.8632867 1.308436 0.9591318 1.294191 1.402006 1.610092 1.508188 2.511564 2.071809 0.9687848 0.7295005 1.35676 1.282966 1.115956 1.652795 1.360894 1.521959 1.067012 0.8552652 0.9414172 1.06794 1.160797 1.162807 1.108522 1.130734 0.4690832 1.014111 3.056725 0.7076527 0.2322 0.4880633 0.6287718 0.7331029 0.5102939 0.1209728 0.5964103 1.519439 1.282022 0.09652508 1.736941 3.350989 0.3545305 1.437076 1.305935 1.658417 0.9832174 1.43133 3.215188 2.237233 3.241228 2.748987 1.020732 1.273649 1.334406 3.020266 1.015572 0.2003291 0.6574928 0.6672239 0.8510633 0.3831344 1.046531 1.664809 1.537274 
1.685477 1.744873 1.767026 1.80461 1.646633 1.410594 1.177681 1.07016 1.137861 1.092327 1.007651 1.021049 1.132912 1.430819 1.944533 2.755701 3.603081 3.700345 3.815023 2.984543 1.352034 0.2485382 0.983857 1.042615 1.165951 1.869355 1.195233 0.9408558 0.6348591 0.6926038 0.9258701 0.9936506 0.3428487 0.8516265 1.141441 1.072615 1.348427 0.9107066 0.7687655 1.489717 2.058206 2.490762 1.872259 1.615175 1.817285 1.246398 0.8356363 1.370468 1.167126 1.410385 0.9372769 3.228078 2.568992 1.371451 1.215785 1.975538 1.225733 0.8221617 1.671433 1.816939 3.438352 1.019087 0.6954379 0.8526785 0.8809049 1.340682 1.021473 0.7397813 0.4983691 0.03559716 0.501491 2.046207 1.498476 1.144683 0.4826896 1.094837 0.0013843 0.9653966 0.9865997 0.7968861 0.05146364 1.106644 1.544009 1.450061 0.7440122 1.12322 1.249077 1.499531 0.5124984 0.8301745 0.6497185 1.752433 1.814036 2.415657 2.276473 0.8859547 1.206979 1.897773 2.046836 0.3326356 0.481381 0.4989448 0.538294 0.06378073 0.348622 0.2190114 0.7090493 0.9276472 
1.941837 2.032974 2.07702 2.014198 1.846596 1.412979 0.9013264 0.681532 0.9776933 1.023307 0.838707 0.8350796 0.8405129 0.8209582 1.467014 2.373462 3.370945 3.46811 3.477495 3.786928 1.807197 0.6358951 0.9917068 1.016894 0.5540558 0.6147267 1.02249 0.859035 0.2848039 0.221009 1.101661 2.028591 1.506099 1.959646 1.178618 1.339157 1.191277 1.359524 0.6567427 1.584278 2.295517 2.832973 1.426018 1.309064 1.822042 2.166001 2.475857 1.445464 2.029219 1.121234 1.113185 3.408334 1.005937 0.7236615 1.45417 3.196229 0.05050664 1.371369 0.5029597 2.735217 1.199706 1.369475 0.07077272 0.7254499 0.2193326 2.084015 1.678469 0.6436729 1.155118 1.051234 0.8906923 1.052018 0.7283911 0.7681155 1.264494 0.7370168 0.538651 2.094223 2.141005 0.4625799 0.5926216 0.8416231 2.113366 1.050817 0.5912735 0.8686953 2.073478 1.740256 0.2365546 0.431779 1.909889 1.713953 2.240035 5.196066 2.837443 2.17291 2.882677 2.626484 1.555431 0.9815648 0.6526938 0.2131385 0.6782202 0.2519043 0.5058008 1.168389 1.335382 0.8829898 
2.196223 2.360329 2.49752 2.514932 2.306197 1.622463 0.6353225 0.03078437 0.8934687 1.094177 0.2082647 0.5132147 0.5414066 0.02939007 1.024171 1.595665 2.103083 2.399097 2.27315 2.581062 1.960378 1.346868 1.146383 1.127256 1.032847 1.344444 1.210864 0.9486415 0.4125733 0.2534558 1.279723 3.280126 1.387743 0.4279713 0.5504494 0.7291639 0.8831996 2.771668 1.200891 0.3634631 0.426434 1.109109 0.964242 1.147224 1.946169 0.6546403 3.732378 1.724385 1.33388 2.714335 2.345101 1.403587 1.708786 3.741331 0.7230129 0.2437783 1.403116 1.696151 0.886361 1.142678 0.9754485 3.741009 1.958007 0.1115626 1.094526 0.4677038 1.786353 0.4246393 0.2995819 0.01687709 0.8945176 1.001089 0.9676486 1.225538 0.7130936 0.8129672 0.2785302 1.134587 1.15151 0.225037 0.6922362 1.272033 2.44762 1.510349 0.9000736 0.9201624 0.7280801 0.6947029 0.2151449 0.8647986 1.910755 0.6417729 2.236733 2.874915 2.04618 2.784612 3.243239 3.819402 1.846966 1.513358 0.8979012 0.2652213 1.416979 0.8546997 0.7384832 0.8984473 0.8897836 0.9531159 
2.43556 2.713909 3.045346 3.347529 3.294266 2.47807 1.282426 0.8303689 1.282638 1.665373 1.369821 1.210072 0.9444187 0.7268293 1.088499 1.009854 1.427122 1.4906 0.3525806 0.6604402 1.430468 1.360625 1.221961 1.242242 1.435936 1.677469 1.055081 1.497893 1.741004 1.18917 1.243049 1.003812 1.076793 0.3477323 0.870184 0.1067675 0.2090913 2.214565 1.200339 0.7356479 0.3146669 0.3870038 0.8649297 1.252473 1.922379 1.764057 1.304366 1.000245 1.042247 1.915776 2.193589 2.497928 0.7882462 1.120603 0.7601632 1.484846 0.9335496 0.3199119 1.677421 0.3591741 1.823609 0.2952256 1.304675 1.433978 0.7488155 0.7070765 0.576763 1.124906 0.3631348 1.663957 2.194321 0.1310314 0.6385925 0.3640558 0.7445588 0.3798754 0.2282058 0.9905234 1.091034 0.3667644 2.958142 2.258789 2.884605 1.922183 1.981401 0.8671534 0.4556487 0.9517569 0.5490565 0.7309667 1.342833 1.141654 1.695179 3.305716 3.203524 2.590856 1.984787 1.499452 1.073666 1.134911 1.170764 1.292292 1.39545 1.4988 1.411972 0.751515 0.3446285 0.660018 
2.619588 3.017111 3.59393 4.398597 5.044943 4.076075 2.333774 1.579563 1.105227 2.317324 1.900129 1.85977 1.474557 1.224035 1.287823 1.243928 1.409994 1.373639 0.8811238 0.9532114 1.080353 1.140793 1.215498 1.302127 1.441153 1.373438 1.00883 1.930462 3.752804 1.475085 1.257249 1.098314 1.091247 0.7275155 0.715547 0.9031219 0.9022847 1.02107 2.93951 0.4012666 1.036273 0.7485342 1.243566 0.4781783 1.777951 2.950084 2.133252 3.363395 1.007808 1.268049 1.01396 1.02758 2.519315 1.410861 2.093191 0.7608508 0.9010363 2.081048 0.7104174 2.074787 0.4680339 0.8726857 1.479029 0.7733053 2.255614 0.8452514 0.3276667 2.475186 1.135999 0.05900666 0.180241 0.9806737 1.032422 0.1025133 1.209444 1.582397 3.493974 0.3563414 0.05860482 0.4137354 0.9309913 1.352801 3.123532 1.372829 0.392494 0.4419382 1.597607 2.96917 0.5393213 0.3988202 0.7841243 0.7241765 2.057451 2.592 2.326239 1.429634 0.9929899 0.3154034 0.6713771 1.218096 1.841137 0.3777662 2.447442 3.302408 1.53603 0.8256747 0.4360538 0.8022924 
2.697527 3.151477 3.840785 4.883215 5.927922 5.024864 2.94844 1.949812 1.692198 2.36993 2.983312 2.251269 1.752817 1.488109 1.499728 1.469276 1.454233 1.445054 1.23692 1.103909 1.022613 1.078701 1.222483 1.342256 1.487535 1.417532 1.273304 2.307153 2.071891 1.123244 1.093576 0.9175625 0.9385008 0.7839997 0.4194036 0.4393926 0.9244466 1.192738 1.053567 0.4575757 0.09901138 1.021887 0.8468205 0.8458645 1.611962 1.615419 1.336417 1.153935 1.073594 0.8201767 1.304582 0.6441761 1.524609 0.204806 2.065776 2.107202 0.9621213 1.038637 2.312918 2.237795 1.060462 0.6469055 2.113927 1.042457 1.111078 0.4213872 0.296239 0.2814337 2.325989 0.6629573 0.7509665 0.356645 0.9590966 0.7572489 1.433803 1.261179 1.34779 1.450666 0.2426178 0.8624117 0.5758997 0.7800511 2.054547 1.225791 0.01698006 2.736249 1.70964 0.7900193 0.5613344 0.4622884 0.9073224 2.193146 1.824423 3.92629 3.549547 0.5799207 0.7467644 1.171414 1.00219 1.826785 2.498014 2.813864 3.041141 1.906947 1.013418 1.000496 1.354393 1.315582 
2.642658 3.059568 3.637409 4.362881 4.846206 4.229631 2.954849 2.217367 2.039736 2.053215 2.083889 2.094977 1.863527 1.518697 1.640954 1.591006 1.525358 1.46486 1.267859 1.224361 1.193642 1.128001 1.340741 1.388997 1.480891 1.515362 1.473268 2.513304 2.340589 1.27068 0.6027321 0.6979257 0.9304168 0.8286799 0.6877087 0.783301 0.9320055 1.373622 1.377145 2.755837 1.734785 0.9550419 0.8851229 0.3901359 1.198393 2.002921 2.66976 1.309278 1.016722 0.40577 1.209625 1.41582 0.871444 1.797058 0.3185899 1.250228 1.96474 0.786793 0.8110192 1.554966 0.9985182 1.260318 0.6379483 1.082735 0.2504085 0.568537 0.484575 0.9342062 1.347765 3.024647 1.378631 0.4782959 0.01448362 3.946745 0.8560182 0.5676113 0.9251583 1.096343 0.9408913 0.2609007 2.373673 0.9959894 0.8634959 1.156071 1.070008 1.808007 2.046019 2.012105 2.648392 0.7970967 1.000233 1.94895 2.693547 3.467959 2.231956 1.140814 0.5142183 1.146274 0.265947 1.116788 1.428403 1.473356 0.5483824 0.555776 0.799495 1.196333 1.335397 1.423025 
2.46781 2.796502 3.186577 3.553806 3.665767 3.341076 2.722423 2.279447 2.099108 2.045589 2.039232 2.00159 1.866742 1.558375 1.720803 1.665629 1.584791 1.527755 1.38559 1.309481 1.311845 1.194878 1.410152 1.430036 1.52768 1.629495 1.739124 1.917856 1.748009 1.25817 0.7211807 0.9037016 0.8912272 0.7778863 0.6445287 0.8179364 0.7547962 0.1169077 1.03616 2.180424 1.77326 1.159629 0.7090081 0.5968443 0.9795262 0.5399032 0.2183944 1.336312 0.8030687 0.7123169 1.097881 1.739136 3.978132 1.845035 0.6385979 0.6786891 0.9837809 2.20734 1.76782 0.9637382 0.9231931 2.343269 0.4172405 0.4937261 0.506426 0.1920996 1.241091 2.1961 3.386388 1.864656 0.5211246 0.5613269 0.5055155 0.8577005 1.556615 2.247417 1.010959 1.12816 1.182038 0.5288296 2.305306 1.296601 0.3322195 0.7279294 1.01947 2.381153 3.781229 2.533367 1.633347 1.554176 1.264222 1.822769 2.784241 5.973722 1.359955 2.835204 0.6427745 0.2835583 0.6879199 0.83999 1.079833 0.7913136 0.1592592 0.4142823 1.181111 2.596956 1.671221 1.602508 
2.202631 2.448203 2.706058 2.90187 2.996799 2.805393 2.505332 2.253284 2.112496 2.052452 2.013463 1.953409 1.756207 1.557995 1.763698 1.71417 1.675853 1.582038 1.432292 1.408147 1.392682 1.247148 1.565796 1.462698 1.583982 1.639139 1.691386 1.700624 1.53831 1.272652 1.05853 0.8910913 0.8375205 0.7172429 0.5902314 0.825121 0.9037613 0.6956484 0.9970616 1.668024 1.471094 1.222702 0.6214509 0.9006404 0.9887018 1.221205 1.203126 1.197179 0.8977985 0.9031112 1.160635 1.672759 2.100819 1.647689 1.010926 0.9274501 1.172781 1.539218 1.482521 1.056801 1.195297 1.241704 0.8509005 0.4632507 0.2147623 0.7403948 1.506263 2.213172 2.709634 1.802367 0.7419015 0.4093159 0.5982755 1.349411 1.677605 1.395047 0.4628426 0.5865459 1.286 0.7734692 1.501101 1.158307 0.5261255 0.726505 1.22229 1.449506 2.171008 2.274576 1.226932 3.375239 2.056329 2.21759 2.5871 2.322185 0.6349211 0.965602 0.5837981 0.332287 0.8677546 5.058099 1.51134 0.7279022 0.4503722 0.7335705 1.338457 1.838245 1.796629 1.66926 
1.864711 2.056242 2.257578 2.410692 2.53688 2.466149 2.328322 2.191532 2.012206 1.949578 1.986676 1.834979 1.730459 1.540655 1.786963 1.746674 1.713563 1.627144 1.46607 1.445529 1.450668 1.55282 1.607665 1.474493 1.578414 1.612254 1.621408 1.58434 1.448633 1.299361 1.121924 0.9035432 0.7641093 0.6869239 0.8374077 0.8408228 1.015345 0.9760779 1.095375 1.422614 1.326023 1.22631 0.8065349 0.9790341 1.116424 1.292023 1.327177 1.241912 0.8951659 0.9759545 1.182034 1.587905 1.68205 1.35808 1.046731 1.411402 1.404426 1.257348 1.25228 1.247517 1.237295 1.094729 0.7228544 0.6483681 0.4134516 0.8571158 1.635161 2.044637 2.230591 1.787703 0.718997 0.5403692 0.6251487 1.446183 1.401739 1.082492 0.8949499 0.9113438 1.16868 1.022172 1.025605 0.961622 1.155634 2.317349 2.170967 1.86303 2.123766 2.321668 1.587706 1.964731 1.824913 1.975568 2.175911 1.848091 1.420683 0.8489591 0.4948804 0.5726549 0.9351784 1.769193 1.435128 0.9451324 0.6712907 0.7816373 1.319637 1.58868 1.704472 1.65925 
1.454514 1.619403 1.821771 2.001089 2.190642 2.211152 2.171851 2.012326 1.949095 1.894044 1.838915 1.798854 1.709789 1.754967 1.800372 1.769131 1.742471 1.663298 1.49081 1.47951 1.329335 1.595712 1.420111 1.474532 1.565018 1.577055 1.5679 1.525383 1.412424 1.31985 1.182781 0.9381412 0.6420472 0.6130472 0.8465914 1.056759 1.088786 1.063458 1.37352 1.379256 1.259744 1.21004 0.8221056 1.01923 1.276922 1.308834 1.352203 1.205121 1.212764 1.241789 1.296642 1.482802 1.573331 1.298666 1.056192 1.522829 1.619779 1.093242 1.090324 1.284978 1.22919 1.052224 0.7283058 0.5721053 0.6467529 1.055249 1.793183 2.074684 2.072517 1.791895 0.7388213 0.5517718 0.5722862 1.173849 1.29582 1.015871 1.057463 1.041091 1.180328 1.188918 1.288692 1.042516 1.253762 1.584489 1.827305 1.941907 2.151571 2.342515 2.093724 1.745554 1.92878 2.10726 2.259473 1.964751 1.54926 0.890144 0.7550133 0.877151 1.000125 1.253731 1.168525 0.9457845 0.8098297 0.8524071 1.297884 1.431542 1.623073 1.524851 
0.9780851 1.132525 1.375336 1.7026 1.889277 1.99031 1.918396 1.904809 1.873041 1.833257 1.786772 1.772245 1.694217 1.760502 1.808942 1.785259 1.764563 1.803022 1.635817 1.390898 1.589887 1.439484 1.42833 1.470244 1.547357 1.548566 1.532784 1.494539 1.397089 1.286288 1.218179 0.9594604 0.8556221 0.5996789 0.8552394 1.02206 1.061885 1.096155 1.397994 1.569738 1.223529 1.112636 0.8272026 1.042409 1.297316 1.314191 1.362356 1.211393 1.241972 1.274382 1.486194 1.446564 1.52176 1.330659 1.056064 1.52236 1.635176 1.04058 1.039914 1.293752 1.246494 0.7800241 0.6674817 0.6096396 0.969359 1.095692 1.806041 1.944603 1.801226 1.66405 1.040448 0.5589557 0.8565558 1.08534 1.250333 0.9985234 1.131415 1.363031 1.204026 0.9970756 1.320512 1.324847 1.223683 1.366556 1.681158 1.869807 2.119561 2.364655 2.345594 1.906708 2.065332 2.058229 1.959917 1.990811 1.528858 0.9128701 0.8248941 0.9089966 0.8743151 0.982096 1.031886 0.865968 0.8740761 1.231557 1.220939 1.256079 1.293555 1.312507 
0.4920014 0.639542 0.9394906 1.342159 1.525356 1.686285 1.767446 1.795425 1.791905 1.770054 1.736089 1.691171 1.682318 1.765504 1.925682 1.797342 1.781583 1.824247 1.667059 1.415422 1.618103 1.459502 1.431883 1.526776 1.531072 1.527555 1.51031 1.478078 1.390353 1.291516 1.240129 0.9688045 0.8638873 0.8477691 1.058591 1.041066 1.080976 1.109394 1.409434 1.495423 1.203572 1.095666 1.198839 1.055939 1.23367 1.314936 1.368892 1.21581 1.259361 1.293337 1.429352 1.422263 1.493633 1.310636 1.189011 1.558771 1.279992 1.011013 1.011019 1.22319 1.248777 0.7668931 0.6666334 0.6304763 1.030604 1.260011 1.813366 1.904066 1.756244 1.663916 0.9911663 0.5627396 0.8752972 1.073815 1.302445 1.0636 1.165399 1.412795 1.224294 1.202887 1.189508 1.341946 1.185173 1.285787 1.623357 1.844478 2.126205 2.398706 2.652591 1.882072 2.044358 2.025248 1.936329 1.930449 1.538527 1.265762 1.238584 0.933176 0.8340178 0.895229 0.8924906 0.8340049 0.8055947 1.201622 1.022738 1.001082 0.9159055 0.9034222 
0.1265157 0.2625847 0.5982256 0.9840729 1.298953 1.509453 1.631393 1.691461 1.71188 1.707446 1.686854 1.651826 1.607108 1.770071 1.94581 1.806772 1.613789 1.840706 1.697363 1.497415 1.639725 1.40573 1.432804 1.5183 1.518204 1.449241 1.43725 1.469266 1.333985 1.29526 1.193256 0.9741122 0.8707762 0.8561872 1.078793 1.054064 1.160963 1.18488 1.415269 1.492227 1.188642 0.7904341 1.137696 1.211499 1.236073 1.315172 1.373863 1.21888 1.271556 1.305024 1.429806 1.405179 1.476523 1.297876 1.625183 1.43078 1.27888 1.067028 0.9926441 1.216074 1.249353 1.121861 0.6661226 0.6425217 1.069185 1.282267 1.888714 1.874871 1.659332 1.296654 1.00199 0.6399676 0.886556 0.9173151 1.07188 1.063382 1.18503 1.444611 1.239888 1.218728 1.187612 1.34731 1.158945 1.184444 1.784788 2.018877 2.129584 2.417448 2.421302 2.204806 2.023548 2.005887 1.923665 1.931363 1.47842 1.304595 1.286675 0.9403213 0.8008427 0.8449311 0.8386984 0.7839438 0.7686116 1.128216 0.8566851 0.719285 0.3707524 0.3218351 
2.540104e-031 0.1197971 0.4384496 0.8194436 1.144523 1.374395 1.518541 1.599626 1.638039 1.648369 1.639329 1.61465 1.580695 1.540559 1.963252 1.814402 1.620101 1.664557 1.721386 1.512007 1.451782 1.410574 1.431135 1.510498 1.508373 1.436832 1.426021 1.464672 1.329139 1.238819 1.197042 0.977351 0.876447 0.8635041 1.094706 1.063071 1.167864 1.186862 1.417944 1.490509 1.17773 0.7789693 1.144182 1.448254 1.23754 1.315532 1.377871 1.221495 1.28049 1.312607 1.429374 1.393183 1.465225 1.289234 1.640958 1.437595 1.277204 0.9779242 1.278272 1.208055 1.175997 1.132639 0.6658075 0.7226917 1.094576 1.29653 1.8904 1.856028 1.637185 1.288018 1.007924 0.6483675 0.8921548 0.9109523 0.7661907 1.062964 1.270789 1.466614 1.46952 1.226607 1.184782 1.348508 1.141512 1.157203 1.781027 2.022165 2.131742 2.154935 2.434623 2.426216 1.731702 1.995251 1.838531 1.647157 1.838574 1.331352 1.318245 0.9418361 0.7765346 0.8077273 0.7876146 0.7382267 0.7280924 0.9944527 1.02324 0.5063164 0.1071055 0.03004897 
