rasters-batsmen/kieronpollard.asc
ncols         108
nrows         21
xllcorner     -3.075
yllcorner     -1.575
cellsize      0.15
NODATA_value  -9999
[rows 0 to 20 of 21, columns 0 to 61 of 108]
1.447805e-007 0.1920733 0.5330266 0.7580935 0.8602992 0.7073829 0.6892701 0.652943 0.5449372 0.6685923 0.6752594 0.6678891 0.6679165 0.7212518 0.852931 0.925958 1.053947 1.131469 1.141318 1.217779 1.269246 1.474174 1.879504 1.66173 1.738433 1.803745 1.751142 1.712216 1.664356 1.064552 1.036631 1.057733 0.9503386 0.9104421 0.7591705 0.6635236 0.5847024 0.3875759 0.3457996 0.7671164 0.8239052 1.205341 1.34938 1.605283 2.063223 1.971765 1.993512 1.805122 1.679411 1.256872 1.114299 0.913501 0.535682 0.7286362 0.7854405 1.335951 1.579976 1.589167 1.920593 2.009609 2.060374 1.996316
0.2442899 0.4391362 0.7154188 0.8717168 0.9199262 0.7406011 0.7048267 0.6549959 0.7126365 0.6487563 0.6834551 0.6120244 0.6351849 0.6313207 0.7541531 0.8546403 1.013633 1.12103 1.150287 1.214553 1.249279 1.42245 1.65619 1.686964 1.732083 1.810467 1.763189 1.71442 1.650113 1.312399 1.0997 1.047703 0.9918776 0.8841808 0.7328259 0.6333345 0.5584654 0.3839283 0.3976658 0.7271687 0.793537 0.8826566 1.350554 1.643309 2.121531 2.093913 2.019781 1.814105 1.65714 1.292749 1.07441 0.8570163 0.5088005 0.4747163 0.7419848 1.273688 1.55589 1.744538 1.968503 2.05739 2.090101 1.988552
0.7986364 0.9127604 1.022074 1.005253 0.9659871 0.9311419 0.7131289 0.653353 0.7608483 0.668559 0.4556042 0.5435936 0.53226 0.4963509 0.4527796 0.7518865 0.9605944 1.114807 1.206728 1.208095 1.201504 1.391604 1.570458 1.750495 1.675101 2.070975 2.02125 1.715451 1.632443 1.304147 1.046233 1.031601 0.9579954 0.8471096 0.6975424 0.4991899 0.5169879 0.3749474 0.3996695 0.7161064 0.7473331 0.8617809 1.349417 2.055134 2.207803 2.180156 2.059434 1.865799 1.621049 1.256743 1.023453 0.6948273 0.4662139 0.4305084 0.6676779 1.188032 1.528997 1.894314 2.04674 2.134692 2.178319 1.680661
1.283928 1.354306 1.290154 1.103192 0.9361879 0.8966334 0.7078986 0.8611309 0.7454059 0.6717665 0.4152631 0.4581552 0.4147713 0.2884989 0.2918957 0.6171024 0.8499619 1.114487 1.245499 1.200528 1.094867 1.209418 1.412916 1.637844 1.699164 2.077624 2.056419 1.697686 1.612064 1.30223 1.103889 1.000769 0.8925591 0.7884386 0.6490912 0.4500051 0.3012525 0.3785777 0.4380867 0.4706399 0.6706468 0.8224989 1.394633 2.130545 2.238047 2.349989 2.120717 1.839947 1.353004 1.151903 0.9078785 0.738236 0.4003669 0.3320126 0.5374382 0.8811029 1.502482 1.896346 2.180976 2.26196 2.109089 1.667143
1.661141 1.825779 1.606317 0.9944858 0.7283801 0.7952346 0.8913491 0.8516459 0.7808878 0.7113115 0.3428032 0.3388125 0.3336093 0.09193449 0.1014246 0.5093651 0.6797444 1.153406 1.363894 1.257731 1.038386 1.081414 1.431084 1.518631 1.873697 2.085741 1.972754 1.829458 1.58574 1.173843 1.30856 0.9818038 0.731188 0.602277 0.5586161 0.5323842 0.1811848 0.2718109 0.4630255 0.3990412 0.5308728 0.7909689 1.394542 2.267461 2.429708 2.518661 2.280776 1.776195 1.263333 1.059359 0.8241532 0.6373221 0.3336214 0.1104009 0.2731019 0.8742442 1.45008 1.94542 2.508334 2.448198 2.181672 1.620425
1.851818 2.589336 2.309067 0.5690224 0.2226706 0.7251233 0.8757789 0.9024764 0.9406608 0.7650063 0.2502852 0.05052976 0.3088633 0.3571453 0.3502067 0.3589427 0.1718015 1.362896 1.688302 1.523522 1.251214 1.343732 1.338059 1.723018 1.982841 2.011529 1.761196 1.590481 1.357368 1.386839 1.360068 1.016009 0.3275523 0.4101118 0.5504755 0.4850984 0.09388638 0.1840702 0.6647978 0.1909442 0.3796962 0.6542528 1.19287 2.434731 2.612994 2.817575 2.64349 1.406034 0.7990717 0.8910792 0.5447115 0.3083584 0.3259918 0.2415056 0.4484901 0.9790176 1.348796 2.073376 2.917971 2.810378 2.228788 1.537548
1.626635 1.153777 1.65499 0.9265338 0.6477624 0.9913703 0.915203 1.194061 1.008967 0.894926 0.5428761 0.1883782 0.4827317 0.696005 0.6734946 0.7103364 1.186189 2.607261 2.402525 1.687227 1.108321 1.086148 1.255082 1.645264 2.159796 2.164873 1.525759 1.190726 1.534737 1.576646 1.524947 1.213025 0.4549605 0.5894023 0.6378312 0.5394675 0.4049257 0.5377071 0.9699081 1.70483 0.07104753 0.4696726 1.170074 2.940071 2.013707 3.211323 5.301242 0.2964553 0.1855049 0.9176905 0.7939999 0.1965259 0.4486937 0.6849997 0.681804 0.8833712 1.168927 2.361815 3.493132 3.430171 2.190069 1.434331
1.477997 1.212866 1.261671 1.259044 1.137505 1.161781 1.19408 1.101503 1.005459 1.028681 1.061751 0.8072819 0.7749653 0.9249118 0.8574058 1.213382 1.798553 3.732439 2.78259 1.992195 0.06590181 0.8741591 0.9843311 1.529234 2.518359 2.608477 2.159573 1.933249 1.567991 1.805407 1.303328 1.520912 1.778986 1.190173 0.4771254 0.3355094 0.615635 0.7103968 0.8594669 0.4831932 0.04745301 0.2886866 0.9987413 2.381759 3.241282 2.461905 2.837052 1.635536 1.258625 1.471656 1.338988 0.7635791 0.6030601 1.084316 0.6150027 0.6994988 0.9300646 2.386342 3.316149 4.84709 1.667052 1.076635
1.617539 1.584898 1.430992 1.22682 1.021783 1.172299 1.198851 1.123457 0.6938085 0.5239846 1.564192 1.655302 1.133046 0.9279315 0.8619585 1.005336 1.207657 1.824782 2.231037 4.95476 1.519962 1.013516 0.05459216 1.239611 2.854311 4.232072 1.382823 1.865391 1.83688 1.350154 0.3290321 1.58598 3.992325 1.530467 0.5784003 0.3883879 0.6112281 0.9895458 1.158356 0.6117521 0.1989062 0.0512142 0.7633576 0.9596455 2.686853 2.901751 1.758437 2.206148 1.394691 3.370596 1.778149 1.141883 0.1638197 2.935431 0.4390133 0.45901 1.04706 1.38379 5.508803 1.599711 1.288402 0.9894152
1.816797 2.083689 1.88465 1.476561 1.006935 1.183152 1.060061 1.217606 0.9981384 0.9353277 2.966539 2.518816 1.274953 1.087605 0.5109349 0.9556833 1.060746 1.358173 1.615812 3.216803 1.746257 1.379849 0.9645783 1.444918 1.695184 3.053993 3.418136 1.728533 1.206553 1.314311 2.438785 1.317129 1.297395 1.101719 0.6053676 0.4514866 0.6996921 0.8497667 1.562171 0.9070036 0.06274262 0.8979278 1.073795 0.7029268 1.767057 1.468004 4.489102 5.860252 1.483972 1.081093 1.971997 1.248669 2.810637 0.8825068 0.8308116 0.3112401 0.4947511 1.646817 1.611303 0.9827169 0.618732 1.133816
1.91523 2.469359 3.639592 2.205763 1.354348 1.191544 1.211469 1.527115 2.317933 2.218228 3.118176 2.320181 1.027541 1.032679 0.6691907 0.9740662 1.007278 1.412862 2.024619 2.325913 1.777843 1.190924 1.26109 1.294686 1.397064 1.981334 3.281933 3.395347 2.490602 1.234405 1.426241 0.9378935 0.5967913 0.9709818 0.9087902 0.8447551 0.6363009 0.2802772 1.299016 0.6850347 0.7587091 1.862343 1.604525 1.703148 1.238006 0.9365516 1.021132 2.636863 3.169004 0.2690753 3.422325 4.76492 0.3929451 1.081596 3.804787 0.2381623 0.5353623 0.5486172 0.6025673 1.09167 0.9601116 0.9773311
1.746208 1.985234 2.161691 1.851887 1.470812 1.146413 1.540097 3.453133 5.170094 2.397196 1.675741 1.783244 1.422992 1.434603 1.34435 1.064139 1.355978 1.83662 2.013305 2.327195 4.326034 1.171526 1.386929 1.837738 1.174391 0.42106 2.284157 2.909969 3.386902 1.366292 0.9844835 0.4729814 0.6607545 1.559024 1.105493 0.1366473 0.9017255 0.9640856 1.126776 1.497475 1.918439 1.185385 1.638025 1.461562 1.04916 1.495926 0.7840527 2.79883 1.745415 1.810048 3.769597 0.9539112 0.4810488 1.422024 0.6904764 1.263091 0.7174628 0.3249203 0.9136895 0.3772186 0.6116447 1.613199
1.443851 1.341206 1.373006 1.507786 1.452171 1.53131 1.855603 3.250188 3.933109 1.817112 1.145138 1.61642 2.043619 2.485215 2.756912 2.865952 0.928126 2.69609 2.095042 1.426564 0.1147743 1.656438 1.446988 0.9500258 0.9356155 1.099697 1.7323 2.082359 1.306307 1.081626 0.8359411 0.7025841 0.8844789 2.767285 1.500226 0.5992052 0.7984901 0.7822348 1.30523 0.6252781 3.392236 2.340032 2.545438 1.65286 1.88474 3.076939 1.039171 1.29381 2.526754 1.803453 1.35995 1.387215 2.672477 2.368969 1.944374 1.136981 2.214044 1.003675 1.534106 1.568353 1.861483 0.3899382
1.13514 1.060322 1.041015 1.072871 1.289984 1.557886 1.809161 2.303117 2.314677 1.81939 1.146322 1.535473 2.206039 3.67214 3.617078 4.933717 2.841321 3.66372 2.236745 1.506209 1.601322 2.02061 1.037992 0.04037156 0.9249586 1.301051 2.109535 0.4479975 1.132035 1.027794 0.5307329 0.2864081 0.4326782 0.7095746 0.3286207 0.974633 0.9315201 0.8970751 1.170851 1.174184 0.6831956 2.541461 5.72692 1.142727 5.94347 4.589828 3.269724 0.6950511 0.2582282 2.68611 2.125561 3.058041 1.782553 1.272766 2.240659 2.461096 1.289529 1.364769 0.7858463 0.6804646 5.214014 2.290323
1.066437 1.034651 1.047992 1.081082 0.9454917 1.059859 1.434363 1.837895 1.996452 1.880536 1.553407 1.566948 1.06995 2.335705 3.783963 4.141266 3.508846 3.464698 2.034443 1.26783 1.204804 3.517483 3.306778 1.580958 0.8297775 1.398466 2.262755 0.06889407 0.7147423 0.6096677 0.7679437 0.5499329 0.6341597 0.05108505 1.0107 0.7321472 0.6613608 0.7416676 0.9754896 1.010391 2.262204 1.192694 2.007387 1.842706 3.570362 2.893496 1.30314 0.7878847 1.487604 5.310818 2.890228 0.9309384 2.136331 4.069825 3.983438 3.991528 0.403446 1.787676 1.033622 0.1893032 1.042342 1.319429
1.06791 1.053123 1.004292 0.9854147 0.2363116 0.5693628 1.018193 1.690554 2.023839 1.953401 1.573726 1.281912 0.4663223 1.670851 1.042828 3.990818 3.335197 2.815342 2.16072 1.19827 1.610738 2.158339 1.964247 1.786205 0.5000564 0.8849517 0.2720563 0.1305522 0.8080947 0.4391917 0.2773176 0.3520514 0.9122838 1.768279 0.8790792 0.1394397 0.2617813 0.6396308 0.821228 0.07249667 1.566284 1.053965 0.7050269 0.3270727 2.160543 2.566607 2.115941 1.522253 1.348514 3.218779 3.22319 2.033367 1.054886 2.087908 2.851738 5.08502 1.939253 1.255995 1.55597 0.5252838 0.771641 0.8303699
1.025519 1.015358 0.9946465 0.9704878 0.6698686 0.8963308 1.472444 2.783983 3.108833 2.067903 1.132313 0.7703398 1.367668 2.021193 2.781887 3.656507 3.166589 2.419534 1.947102 1.639891 1.541395 1.23071 1.413062 0.3941968 0.7868208 0.6749172 0.2993402 0.2391509 0.4511898 0.2669143 0.1330095 0.1790859 0.6598794 0.9074329 0.6136873 0.3061495 0.3562882 0.4288621 0.4740252 0.4543447 0.4059831 0.8046438 0.622722 0.4268733 1.611113 2.933177 3.596694 2.156514 2.339443 2.672272 2.566784 2.218581 1.35125 1.734784 2.191491 2.689413 1.365409 0.6804028 0.9302734 0.7976498 0.6622668 0.9087088
0.975749 0.998732 1.043369 1.059585 1.045318 1.310292 1.979383 3.201916 3.329295 2.047724 0.6365691 0.1682528 1.338738 2.252716 2.977025 3.512379 2.206879 1.372807 1.827579 1.593821 1.22753 0.2097941 0.7536018 0.5326695 0.6680573 0.5371905 0.2115088 0.2050877 0.3823306 0.2842301 0.2559682 0.4218003 0.541527 0.5794174 0.3126071 0.04878007 0.2627854 0.0581051 0.2334076 0.5267913 0.5907327 0.6989327 0.5519305 0.8749188 1.400306 2.579777 2.823415 2.316633 2.505156 2.451676 1.984438 2.09198 1.18502 0.1902222 1.683249 2.032728 1.709949 1.359025 0.8604364 0.7113058 0.6169051 0.904988
0.8439767 0.9670212 1.008166 1.112974 1.200133 1.464957 1.876679 2.383939 2.360488 1.878428 1.188329 1.007272 1.611998 2.333442 2.666685 2.687996 1.861266 1.482617 1.771595 1.424978 1.305642 0.8835526 0.9279597 0.8381557 0.7129651 0.4706023 0.109969 0.09891364 0.3141973 0.2467173 0.2943332 0.4436513 0.5366423 0.4588895 0.3135584 0.1671979 0.2725108 0.257289 0.3166845 0.5561285 0.6165993 0.591444 0.5721916 1.022722 1.351845 1.82326 2.332171 2.580278 2.547628 2.353559 1.826233 1.792241 1.483994 1.377439 1.440347 1.895534 1.694886 1.315493 0.8637823 0.6825904 0.8544174 0.8495799
0.3471471 0.6241599 0.8945327 1.09983 1.228779 1.458434 1.68658 1.887636 1.821158 1.845613 1.578316 1.539514 1.900643 2.374055 2.500136 2.49315 1.979074 1.874066 1.586659 1.462906 1.34621 1.099986 1.032742 0.8998349 0.7428153 0.3911182 0.2710568 0.2370506 0.3437802 0.2502653 0.2973622 0.4484698 0.4664316 0.4309275 0.3945132 0.333317 0.3551219 0.325074 0.4400884 0.5305234 0.6263872 0.5409236 0.808589 1.036792 1.307616 1.593992 2.076834 2.844931 2.521615 2.277575 2.006402 1.84831 1.808525 1.584212 1.535454 1.646513 1.777768 1.36698 1.248335 0.6656166 0.8037536 0.9009207
6.944197e-031 0.3083565 0.7568398 0.9891291 1.204898 1.365654 1.533883 1.454545 1.56667 1.728496 1.755826 1.743145 2.071669 2.429839 2.444751 2.202893 2.011336 2.049601 1.728209 1.510605 1.439262 1.174793 1.090702 0.9273834 0.7781601 0.4473155 0.287162 0.3228928 0.3912431 0.2580103 0.2956395 0.442089 0.5060337 0.4293794 0.4391822 0.3559715 0.4225748 0.2831755 0.4863271 0.5458458 0.5813311 0.5367487 0.62828 1.071063 1.280532 1.484867 1.950039 2.751178 2.472424 2.167828 1.998706 1.916657 1.988621 1.677709 1.596329 1.654987 1.796556 1.383914 1.290458 0.7246178 0.72807 0.894494
