rasters-batsmen/manishpandey.asc
ncols         108
nrows         21
xllcorner     -3.075
yllcorner     -1.575
cellsize      0.15
NODATA_value  -9999
[rows 0 to 20 of 21, columns 0 to 61 of 108]
8.428861e-008 0.1297354 0.4560346 0.8108069 1.083348 1.257637 1.398986 1.36116 1.382717 1.383509 1.370231 1.143347 1.311042 1.087506 1.114988 1.099334 0.9837957 0.7385309 1.001022 1.024267 1.041768 0.99005 0.8700591 0.8669445 0.8601354 0.7841095 0.760671 0.7351885 0.7113238 0.6882517 0.3776945 0.3856686 0.450811 0.4550238 0.7812548 0.738609 0.8840505 0.8265621 0.7613239 0.8136927 1.080966 0.8473305 0.9640992 1.068344 1.270188 1.346263 1.727298 1.9045 1.965297 1.883139 1.889561 1.996497 1.319491 1.176546 0.6237068 0.6596316 0.44335 0.4469095 0.4613526 0.5386326 0.5547559 0.6418535
0.1363138 0.2778949 0.605033 0.9439161 1.1912 1.339385 1.414067 1.308397 1.405729 1.394355 1.370137 1.327806 1.274381 1.053825 1.068656 0.9549492 0.9490632 0.8873418 0.9851915 1.016731 1.038498 0.9911329 0.8725376 0.8638318 0.8507404 0.7730188 0.6963222 0.7247467 0.6992905 0.674369 0.3768652 0.4423373 0.4480586 0.7928813 0.7602784 0.7878847 0.8655797 0.818432 0.7627884 0.8149919 0.8657253 0.8990979 0.9502634 1.113746 1.245444 1.319434 1.68137 1.922643 1.953843 1.902228 2.037309 1.998547 1.327665 1.168446 0.6208552 0.645505 0.3665505 0.4374844 0.4554514 0.5343506 0.5536115 0.9083034
0.5040436 0.6409559 0.9012578 1.158275 1.339153 1.439344 1.478773 1.350264 1.424757 1.400437 1.358613 1.30067 1.314644 1.00664 0.9553429 0.8900058 0.8979724 0.8596681 0.9683082 1.011686 1.038813 1.047555 0.8768125 0.8579929 0.8319797 0.7537764 0.731002 0.7101965 0.6847125 0.6584737 0.4318663 0.4411136 0.4450077 0.7589017 0.7308441 0.761351 0.8405403 0.8617805 0.7605464 0.7564928 0.8648878 0.8080941 0.9316722 1.088499 1.207775 1.273131 1.605284 1.859852 1.942997 2.287051 2.059692 1.941584 1.727083 1.219828 0.5524201 0.5604311 0.3531763 0.4243274 0.5031941 0.5290183 0.4952848 0.9037392
1.02529 1.057776 1.233427 1.393641 1.497857 1.543 1.541126 1.507814 1.348435 1.386977 1.336928 1.274069 1.262069 1.044919 0.8495453 0.7835089 0.8570928 0.8249543 0.9530041 1.011936 1.045137 1.051901 0.8840349 0.8477479 0.9575726 0.7170641 0.6971239 0.6887804 0.6669936 0.6399756 0.4316757 0.4417743 0.491577 0.4783072 0.7367356 0.7744102 0.8061618 0.8401032 0.7590014 0.7584057 0.7996787 0.7828158 0.9068574 1.105027 1.151455 1.186498 1.455794 1.75656 2.197818 2.327981 2.10039 1.9526 1.33194 0.9655547 0.5531766 0.537562 0.3351989 0.4049319 0.4852427 0.5219262 0.7293944 1.155365
1.414681 1.514257 1.63075 1.605777 1.647083 1.641692 1.596036 1.52075 1.404112 1.342429 1.306679 1.327149 1.214419 0.9351329 0.6636312 0.5953386 0.7348517 0.6408265 0.9461134 1.021409 1.060186 1.015141 0.8982046 0.9864078 0.8709586 0.6688764 0.6349091 0.6544441 0.6468488 0.4188517 0.4339106 0.4923076 0.4838532 0.4547721 0.6498354 0.7387676 0.7579502 0.8134755 1.051038 1.038636 0.861918 0.5315001 0.9302787 1.04487 1.075581 1.024372 0.9247171 1.497341 2.235496 2.464914 2.166849 1.845001 1.374488 0.9693644 0.6694407 0.5041533 0.3104481 0.3742394 0.4537435 0.5117271 0.9319287 1.09321
1.689186 1.76484 1.836199 1.881019 1.889588 1.736976 1.647391 1.62583 1.373339 1.23041 1.250106 1.319245 1.199637 0.8285445 0.3505593 0.2783967 0.5593773 0.8235804 1.099433 1.20206 1.085026 1.143182 1.091264 0.9557295 0.7331865 0.5279619 0.515171 0.61773 0.6243605 0.4142143 0.5172965 0.5811154 0.5713219 0.4229868 0.4762271 0.5234284 0.6989696 0.7377532 1.003214 1.079024 0.8452654 0.6016268 0.7232147 0.9350314 0.9682791 0.9022906 0.04756217 1.668113 2.517646 2.622109 2.296138 1.902246 1.154563 0.9575738 0.6390398 0.3448612 0.3283946 0.3225165 0.3833766 0.4986122 0.9230095 1.112049
1.87031 1.923361 1.964165 1.98279 1.977798 1.932581 1.817953 1.603256 1.259375 0.9228549 1.188518 1.343246 1.246211 0.8823574 0.2290628 0.1355013 0.5946299 0.8920468 1.015385 1.237653 1.280718 1.194644 1.288947 0.9781938 0.617817 0.08582836 0.3688324 0.6192634 0.5949036 0.3834777 0.4984145 0.5868385 0.5804984 0.4174488 0.1345547 0.2412204 0.6854634 0.6461545 0.904048 1.075296 1.105851 0.6091561 0.6992198 0.7155091 0.5378446 1.191262 1.860372 3.658766 2.871989 2.836328 2.350385 1.654585 1.459057 0.9243355 0.531143 0.2261086 0.3024851 0.2181561 0.1787299 0.5236871 0.9623326 1.16613
2.080267 2.018061 2.023133 2.011293 2.020272 2.014493 1.90753 1.707689 1.470677 0.05719039 1.207128 1.430107 1.280662 1.09971 0.8811308 0.7268925 0.9718432 1.030345 1.090496 1.263062 1.303708 1.418141 1.384353 1.17925 0.7042652 0.4838765 0.6959826 0.7234814 0.5637064 0.3085929 0.4571037 0.6733504 0.5882231 0.5944786 0.4314028 0.6086481 0.8585268 0.1511423 0.8003891 0.9264119 1.026298 0.6797622 0.8270201 0.7970885 0.4831395 1.40531 1.929958 2.601938 2.929855 3.112209 2.330065 1.872457 1.336273 0.9616971 0.5161331 0.08278104 0.315488 0.238199 0.1063349 0.8296422 1.071186 1.364543
2.05261 2.159532 2.095968 2.010926 2.044245 2.18347 2.089395 1.943651 1.875248 1.694628 2.030598 1.554625 1.085427 1.142431 1.224194 1.289814 1.258097 1.156746 1.367965 1.361814 1.547193 1.599378 1.64616 1.565026 0.4876859 1.077971 1.177737 0.9193558 0.6202709 0.2294061 0.4986517 0.6818087 0.4408202 0.7661568 0.8393423 0.9520743 1.004909 1.211624 1.328651 0.3480478 1.004351 0.9012005 1.087876 1.057277 1.657485 1.480383 1.58733 1.937522 3.017123 3.341212 3.204734 1.664634 1.137405 1.388514 0.8199405 0.5115967 0.5336329 0.2320818 0.4942829 0.9926665 1.315266 1.344933
2.235858 2.272068 2.230466 2.194896 2.278748 2.397528 2.412172 2.309257 2.329277 2.934068 3.720789 1.912207 1.171692 1.139881 1.335608 1.673447 1.426789 1.319166 1.335831 1.27464 1.313968 1.672756 1.79095 2.102683 3.904622 1.029318 1.387108 1.041782 0.8364719 0.6096053 0.6198577 0.316841 0.3007539 0.950214 0.988229 0.9162053 0.9767289 1.631567 3.628108 1.168047 1.086484 1.31687 1.015651 1.011907 1.322617 1.067786 1.14365 1.432766 2.419067 2.667379 1.600557 1.218781 0.754162 1.119027 0.4285413 0.2511856 0.0526338 0.7732084 0.4464372 1.4767 1.125725 1.505478
2.329325 2.379698 2.455289 2.531329 2.643556 2.75026 2.779355 2.838337 2.939515 2.851264 2.617105 2.037724 1.586287 1.450596 1.417741 1.528677 1.411862 1.345568 1.276742 1.095077 1.031351 1.699823 2.010513 2.080199 1.525077 1.467372 1.116468 1.072032 0.992342 0.803563 0.8394852 0.9373151 0.9993945 1.215574 1.02366 0.8785701 0.8031462 0.4267715 1.320014 3.440581 1.045664 1.496313 1.378155 0.9806046 1.714463 1.519546 1.034542 1.770814 1.881745 1.438465 0.2463559 1.029144 0.9524608 0.391809 0.2834409 0.9676558 0.528783 0.7731175 0.7808511 0.5014991 0.9905396 0.9136219
2.411222 2.511492 2.659664 2.830494 3.078388 3.249671 3.198246 3.274309 3.838148 3.012914 2.047229 1.675305 0.9819129 1.749194 1.691031 1.526377 1.426533 1.288342 1.066104 1.662618 2.025835 1.989661 1.982464 2.209156 1.796695 0.5785236 0.5461401 1.04677 0.8797606 0.823459 0.9556758 0.9875508 1.125497 1.121668 0.9913697 0.2318308 0.5508586 0.3352881 0.6560308 1.356093 1.525079 1.228364 1.925522 2.856036 1.548254 0.954465 1.075451 1.327993 1.238544 1.685618 1.371232 0.3283255 0.4924206 2.280614 0.6138503 0.739898 1.85416 0.9735637 1.314849 0.9651115 0.8106305 0.6687424
2.45829 2.627729 2.802146 3.062387 3.448804 3.83855 3.648843 3.363457 3.578876 3.084696 2.456724 2.775244 2.670921 2.326203 2.218339 1.620393 1.155166 1.432063 1.652704 2.395799 3.610172 2.282249 1.90982 2.767649 3.958242 1.752977 0.9861734 0.9944043 0.8739047 0.9887309 0.924934 0.988225 1.055678 1.019117 0.9174749 0.9470829 0.2097941 0.2547948 1.150184 2.004927 1.86076 1.658851 1.73253 3.712474 2.175026 1.336456 1.430558 1.712951 1.301682 0.4604036 0.4708008 0.7407732 0.4072876 1.073095 0.3821014 0.9936313 0.4011022 0.2599063 1.033239 0.07238225 0.3571736 0.7298759
2.482366 2.637429 2.844272 3.127846 3.51349 3.893992 3.739631 3.377586 3.18307 2.941951 2.756713 2.830999 2.91519 3.45149 3.340275 1.896304 1.221891 1.58288 2.015045 2.602438 3.380314 3.629827 3.24829 2.610186 2.480529 1.367612 0.9260856 0.730018 0.7205876 0.7665072 0.7664463 0.9345713 0.9665771 0.982536 0.8349276 0.5205287 0.05046678 0.4267609 1.112577 2.28037 2.94555 4.548326 1.375284 2.989325 3.371342 1.865268 5.880207 1.27355 1.431292 3.046277 0.8658156 0.1696983 1.066744 2.25173 0.7572463 0.1459247 0.84864 0.627331 1.040833 0.7821631 0.9666238 1.012834
2.387854 2.56128 2.77863 3.115274 3.36826 3.533937 3.499597 3.333658 3.151353 2.984004 2.837979 2.815366 2.924365 3.427312 3.284431 2.361759 1.915539 1.885031 2.076932 2.053298 1.311108 2.880054 2.733327 2.129316 1.122248 0.04296065 0.5100815 0.5947918 0.4928645 0.3711613 0.1986787 0.6693075 0.8217673 0.7861541 0.8629363 0.617231 0.3495978 0.7511937 1.308116 2.459934 3.471914 3.877298 3.954064 3.443774 2.283404 2.27957 2.819875 1.200473 2.752285 2.278285 2.253297 0.8868929 1.182497 1.948918 2.465718 1.363872 2.450856 1.335416 1.015667 1.473034 3.342281 1.032505
2.294783 2.483025 2.713366 2.954271 3.166072 3.307825 3.376496 3.43205 3.34611 3.186213 2.962929 2.868214 2.842759 2.956409 2.753718 2.388498 2.197928 2.058117 2.082813 1.953202 1.674727 2.198821 2.179073 1.529073 0.569227 0.2014774 0.4277093 0.5172721 0.4607781 0.3438116 0.4741154 0.5846831 0.711565 0.7134359 0.6527171 0.2296705 0.3624097 1.015182 1.247273 2.369256 1.550959 2.570455 3.215542 3.18286 3.348942 1.909114 1.520844 1.559518 2.850552 3.888398 4.691591 1.179403 1.767155 1.834036 0.7929809 2.01853 4.320842 1.663404 1.510524 0.08046559 2.267955 1.488507
1.962859 2.176554 2.45819 2.749934 3.007494 3.226202 3.450284 3.715504 3.770572 3.476132 3.124517 2.970355 2.892869 2.621196 2.61968 2.453971 2.290799 2.271301 2.151674 1.974144 1.986885 2.0514 1.864741 1.299659 0.5126899 0.2076661 0.4482954 0.5053573 0.5250199 0.4811976 0.5052778 0.6237774 0.6419843 0.6083893 0.5592017 0.5739455 0.7817318 1.167915 1.882308 3.005347 3.229797 1.350451 2.500677 2.755927 2.657373 2.087483 1.887314 2.21234 3.575901 3.68977 3.203754 2.129767 1.832056 1.556611 1.138927 1.729096 2.271877 1.239805 1.320778 1.327776 1.78538 1.498436
1.461259 1.705365 2.083726 2.487678 2.847148 3.168933 3.510875 3.874401 3.974095 3.636817 3.242542 3.028912 2.891774 2.517601 2.540501 2.539501 2.32151 2.234204 2.017667 2.114853 1.982041 1.943065 1.728021 1.324604 0.9096646 0.6182971 0.6694753 0.6340046 0.5633792 0.4876847 0.5268134 0.6447465 0.627259 0.6335175 0.5573431 0.7632324 1.046645 1.491737 2.083587 2.501875 2.640183 2.151153 2.450313 2.587769 2.393579 2.449739 2.263422 2.675677 3.200645 3.296469 3.022827 2.234516 1.896387 1.601788 1.474832 2.059 1.944637 1.690812 1.738277 1.788126 2.146362 2.630972
0.8180783 1.083456 1.597038 2.159143 2.641267 3.039766 3.413861 3.680521 3.733335 3.511701 3.24574 3.052055 2.846102 2.617845 2.51678 2.552992 2.493518 2.196221 2.001396 2.107529 2.060617 1.831723 1.640379 1.400412 1.123979 0.8566052 0.6873497 0.6948912 0.5952327 0.4981358 0.5330284 0.564778 0.6240235 0.5726905 0.8138827 1.04476 1.190749 1.579608 2.069864 2.366221 2.647038 2.39728 2.612721 2.554716 2.514703 2.398831 2.407353 2.722769 2.931258 3.008573 2.907515 2.324027 2.202063 1.876282 1.711249 2.158612 2.147892 1.904995 2.186794 1.973746 2.062024 2.446192
0.2307404 0.4920103 1.119465 1.820969 2.401515 2.840053 3.188743 3.372856 3.402086 3.296857 3.126385 2.992717 2.738503 2.605612 2.621714 2.569971 2.407319 2.134981 2.131646 2.090078 2.035888 1.786113 1.621804 1.458559 1.25147 0.9858804 0.970641 0.7525119 0.6245621 0.634735 0.5341969 0.5597197 0.6254308 0.8107957 0.8651855 1.200406 1.26317 1.89582 2.045163 2.433811 2.482462 2.474938 2.458953 2.569799 2.527487 2.33719 2.474693 2.919509 2.760808 2.865576 2.709377 2.281642 2.25604 2.132708 1.629562 2.214811 2.158635 2.051079 2.277549 2.385901 2.2237 2.148362
4.877133e-031 0.2368804 0.8647957 1.588166 2.190527 2.658476 2.956508 3.104865 3.136621 3.100139 3.008829 2.896268 2.812418 2.703658 2.795681 2.583136 2.41047 2.34729 2.274261 2.074243 2.021109 1.897821 1.614263 1.447168 1.323846 1.114819 1.048515 0.8009794 0.647526 0.6528356 0.5342766 0.557126 0.6283811 0.841425 1.102655 1.317435 1.296806 1.923595 2.220364 2.437123 2.491324 2.496593 2.479603 2.473669 2.431576 2.369184 2.561268 2.931565 2.695408 2.783236 2.57439 2.245656 2.670883 2.058553 1.639334 1.992243 2.174846 2.151781 2.324289 2.432558 2.187197 2.039883
