rasters-batsmen/michaelhussey.asc
ncols         108
nrows         21
xllcorner     -3.075
yllcorner     -1.575
cellsize      0.15
NODATA_value  -9999
[rows 0 to 20 of 21, columns 0 to 61 of 108]
6.003508e-008 0.1026626 0.4133886 0.8380799 1.245473 1.569634 1.79724 1.920714 1.923233 1.81689 1.677734 1.573136 1.501122 1.461914 1.396684 1.383918 1.33713 1.305882 1.384338 1.412895 1.47722 1.496123 1.634661 1.82592 1.733443 1.780968 2.230577 2.032261 1.980929 1.774244 1.661795 1.359428 1.287499 1.065805 0.8005531 0.8629383 0.9834073 0.9389498 1.196937 1.257464 1.341561 1.595613 1.994573 1.853016 1.910405 1.903242 1.678802 1.439656 1.649388 1.677387 1.647668 1.574244 1.404335 1.195578 1.136372 1.174405 0.8856941 0.7197635 1.231017 1.08312 1.156243 1.380887
0.09162006 0.2084654 0.5279858 0.9600614 1.381894 1.734924 2.012187 2.192056 2.185856 1.929396 1.642147 1.524482 1.500476 1.44828 1.381766 1.315042 1.311167 1.289623 1.378026 1.375465 1.486219 1.504184 1.607786 1.762892 1.815578 1.762301 1.995954 2.066467 2.035917 1.848756 1.720196 1.399904 1.083007 0.8207585 0.4626168 0.6033306 0.7420491 0.9272703 1.015276 1.183761 1.381645 1.820487 1.917747 1.840465 1.890554 1.880637 1.679936 1.633645 1.650781 1.644699 1.576446 1.423589 1.324745 1.218 1.139759 1.17144 0.9496377 0.6451779 1.044939 1.126554 1.155653 1.447051
0.328274 0.4636782 0.7573244 1.143186 1.53664 1.899283 2.245942 2.582509 2.716559 2.078269 1.370769 1.381508 1.45573 1.433624 1.365142 1.284676 1.272374 1.21542 1.362259 1.386093 1.511099 1.529512 1.490397 1.664039 1.730386 1.868338 2.006735 2.339381 1.895364 1.946438 1.626644 1.470993 1.180801 0.6473109 0.03146383 0.3585147 0.6876767 0.9168102 1.071234 1.241283 1.434465 1.818881 1.899841 1.935205 1.860593 1.84366 1.67577 1.765899 1.667789 1.620423 1.519222 1.268225 1.269704 1.132915 1.160807 1.17541 0.9420547 0.6932189 0.9921231 1.08476 1.13927 1.270714
0.6060521 0.7497379 1.000292 1.31811 1.656479 2.00209 2.392667 2.943985 3.706054 2.627713 1.014827 1.294683 1.441951 1.435519 1.356156 1.246437 1.01625 1.159176 1.278987 1.39161 1.568182 1.615947 1.466778 1.42425 1.597336 1.822749 2.044729 2.399786 2.066638 2.034949 1.761239 1.667588 1.446861 0.9862425 0.4216764 0.5663533 0.7529226 1.001875 1.048486 1.325182 1.475896 1.754084 1.676256 1.815236 1.812327 1.771827 1.683853 1.622447 1.436819 1.872258 1.269229 0.8340707 0.8347361 1.113407 1.280002 0.9897617 0.8540106 0.6540676 0.7837951 1.020922 1.077169 1.265491
0.8421124 0.9799073 1.185349 1.436406 1.708688 1.996151 2.321802 2.753073 3.235701 2.138821 1.440187 1.423271 1.488897 1.484493 1.379595 1.202274 0.9421706 1.046051 1.189062 1.356814 1.587529 1.969609 1.377844 1.105595 1.420326 1.803777 2.147606 2.185528 2.260781 2.146226 1.900524 1.910133 1.847105 1.347013 0.8486664 0.4394934 0.7226847 1.065073 1.268037 1.426276 1.541746 1.896341 1.68026 1.798346 1.698874 1.460026 1.721485 1.752173 1.564307 2.050307 1.300047 0.4975639 0.4602924 1.290716 1.485066 1.033922 0.7672157 0.5835348 0.7649335 0.8070497 0.9810005 1.135006
1.009238 1.132281 1.296977 1.490025 1.695571 1.901412 2.092891 2.205214 1.958623 1.120662 1.216296 1.460127 1.588754 1.651209 1.493129 1.153965 0.7855647 0.8435793 1.02468 1.172518 1.466112 2.621613 2.373186 1.012964 1.3418 1.926984 2.374837 2.670782 2.755703 2.226935 1.775415 2.101065 2.639716 1.821998 0.9829245 0.1123616 0.8098646 1.222462 1.785169 1.47325 1.444278 1.713745 1.627015 1.755966 1.738272 0.6693428 1.667114 1.840508 1.869527 2.021474 1.689005 1.551898 1.333489 1.396013 2.130397 1.07361 0.2511379 0.3526628 0.7622494 0.7936391 0.6099476 0.7925523
1.112578 1.217886 1.348162 1.493917 1.642234 1.776947 1.871117 1.867363 1.681851 1.408803 1.385554 1.52709 1.730903 1.947335 1.697796 1.082573 0.5445573 0.3667606 0.7848573 1.03355 1.041659 1.488766 1.658027 1.532641 1.76499 2.354315 2.694136 2.876611 3.770836 2.435242 1.380856 2.156097 3.721456 1.789663 1.168904 0.8319879 0.9667953 1.540435 3.420808 1.384054 1.226837 1.523686 1.533936 1.917687 2.146863 2.20827 1.908736 1.915434 2.028203 2.116222 2.123026 2.220785 2.477084 2.292298 2.475033 1.193998 0.3340525 0.6137154 0.7200188 0.9367798 0.3149414 0.925484
1.166144 1.254392 1.357087 1.466717 1.572593 1.660499 1.710828 1.699578 1.617272 1.517641 1.485562 1.587388 1.734921 1.89367 1.640594 1.021084 0.370131 0.04022554 0.6469638 0.9664933 1.047623 0.5088697 0.8875844 3.349534 2.16042 2.928772 3.612896 2.53439 2.502741 1.450732 1.769731 2.537417 1.510974 1.040147 0.9569892 0.8530611 0.7989014 0.4972483 0.9167403 0.9937864 0.9254715 1.164022 1.549987 2.378701 2.037338 2.547033 1.805879 2.017906 2.258164 1.753173 1.944849 1.916096 1.987952 2.214391 2.038522 0.5681626 0.579994 0.9130406 0.8577642 1.03438 2.706623 0.8398366
1.182695 1.256323 1.338049 1.421789 1.499191 1.559988 1.592965 1.589825 1.554264 1.504861 1.473784 1.540012 1.568695 1.551316 1.32219 0.9309593 0.5779482 0.5912372 0.8277116 0.923412 0.9955044 0.9579958 1.353556 1.746161 1.333395 2.858301 3.332159 2.248817 1.150456 0.05200141 0.9567123 1.109482 1.032411 0.6816182 0.2995524 0.3824942 0.5018168 0.612874 0.4022473 0.5918386 1.015342 0.9940251 0.5318849 1.623389 1.133124 2.709562 1.42341 1.942202 2.212185 1.61622 1.62689 0.9931972 0.9176282 1.07469 1.233554 1.640298 0.6315433 1.836937 1.053492 0.1022869 1.578078 0.8507085
1.171178 1.233228 1.299892 1.366193 1.425744 1.471454 1.496909 1.498853 1.480174 1.537752 1.499607 1.459083 1.408491 1.324984 1.116697 0.8415342 0.5982252 0.6906055 0.9927717 0.9060467 1.039298 1.128432 1.570663 1.202092 1.111082 2.503533 3.105212 1.994442 1.317091 0.5465936 0.6983128 0.5931147 0.8939558 0.8827938 0.4387532 0.2618987 0.1207506 0.5309995 0.7627427 0.7832962 1.343707 1.700055 4.085809 0.5058648 0.8749967 0.586089 0.6202233 1.141168 1.894955 0.1513681 0.9767793 1.005369 0.7908559 0.7263118 0.5235471 0.6201245 0.6457107 1.429879 0.8397341 0.005352561 1.212508 0.7741557
1.136793 1.190302 1.246961 1.302522 1.351858 1.389732 1.411878 1.416272 1.403919 1.378071 1.473912 1.412061 1.327846 1.198202 1.00146 0.7424092 0.3787378 0.01713764 0.6515432 0.9692086 1.2069 1.626308 1.697799 1.295814 1.902314 3.570322 3.128362 1.357133 1.63166 0.8393659 0.784781 0.7260396 0.7755494 0.1680131 0.1297719 0.3882012 0.3954975 0.627988 0.9208874 0.9744141 1.187483 1.118561 1.103426 0.6460024 0.936779 1.000426 1.059537 0.7450494 1.176032 0.5956267 0.451695 1.212817 3.053834 0.401777 0.8829147 0.8722835 2.147632 3.483891 0.8062199 0.810939 0.1452644 1.212225
1.082143 1.130159 1.181491 1.232172 1.277606 1.313343 1.335909 1.343442 1.335764 1.444616 1.432938 1.364048 1.273294 1.148536 0.9777536 0.7441045 0.4796838 0.3315218 0.6206663 1.126214 1.497178 1.93312 2.126477 2.207547 2.90649 5.106816 3.92996 1.693583 1.354142 0.7607379 0.395857 0.5203291 0.5882702 0.4194491 0.1631709 0.7634495 0.6825134 0.686116 1.139666 1.017074 0.9775174 0.9446157 0.7689756 0.9392192 0.6424537 0.8434722 0.8856171 0.1238967 1.186279 0.7525491 0.9077789 1.386848 1.192554 0.3815759 1.199925 1.337132 1.124703 0.8101663 1.286796 1.602891 1.312863 1.034809
1.009129 1.05407 1.104007 1.154748 1.201476 1.239695 1.265994 1.278403 1.276216 1.292204 1.252669 1.339927 1.257243 1.153059 0.8905363 0.8711522 0.7595158 0.7110934 0.9024497 1.404354 1.849725 2.463963 2.777597 2.903931 3.087833 3.583862 2.98411 2.001013 1.450475 1.02215 0.6221663 0.5309816 0.7146964 0.8846325 0.5447024 0.9788067 0.8197288 1.083423 1.308555 1.120562 1.004668 0.9922413 1.030586 1.373785 0.5377381 0.6025503 0.697276 0.9061528 0.9994453 0.79161 0.6671557 0.5378298 0.7401203 1.04363 2.941864 2.45661 2.95565 2.171265 1.185748 0.1058842 0.323879 1.087634
0.9131831 0.9570671 1.009405 1.06516 1.118451 1.163952 1.197824 1.217948 1.223587 1.248092 1.218184 1.175009 1.110113 1.03416 0.9626876 0.9166427 0.9351498 1.142731 1.353033 1.715611 2.241975 3.084883 3.781316 3.578635 3.193784 2.896857 2.527165 2.146345 1.501572 1.063892 0.6817085 0.5247711 0.5855538 0.3405666 0.286084 0.6659644 0.7933943 1.030263 1.12957 1.089234 1.08507 1.01654 1.148968 1.421556 0.4642847 0.5134888 0.8023383 0.8160595 0.9653229 0.6580408 0.7523494 0.6129229 0.9939771 1.429391 2.165953 2.676017 2.310707 2.246322 1.417611 0.5167323 0.4623339 0.9642649
0.7916911 0.8359248 0.8943655 0.9603397 1.025803 1.083695 1.129295 1.160342 1.216789 1.211829 1.194281 1.165907 1.125277 1.073363 1.041953 1.037646 1.281099 1.38939 1.600432 1.942183 2.558076 3.226774 3.795012 3.603231 3.234409 2.624614 2.358786 2.115109 1.502122 1.099176 0.6247812 0.5330498 0.4592253 0.2353355 0.2460655 0.530339 0.7697033 0.9688595 1.071743 1.1222 1.118935 1.020208 1.016304 0.9392564 0.7966201 0.681484 0.7143705 0.7800651 0.9615475 0.6121489 0.7819424 0.7603534 1.013632 1.440034 2.167872 2.68096 2.371267 2.136114 1.280657 0.7544865 0.5820602 1.16607
0.6437858 0.6889303 0.7569495 0.8385372 0.9220415 0.9975638 1.059036 1.104084 1.172547 1.180927 1.177064 1.164093 1.145871 1.116862 1.115037 1.376419 1.439936 1.560024 1.756929 2.046826 2.589567 2.981429 3.255736 3.249244 2.992215 2.522668 2.28136 2.090167 1.510635 1.10627 0.6139984 0.5176004 0.4665502 0.3658317 0.417631 0.5747775 0.7390192 0.9284466 0.978337 1.122075 1.066677 0.9952556 0.9273543 0.8895972 0.7674198 0.7566267 0.6324717 0.8271314 0.7851692 0.5955898 0.6309442 0.6275271 1.093117 1.826047 2.131436 2.779438 2.34958 2.020098 1.167042 0.8310784 0.6577407 1.143649
0.4741942 0.5197563 0.6000062 0.7019622 0.8087293 0.9063967 0.987137 1.091601 1.130611 1.153173 1.163202 1.164897 1.162963 1.159767 1.284221 1.480628 1.554273 1.670952 1.841099 2.163033 2.505588 2.735471 2.881006 2.956359 2.785484 2.417048 2.274513 2.049227 1.514649 1.044367 0.611352 0.4648184 0.4943139 0.4720254 0.4958392 0.6056632 0.7819743 0.9069338 0.9492239 1.121924 1.056869 0.9742246 0.8885769 0.8637823 0.7716838 0.7289208 0.649921 0.8375887 0.7767277 0.6563806 0.7074457 0.8452415 1.128059 1.848911 2.104775 2.838746 2.333493 1.987788 1.06556 0.8666973 1.090296 1.221347
0.297882 0.3424347 0.4355613 0.5600298 0.6925604 0.8144477 0.9158858 1.035731 1.090627 1.127225 1.150465 1.165326 1.176948 0.9814997 1.348739 1.559632 1.633751 1.739059 1.981949 2.151047 2.420952 2.565287 2.65817 2.674012 2.460924 2.367772 2.20058 1.827271 1.576383 1.321224 0.6132975 0.5296264 0.5153561 0.5108333 0.5336019 0.6277925 0.7870858 0.8972304 1.002579 1.045052 1.047089 0.9600356 0.9328421 0.8533554 0.7699061 0.7411801 0.6599181 0.5806327 0.5096335 0.6570308 0.7173759 0.8726248 1.21421 1.649392 2.162416 2.680512 2.321302 2.260758 1.048291 0.8852776 1.136577 1.15457
0.141507 0.1834349 0.286745 0.4306392 0.586 0.7296494 0.8498911 0.9839607 1.053404 1.102797 1.137814 1.163912 1.129601 1.288107 1.399579 1.61803 1.687553 1.778923 1.837749 2.127146 2.353313 2.451283 2.518482 2.380858 2.334331 2.217509 2.13707 1.79581 1.574047 1.34323 1.010321 0.5384135 0.5296558 0.5331306 0.5541904 0.6419101 0.7937934 0.8936878 0.9974079 0.9603884 1.038922 0.9506553 0.9277045 0.7843937 0.7673153 0.7477021 0.6654429 0.5829767 0.5043026 0.5855006 0.724016 1.16802 1.226118 1.655398 2.609736 2.677324 2.306103 1.948451 1.037749 0.8958706 0.7967682 1.156179
0.03581601 0.07435232 0.1816438 0.3356022 0.5042373 0.6617627 0.8320577 0.9396868 1.020629 1.080493 1.125214 1.160361 1.255893 1.311496 1.370613 1.660482 1.723294 1.801144 2.005782 2.102179 2.301413 2.372794 2.421712 2.268307 2.230646 2.136586 2.084398 1.768598 1.503209 1.361851 1.16959 0.5456023 0.4786589 0.547825 0.5664396 0.6511623 0.7997103 0.9618056 0.994914 0.9480563 1.028715 0.944329 0.9254726 0.7781913 0.764959 0.682575 0.6012623 0.584697 0.6482114 0.6566649 0.7286401 1.188037 1.233374 1.734004 2.766364 2.67534 2.295296 2.173767 1.107675 0.9784114 1.186552 1.157281
7.507697e-032 0.03552932 0.1391225 0.2903417 0.4586649 0.6186092 0.7920651 0.9061558 0.9942231 1.061387 1.113265 1.439945 1.267593 1.326724 1.386493 1.450938 1.746679 1.812012 2.00345 2.079409 2.261689 2.316429 2.349551 2.185888 2.14878 2.072356 2.041701 1.74556 1.495978 1.376926 1.202289 0.551271 0.5493857 0.5581072 0.5741689 0.7208343 0.8045459 0.9667776 0.9938667 0.9390703 1.019235 0.9398682 0.9243561 0.7740467 0.7635796 0.6822292 0.6000909 0.5859642 0.6526516 0.6566126 0.9576182 1.201967 1.386353 1.507305 2.311492 2.670558 2.287542 2.169297 1.103208 1.21479 1.584472 1.15168
