rasters-batsmen/msdhoni.asc
ncols         108
nrows         21
xllcorner     -3.075
yllcorner     -1.575
cellsize      0.15
NODATA_value  -9999
[rows 0 to 20 of 21, columns 0 to 61 of 108]
5.798118e-008 0.09106538 0.3147464 0.5096474 0.6569263 0.7812244 0.8088154 0.8625595 0.9009289 1.107069 1.210971 1.318979 1.360619 1.320872 1.135341 1.349964 1.371255 1.204886 1.395401 1.189773 1.321606 1.440984 1.492002 1.675634 1.769801 1.529857 1.482885 1.424792 1.302535 1.155566 1.07289 1.061726 1.089355 0.9597918 0.9018067 0.9950429 1.102472 1.209303 1.376421 1.52635 1.338268 1.675188 1.785033 1.570693 1.53489 1.386012 1.474049 1.297225 1.217187 1.383837 1.224036 1.045577 1.079219 0.8742844 0.7812259 1.033425 1.107038 1.219866 0.9341866 1.112457 1.152391 1.091416
0.09382226 0.1940803 0.4145699 0.5832956 0.7518545 0.8171219 0.8822501 0.8661871 0.8924852 1.082369 1.18159 1.292619 1.340694 1.318677 1.145138 1.338375 1.354769 1.183882 1.581809 1.188448 1.398365 1.484298 1.561066 1.748645 1.828456 1.583866 1.513683 1.437873 1.363813 1.152295 1.126255 0.8294842 1.064935 0.9392337 0.884742 0.9714252 1.085477 1.269969 1.380294 1.264082 1.355599 1.679787 1.531613 1.550913 1.519751 1.334365 1.484641 1.15334 1.214847 1.278008 0.9578817 0.6918912 0.7953807 0.7827485 0.8690394 1.038851 1.123991 1.237663 0.9671757 1.081785 1.180267 1.119118
0.347792 0.4480437 0.6161574 0.7838152 0.8316407 0.9115488 0.9024488 0.8634241 0.8704286 0.9844423 1.123829 1.236716 1.313781 1.31922 1.285529 1.144965 1.335284 1.709963 1.555855 1.424753 1.408729 1.535508 1.661771 1.908172 1.925786 1.659337 1.545938 1.389939 1.352063 1.210373 1.104939 0.8855852 0.710394 0.9727492 0.8604705 0.8149896 1.121405 1.255151 1.387388 1.697215 1.384257 1.742963 1.517097 1.50349 1.530188 1.336564 1.501926 1.148609 1.311811 0.9815629 0.666431 0.1832857 0.4371158 0.7281171 0.8891569 0.9565517 1.152288 1.26636 1.00981 1.498703 1.212851 1.157065
0.6168304 0.7065305 0.8422007 0.9388875 0.7341041 0.9594707 0.9193587 0.8507156 0.8266704 0.9394557 1.010765 1.14909 1.277017 1.326882 1.311151 1.16822 1.322686 1.662265 1.57139 1.39068 1.399443 1.583907 1.812973 2.118604 2.105934 1.883292 1.570323 1.382155 1.327363 1.184168 1.140177 0.7450929 0.6957291 0.9315785 0.823643 0.7859262 1.075486 1.404674 1.585028 1.72855 1.434332 1.756588 1.49668 1.554023 1.434624 1.406745 1.521043 1.227384 1.43594 1.112311 0.7321294 0.1297095 0.436649 0.7145652 0.9668632 1.008042 1.188572 1.31371 1.366993 1.520821 1.142789 1.216457
0.859246 0.9378025 1.032653 1.074506 0.8082413 0.8060774 0.9864858 0.8835474 0.7504084 0.7712294 0.8121513 1.010363 1.235992 1.351272 1.356976 1.205431 1.333937 1.603771 1.502157 1.549539 1.246955 1.592347 2.05222 2.599091 2.484584 1.981136 1.676091 1.346584 1.178877 1.211839 0.8883837 0.8010823 0.6806185 0.87369 0.7147005 0.7796215 1.002992 1.367578 1.581351 1.842863 1.637608 1.748183 1.517943 1.288664 1.177342 1.32977 1.578949 1.342191 1.693702 1.456214 1.336792 1.077514 1.021143 0.9404612 1.075219 1.057965 1.103182 1.41462 1.406297 1.434669 1.224968 1.514618
1.035231 1.053116 1.172002 1.180023 1.168889 0.8583429 0.8091877 0.8628253 0.6621642 0.5301956 0.4475341 0.8085412 1.216894 1.412385 1.382071 1.326199 1.725605 1.443868 1.360278 1.428527 1.352929 1.467272 2.13876 3.486944 3.115887 1.930325 1.568432 1.424142 1.13323 1.017757 0.8860035 0.6748016 0.6159036 0.8047513 0.6204771 0.6312848 0.8949592 1.331155 1.414837 1.942124 1.793518 2.022298 1.532578 1.180367 1.038854 1.309054 1.604023 1.609593 2.009826 1.736529 1.801941 1.679213 1.386526 1.130737 1.156444 1.167056 1.101827 1.445817 1.491706 1.454151 1.342628 1.699459
1.155841 1.161683 1.215146 1.255998 1.233561 0.915687 0.8542728 0.9281969 0.679447 0.2678773 0.02887156 0.7020737 1.302704 1.53422 1.664759 1.572537 1.465826 1.408002 1.193773 1.296652 1.122609 1.154078 1.74939 2.5549 2.066164 1.509157 1.440619 1.286325 1.170096 1.245537 1.201698 0.7099291 0.6083209 0.4566268 0.4856062 0.1930957 0.8069699 1.332175 1.414584 1.963047 2.103838 2.226549 1.562519 1.19117 1.125624 1.395915 1.403863 1.939815 2.127964 1.884703 2.110493 1.747265 1.382487 1.134964 1.142293 1.029845 1.073267 1.627879 1.710582 1.414739 1.595497 1.995687
1.332533 1.325329 1.220315 1.391419 1.360655 1.053283 0.9126452 0.8288128 0.8560251 0.5596809 0.5015795 1.059148 1.54471 1.713273 1.739742 1.665206 1.768888 1.27227 1.125419 1.251228 1.136721 1.144643 1.466156 1.693389 0.6870748 1.289645 1.564878 1.026709 1.134173 1.278667 1.280402 0.6393353 0.5718461 0.5528797 0.3708756 0.3511691 1.251589 1.263427 1.246118 1.732989 3.36697 2.078873 1.375432 1.344265 1.517619 1.154436 1.282522 2.780649 2.496619 2.097314 1.844579 1.834665 1.620768 1.922724 1.166298 0.5707453 0.8827064 1.456847 1.490225 0.8290631 1.28491 1.424595
1.376805 1.430204 1.374969 1.347657 1.352734 1.137828 0.9775215 0.9209183 0.9687216 0.9060492 1.033877 1.384352 1.848267 2.005667 1.641998 1.693442 1.786565 1.38058 0.9473235 0.943014 1.293033 1.443487 1.440768 1.738519 1.06393 1.089902 1.304644 1.171233 1.411134 1.338778 1.367357 0.7280807 0.3646361 0.9664259 0.6994144 0.7754471 3.647179 1.455006 0.5863754 1.457823 2.431071 1.911598 0.3433206 1.578312 2.759297 0.9401569 1.143157 1.309957 1.745453 1.788409 2.691864 1.596129 1.565713 4.326042 0.6556777 0.1443644 0.9013598 1.302198 1.019114 0.8492954 1.140463 1.012505
1.487723 1.406667 1.292962 1.219468 1.316175 1.3994 1.125888 0.9891552 1.016122 1.080453 1.042647 1.305013 2.008072 3.480085 1.082332 1.996539 1.896326 1.433003 0.6361731 0.09383848 1.356253 1.606405 1.675441 1.477136 1.446032 1.719193 0.9944448 0.5987219 1.354463 1.57691 1.525877 1.182342 1.003308 0.8279745 0.9933653 0.5849874 2.337721 1.229072 0.763954 1.696682 1.322659 1.69957 0.3222334 0.006196041 1.847375 0.8761634 0.9028171 1.41852 1.704091 0.768414 1.963157 2.114687 0.7246674 1.005391 0.4840924 0.06460333 0.5796308 0.01828251 0.6682605 0.8830516 1.276793 0.902427
1.518178 1.420034 1.230236 1.00997 1.198286 1.421242 1.225779 1.082788 1.051891 1.026964 1.079851 1.174681 1.588575 2.429359 3.058529 2.1346 2.098856 1.884331 1.538835 5.184357 1.401013 1.578694 1.965997 1.212569 1.114726 3.183145 0.9149415 1.545 1.20953 3.769009 1.638473 0.9550417 1.920943 0.6572842 0.3767529 0.4184165 1.065349 2.015254 0.8475037 0.5522074 0.7881358 0.3745385 0.9628586 1.862989 2.250376 0.8832806 0.9044046 1.228232 1.048375 2.533064 3.629226 2.989522 3.512282 0.4333227 0.9783431 0.4420227 0.1543966 0.6563441 0.6210902 5.260053 1.109129 2.085235
1.627664 1.554655 1.380235 1.190672 1.053002 1.580196 1.410804 1.118336 1.007619 0.9933694 0.9734783 1.358312 1.875939 2.443397 2.979892 2.135098 2.824727 2.332918 1.925196 1.927034 2.373105 3.89723 2.768678 1.266734 1.301602 1.663061 1.464463 1.817957 1.010494 1.726688 1.375237 1.258313 1.011651 0.7055787 0.8310676 0.8221047 0.5536426 1.071906 1.145702 0.5311087 0.813374 0.6061705 0.9896631 0.9422098 1.12069 1.339862 0.9291335 3.645873 1.879517 0.9568706 0.2675428 0.8464606 1.151632 1.801298 0.6437998 0.4793135 0.8810652 1.535272 2.513624 0.4084859 0.9986615 0.8291385
1.722863 1.734785 1.748237 1.697605 1.675628 1.92419 1.727038 1.326309 1.144521 0.7595865 0.1323493 1.354297 1.762062 2.172497 2.654943 3.212459 5.032521 2.883158 1.642895 1.395829 2.090052 2.23303 2.260467 1.501364 1.175832 1.194549 1.729293 1.353867 1.073596 2.015742 1.949172 1.103281 0.01917392 1.307188 1.103735 1.046407 1.024337 1.233233 1.97071 0.4247344 1.022288 1.987972 2.346884 0.9985883 2.926378 1.722368 2.985279 1.297903 2.079226 3.395055 2.410188 1.404475 0.6879467 0.5634112 0.675148 0.6190456 1.666414 0.2671936 0.7919173 1.319232 0.7868577 1.339315
1.74771 1.875744 2.098574 2.691036 2.605734 1.793683 1.549017 1.445279 1.549583 0.4232243 2.019558 2.763036 1.813272 1.992886 1.659937 3.461706 4.47175 3.244547 2.549265 1.822193 1.606429 1.617815 1.701671 1.966337 2.071191 3.378919 1.403929 1.385365 1.014943 1.159864 0.6064582 0.3961697 0.5590022 0.9258117 1.417928 1.091832 1.32524 1.280436 1.24891 1.01492 0.8221099 1.687909 2.512541 1.070689 0.447158 1.26547 1.586237 1.691221 1.201164 3.204051 1.684016 2.126684 0.6393765 1.674483 2.101562 0.6812636 1.381646 0.6232514 0.4189984 0.2836956 2.414439 2.0455
1.736845 1.810027 1.894183 2.915807 4.210804 1.356435 1.460514 1.079693 1.389157 1.549526 2.355887 2.735245 1.329612 1.483762 2.175422 3.943649 5.319747 3.626361 2.678833 1.784337 1.237432 0.9961468 1.328282 1.165523 0.2914845 1.154911 1.828616 1.176761 0.3894313 0.6779797 0.9412165 0.4419772 0.4987814 0.9490328 0.3420794 1.018626 0.784517 0.6802379 1.25406 1.136763 0.5508516 0.9129674 1.168905 1.154963 1.021238 3.190131 2.513191 1.229886 0.7818896 2.616059 1.838597 4.149395 4.08273 3.648005 1.327383 0.9740799 1.437364 1.28963 0.9238971 1.514246 3.619769 3.142151
1.67233 1.688333 1.449393 0.5474502 1.995315 1.567738 1.51967 1.519747 1.501689 1.715939 2.018181 2.022012 1.508594 1.872608 3.247434 3.830186 3.09188 2.50329 2.721989 2.924148 2.1413 1.0803 2.99719 1.000842 1.040722 0.540423 0.3256736 0.5781276 0.4342417 0.2236968 0.3549677 0.7729109 0.1544633 0.3561808 0.5940664 0.4775923 0.6815362 0.5805769 0.8394201 1.140249 1.090942 1.531479 1.607048 2.051049 1.507468 0.5743252 0.8117415 1.021339 1.195192 1.464382 2.020336 2.411951 3.352238 4.316806 1.613314 0.4595392 0.4139075 1.839532 0.8060712 0.2040874 1.211442 1.120981
1.575806 1.631811 1.627001 1.67098 1.803724 1.757315 1.630432 1.730109 1.591444 1.73867 1.848574 2.00564 2.035746 2.383178 3.012398 3.194012 1.507844 1.292756 2.916469 3.841633 2.713029 1.879264 2.214529 2.982507 2.511667 1.218193 0.1190458 0.4113094 0.3663625 0.2323296 0.320127 0.3801568 0.2861452 0.3436739 0.5350417 0.5491229 0.4120034 0.4008436 0.1827117 0.1110726 0.1181073 1.45187 3.31246 0.8568648 0.674692 0.06965563 0.9705393 2.021719 1.201366 0.4148145 0.8679917 0.6939985 0.373377 1.955284 1.073373 0.1251583 0.3652436 0.7600938 0.7692454 1.439496 1.653239 1.230105
1.396982 1.542612 1.71999 1.944064 1.927706 1.781178 1.724207 1.671563 1.762872 1.788642 2.01089 2.010849 2.164826 2.613373 3.085195 3.092545 2.948044 3.960995 2.847206 1.811724 1.36308 2.022685 2.564959 3.549088 3.310175 1.928248 0.9577504 0.7418855 0.2974315 0.2574285 0.2043903 0.02105583 0.2298206 0.3473448 0.4398352 0.4023579 0.1175416 0.1855434 0.4272686 0.4872561 0.6798645 1.490826 1.824269 1.468348 0.8088781 0.3422518 0.6748434 0.9314001 0.9954317 0.6442989 0.886336 1.320346 1.715866 1.498833 1.049181 0.567145 0.4977389 0.5297682 0.4587125 0.873225 1.000927 0.7863462
1.012695 1.271749 1.629975 1.8685 1.881383 1.793472 1.849005 1.997578 1.849933 1.849169 2.089617 2.083994 2.415885 2.927613 3.589099 3.854517 3.298329 3.253423 2.483209 1.022151 0.6198641 1.841405 2.410213 2.672857 2.571162 2.022812 1.255982 0.9526693 0.4690243 0.2536814 0.2309261 0.1774719 0.2235093 0.3322304 0.413869 0.3331764 0.3174833 0.3005292 0.4476793 0.5312395 0.829179 1.495575 1.438626 1.537156 0.9453386 0.5420105 0.4615445 0.1107108 0.6598922 0.6714076 1.050065 1.187557 1.394246 1.425142 1.134733 0.7880385 0.5898628 0.6591935 0.7533486 0.7893132 0.887965 1.011238
0.3714852 0.7437324 1.32692 1.646993 1.754713 1.825928 1.903679 2.000628 1.927788 1.971586 2.129277 2.278772 2.594026 2.921739 3.434199 3.557997 3.255998 2.934843 2.339825 1.794635 1.567446 1.97492 2.221322 2.246734 2.075045 1.877039 1.319576 0.8689727 0.7749075 0.2619835 0.2427789 0.3183012 0.1994798 0.3317792 0.4083072 0.2859499 0.4214092 0.3746594 0.5222051 0.672191 0.8887477 1.320577 1.364351 1.35894 0.9863688 0.5643717 0.4927926 0.4602626 0.5362489 0.6782038 1.036502 1.275083 1.44029 1.260205 1.163442 0.8364012 0.5025616 0.6893913 0.7787409 0.8884606 0.8438758 1.044878
8.265316e-031 0.3827886 1.054575 1.463302 1.681113 1.794686 1.883005 1.987104 1.969826 2.02896 2.202578 2.327727 2.645207 2.859163 3.102977 3.239675 3.100974 2.83371 2.416407 2.17377 2.124526 2.130749 2.122607 2.196835 1.810085 1.572915 1.330957 0.9278145 0.798721 0.2726552 0.2666405 0.3161361 0.209581 0.3382887 0.3493334 0.351245 0.4667432 0.4083159 0.5476699 0.7120602 0.9078743 1.326407 1.257274 0.7757525 1.010026 0.8231952 0.5337308 0.5441149 0.612517 0.6897449 1.083719 1.09526 1.230569 0.8439959 1.186361 0.8921656 0.5214471 0.7357411 0.7954717 0.8888817 0.8303989 1.075173
