rasters-batsmen/muralivijay.asc
ncols         108
nrows         21
xllcorner     -3.075
yllcorner     -1.575
cellsize      0.15
NODATA_value  -9999
[rows 0 to 20 of 21, columns 0 to 60 of 108]
4.80078e-008 0.07792442 0.2944469 0.5603414 0.7972594 0.9952146 1.173587 1.356303 1.496226 1.597131 1.655616 1.678262 1.675442 1.6565 1.628061 1.594305 1.540682 1.482407 1.634445 1.70228 1.396678 1.182484 1.175879 1.281345 1.248358 1.208825 1.10563 1.064994 0.970849 0.8754048 0.9704282 0.7866738 0.7957257 0.5803808 0.5927296 0.6595067 0.6022741 0.6648331 0.7208184 0.655155 0.6180966 1.193577 1.249148 1.189028 1.193649 0.9247801 0.9969749 1.276193 1.649652 1.821679 1.807465 1.244942 1.088118 1.027805 1.13799 1.233031 1.304797 1.588231 1.505846 1.488967 1.601431
0.07560498 0.1626242 0.378376 0.6208663 0.8192416 0.9934189 1.185985 1.410154 1.592662 1.712967 1.767697 1.774078 1.751995 1.715589 1.672713 1.67336 1.778999 1.496551 1.627858 1.502953 1.465983 1.19263 1.187152 1.232287 1.255363 1.207543 1.094841 1.038258 0.9340196 0.8345275 0.9752064 0.7540653 0.7735419 0.7883025 0.5931913 0.6554377 0.6594881 0.65429 0.7030414 0.6425142 0.6146952 1.186234 1.250787 1.191517 1.197958 1.005666 1.009165 1.2806 1.650805 1.823949 1.804101 1.23448 1.08445 1.25256 1.603833 1.320072 1.315464 1.59179 1.50758 1.485366 1.591644
0.2760303 0.3649538 0.5324347 0.6863477 0.7876956 0.9090055 1.141542 1.469435 1.7391 1.884291 1.919695 1.892393 1.839272 1.779241 1.719154 1.69678 1.629485 1.739797 1.682806 1.620198 1.468139 1.204907 1.201757 1.248829 1.269597 1.213336 1.0879 1.006611 1.048568 0.9490071 0.8883833 0.708455 0.7481149 0.6271534 0.597294 0.6509773 0.6488451 0.6352013 0.6797181 0.6271711 0.6121083 0.8064554 1.320445 1.194322 1.203555 1.020504 1.025588 1.286329 1.652804 1.897926 1.800399 1.081777 1.072513 1.322638 1.604462 1.788155 1.330703 1.460609 1.509913 1.479528 1.578022
0.5097356 0.5796683 0.6651405 0.686958 0.6298963 0.6463331 0.9810663 1.559824 2.003239 2.152833 2.124271 2.031715 1.932516 1.843866 1.803539 1.72091 1.643857 1.571956 1.724362 1.442593 1.468935 1.218961 1.219448 1.271723 1.294341 1.232389 1.13834 0.9745908 0.7996461 0.8279673 0.7882702 0.6430657 0.721703 0.6320027 0.6084649 0.6452885 0.6289532 0.6038057 0.6484724 0.3716986 0.676201 0.8823158 1.310811 1.197277 1.210862 1.040961 1.048764 1.293769 1.656028 1.899408 1.796888 0.8045743 0.8523334 1.310112 1.604059 1.73086 1.353757 1.541057 1.513006 1.46937 1.689649
0.7060142 0.7435646 0.7489167 0.6432841 0.3888366 0.1894521 0.7064859 1.882852 2.535408 2.564835 2.376596 2.176648 2.020432 1.904283 1.839368 1.746696 1.659776 1.768993 1.698577 1.392516 1.515218 1.232129 1.238771 1.241088 1.332231 1.27328 1.125652 0.9620372 0.6926847 0.5485749 0.5373424 0.5940669 0.7030108 0.6536893 0.6320756 0.6339011 0.6246464 0.5528536 0.5542895 0.3702653 0.6738163 0.8807211 1.292847 1.263457 1.22002 1.070705 1.08337 1.24649 1.661114 1.906369 1.795078 1.233395 0.8530159 1.217916 1.601193 1.753064 1.391272 1.560443 1.399937 1.45013 1.64013
0.8562905 0.8710765 0.8373706 0.6872507 0.3673304 0.06091254 0.8610898 2.839015 3.411119 3.060154 2.612743 2.288731 2.0862 1.956654 1.844612 1.777717 1.679827 1.575843 1.481653 1.442203 1.497709 1.240768 1.255755 1.26899 1.326274 1.343288 1.211708 0.9899068 0.6378732 0.1468624 0.2216419 0.5456432 0.7111011 0.7084838 0.7164315 0.6102038 0.4860132 0.5002869 0.5063355 0.3750139 0.7255027 0.9973902 0.9223752 1.256843 1.228687 1.300006 1.137558 1.409127 2.124827 2.27067 1.821085 1.236538 0.8533528 0.9191004 1.449979 1.980186 1.644118 1.600552 1.408138 1.409975 1.226819
0.9766804 0.9906712 0.9709749 0.8888251 0.7592701 0.8302471 1.889423 3.631148 3.924338 3.302577 2.696109 2.31876 2.118042 1.998742 1.897053 1.787853 1.707703 1.581634 1.487652 1.44212 1.519326 1.33022 1.257082 1.287897 1.372836 1.438351 1.370591 1.224732 0.8503028 0.3752925 0.2672169 0.5013429 0.6319361 0.8211582 0.841979 0.600686 0.2689889 0.3303412 0.3043049 0.4459578 0.7633345 0.9384301 1.053936 1.252095 1.264374 1.342776 1.306089 1.366899 2.166947 2.350433 1.928224 1.359774 0.8550476 0.9118564 1.516156 1.991694 1.754576 1.701645 1.401979 1.314829 1.17991
1.076679 1.105801 1.126862 1.145713 1.219039 1.523475 2.289873 3.206584 3.440605 3.025683 2.549444 2.253928 2.124315 2.060081 1.984807 1.864488 1.742846 1.593519 1.499135 1.459019 1.513495 1.466478 1.432473 1.267526 1.339805 1.525244 1.595819 1.587202 1.299993 0.8029406 0.08164131 0.5279119 0.9649451 1.037986 1.078316 0.6077708 0.1521997 0.2468115 0.3657697 0.4811091 0.5949454 0.7069538 1.024301 1.260642 1.421966 1.412429 1.068952 1.275779 2.055581 2.275532 2.103816 1.338335 0.8786898 0.8917643 1.095155 1.978716 2.224638 1.884652 1.309075 1.081629 1.05104
1.155147 1.202264 1.258806 1.34003 1.487196 1.766938 2.197475 2.609114 2.726939 2.529091 2.262246 2.120932 2.134631 2.183711 2.15299 1.996504 1.800492 1.607697 1.413946 1.518509 1.56985 1.392048 1.363435 1.3776 1.298881 1.430237 1.844473 2.191357 1.95744 1.300326 0.7959236 0.8648684 1.125051 1.115366 1.440227 1.070238 0.5140994 0.460657 0.3623721 0.4104165 0.6820819 0.1588932 1.159515 2.167356 1.268605 0.3056499 1.291592 1.101728 2.317838 2.868297 2.066401 1.235421 1.165949 0.8091969 1.075929 1.74159 1.525649 2.66311 1.080632 1.186218 1.086429
1.207252 1.26697 1.34191 1.442602 1.586267 1.785257 2.015438 2.192922 2.225015 2.117217 1.987153 1.984988 2.167672 2.450239 2.489997 2.208302 1.850261 1.514134 1.433272 1.626263 1.806775 1.423228 1.219663 1.25956 1.205976 1.188173 1.952218 3.424601 2.652028 2.894485 0.7817959 0.9381766 1.097969 1.249491 2.078548 2.163896 0.9356061 0.5932145 0.7265251 0.6355724 0.8825212 0.7933202 0.9432088 2.234451 1.693089 1.967476 1.868399 1.052286 3.528307 2.019095 2.664174 1.187562 0.9974254 0.2832194 1.488672 1.310672 1.509461 1.044475 0.873499 2.814325 1.554273
1.229533 1.295158 1.375135 1.473302 1.592514 1.727282 1.853653 1.929723 1.920605 1.832943 1.721364 1.705995 2.095426 2.99937 3.141027 2.470917 1.911453 1.502737 1.363764 1.552788 1.841923 1.176899 1.044512 1.142298 1.1666 1.163307 1.742808 2.529047 1.715894 1.519673 1.015523 0.962744 0.9758735 1.023508 1.181435 1.2008 0.9017811 0.7212121 0.4286166 0.7261999 0.2258386 0.6450921 1.281423 1.522917 1.348541 2.375473 2.885495 0.8136116 1.309654 1.805122 0.6092483 1.609849 2.428508 0.4508969 0.2816463 0.4314226 1.635409 1.688905 0.1612978 0.7442123 2.269887
1.220544 1.287674 1.366732 1.456926 1.554812 1.651129 1.728408 1.763972 1.739604 1.64742 1.478579 1.243616 1.529127 3.273497 3.521356 2.458438 1.876808 1.529333 1.284529 1.089469 0.9232126 0.9587445 0.8269374 0.8949269 1.159493 1.160591 1.189924 1.673863 1.499964 1.20393 0.7769797 0.3672559 0.8503307 0.9765325 0.9913228 0.5760394 0.7601814 0.820625 0.8508108 1.129188 1.757661 0.3800404 1.082288 1.000741 3.672516 2.650712 2.173409 1.211201 1.226583 3.109658 0.8875543 0.5519411 0.3145733 0.5826938 1.226212 0.7614159 1.019211 0.6260852 0.3398654 0.9743913 0.5872548
1.179327 1.246324 1.324165 1.409288 1.495713 1.574289 1.632684 1.657338 1.636382 1.554473 1.397693 1.15441 1.269074 1.221931 1.808425 1.99635 1.755718 1.539058 1.266922 0.7576616 0.08819969 0.349433 0.1111668 0.6605183 0.8910993 1.182979 1.255697 1.35348 1.377952 1.073343 0.8735508 0.8984824 0.890058 0.7807251 0.7899479 0.3264243 0.4769162 0.7558721 1.075574 2.107816 1.928358 0.7571296 1.470356 1.553153 2.137801 0.5389829 0.3499846 0.929989 1.133661 1.453201 0.8622084 0.7980252 0.401261 3.872709 1.138042 1.072808 4.064766 2.573716 0.889008 0.7763617 3.869312
1.103868 1.170995 1.2506 1.337026 1.42259 1.498382 1.555127 1.584353 1.57562 1.528894 1.450967 1.382225 1.394459 1.276292 1.494064 1.735595 1.688999 1.727465 1.620688 0.9539016 0.3602377 0.3674576 0.3213652 0.6588235 0.2900546 1.472331 1.447881 1.076796 1.328373 0.9677006 0.8808769 0.7650209 0.4436521 0.5820857 0.5065693 0.4571397 0.5264518 0.195987 0.6552421 1.61577 1.587063 0.7984201 2.584538 2.000739 3.28656 1.121953 1.525004 0.9752988 0.5153094 0.3059652 1.036408 0.3772408 2.238518 2.526437 1.043385 0.6409199 1.05213 2.101919 0.7614307 1.717591 2.482041
0.9906443 1.058924 1.144985 1.240586 1.335413 1.419564 1.485084 1.524105 1.532886 1.519905 1.494988 1.478045 1.474712 1.514285 1.579237 1.595324 1.660196 1.876043 1.917453 1.24887 0.7083771 0.5775155 0.6179277 0.8517792 1.371125 3.781477 2.092927 1.361448 1.060981 0.9500663 0.7801732 0.8164049 0.4800867 0.4580788 0.4715405 0.3264234 0.4351979 0.6668101 1.346229 0.9358118 1.331475 1.245722 1.658895 2.370029 3.163001 2.463501 2.501615 1.308336 0.8064466 1.437253 1.559734 0.5248761 1.211313 1.44332 0.6984055 0.4764592 0.4782813 0.62035 1.014015 3.934344 1.543562
0.8360578 0.9061803 1.004177 1.117735 1.231697 1.333292 1.414026 1.463901 1.491441 1.501493 1.502084 1.502522 1.50546 1.575344 1.591563 1.533967 1.574727 1.659391 1.591887 1.203598 0.7622113 0.5442318 0.4725406 0.735543 1.167813 1.552255 1.465183 1.172896 1.044206 0.9168098 0.8129042 0.6862693 0.5881588 0.4502322 0.3396477 0.1793433 0.2640628 0.6927934 0.7600082 0.8853583 1.248472 1.501581 1.868239 2.256137 2.688583 2.491645 2.213431 1.573295 1.95766 1.547063 1.21004 1.027706 1.110661 0.6314208 1.218704 3.131874 0.3698589 0.3051367 0.5339224 1.379034 1.027662
0.6408784 0.7121632 0.8272813 0.967598 1.109875 1.236259 1.333486 1.400954 1.444458 1.469698 1.483255 1.490988 1.492783 1.480523 1.469109 1.462387 1.453726 1.426864 1.308734 1.057415 0.6757829 0.3312679 0.02097313 0.3891278 0.5692558 0.08395067 0.5226746 0.8924186 0.926363 0.858631 0.7691647 0.5861285 0.4820115 0.3614402 0.2267195 0.1072159 0.1123212 0.5577132 0.7714667 0.8633807 1.168192 1.571515 1.926992 2.270707 2.469959 2.390858 2.134758 1.615841 1.747757 1.511534 1.345332 1.218984 1.18984 0.557609 0.7605129 1.12969 0.5677585 0.466434 0.8564278 1.301013 1.387273
0.4192769 0.4893544 0.6248134 0.7985408 0.9758915 1.131063 1.249338 1.334433 1.391682 1.427748 1.448865 1.459777 1.455404 1.434513 1.416236 1.390848 1.351454 1.28363 1.16042 0.9664545 0.6432661 0.3767443 0.2001697 0.3924841 0.4593471 0.2456093 0.4378756 0.7173907 0.8484817 0.8253869 0.7469112 0.6470494 0.4375398 0.2622901 0.07368708 0.05045631 0.2750656 0.5521808 0.6888145 0.624737 0.8795588 1.624933 1.808528 2.282686 2.428299 2.300138 2.091106 1.750807 1.613436 1.266931 1.143481 1.250346 1.047574 0.9742245 0.7594537 0.784953 0.6024045 0.8812929 0.9493353 1.068546 1.329709
0.2064193 0.2720651 0.4259011 0.6322095 0.8440191 1.025951 1.166158 1.267143 1.335941 1.380244 1.406508 1.416578 1.409208 1.389905 1.36558 1.329702 1.277695 1.201322 1.090446 0.9412477 0.6839373 0.5441781 0.4793735 0.5295725 0.5490609 0.4983293 0.5794058 0.6990669 0.7998203 0.7426218 0.6766905 0.5823972 0.3614513 0.2421752 0.1053046 0.08520398 0.3411632 0.5670514 0.6653831 0.5896621 0.8535092 1.660688 1.793907 2.254591 2.377532 2.244667 2.11962 1.728666 1.819138 1.13083 1.11948 1.294575 1.249531 0.9260458 0.7351673 0.6879598 0.578245 0.9840738 1.211352 1.042797 1.210426
0.05346858 0.1129261 0.2757677 0.5015803 0.7348726 0.9356804 1.091287 1.203842 1.281185 1.331554 1.361615 1.368181 1.192797 1.182421 1.322036 1.282045 1.227968 1.155962 1.063138 0.9515732 0.7376477 0.6623217 0.6277961 0.6103289 0.6360561 0.6310273 0.6502182 0.7031695 0.7764232 0.7117617 0.6583435 0.5732523 0.3568572 0.2820061 0.2201388 0.217855 0.3218769 0.5979419 0.6590635 0.5662924 0.8239175 1.473672 1.781896 2.382821 2.347118 2.210867 2.100414 1.703216 1.56407 1.342028 1.103303 1.333095 1.303977 0.9520661 0.7161965 0.6483803 0.617674 0.7688658 1.251004 1.046048 1.287784
1.126646e-031 0.05419461 0.2043268 0.4193151 0.6677928 0.8717185 1.031921 1.149386 1.231228 1.285268 1.314347 1.320871 1.137342 1.125601 1.286939 1.246941 1.19596 1.132719 1.057464 0.9739683 0.7818957 0.7366317 0.7135963 0.6816442 0.6998993 0.6863158 0.6784106 0.7052779 0.7104465 0.6912281 0.6490161 0.5781449 0.3669348 0.3260207 0.2587473 0.2982141 0.3800915 0.5886215 0.5011181 0.5531065 0.8035594 1.45477 1.773171 2.371952 2.326268 2.117679 2.086231 1.684489 1.54725 1.326884 1.093776 1.357977 1.329423 0.8957474 0.6388277 0.6281345 0.5453265 0.7764875 1.087507 1.060798 1.347454
