rasters-batsmen/parthivpatel.asc
ncols         108
nrows         21
xllcorner     -3.075
yllcorner     -1.575
cellsize      0.15
NODATA_value  -9999
[rows 0 to 20 of 21, columns 0 to 61 of 108]
7.913736e-009 0.01267924 0.04953259 0.1020237 0.1599003 0.3178242 0.3905095 0.4556287 0.5142885 0.567686 0.6165231 0.6607128 0.7009403 0.9051381 0.9242143 1.065659 1.088351 0.9673544 0.9604207 0.8902388 0.7883691 0.655229 0.5080428 0.3840694 0.3694292 0.4367726 0.6283679 0.7405539 0.5553564 0.5893126 0.6052572 0.4494151 0.799089 1.103855 1.156901 1.275216 1.185538 1.131816 1.244327 1.218467 1.16444 1.279479 1.089718 0.7923569 0.5910527 0.7846852 0.8488765 0.834506 0.9578881 1.141008 1.155615 1.285638 1.873772 1.911645 1.863486 1.973437 1.672793 1.820287 1.660348 1.612865 1.523761 1.695257
0.01834357 0.03834586 0.09187306 0.1651716 0.165387 0.2199354 0.3897177 0.4534791 0.512473 0.5680596 0.6210677 0.6712868 0.7173312 0.913618 1.062632 1.065348 1.089751 1.074405 0.9788983 0.9063215 0.7870214 0.6123824 0.3879751 0.1705374 0.1872229 0.342635 0.5771578 0.7290392 0.5768344 0.6112007 0.6193833 0.4675214 0.8490753 0.8844601 1.138852 1.268238 1.194497 1.16029 1.269455 1.238276 1.170221 1.247615 1.035369 0.744698 0.5636514 0.4966998 0.8302113 0.8332172 0.9683681 1.152572 1.171996 1.250066 1.886121 1.938345 2.108983 2.079482 1.721767 1.564305 1.706185 1.590227 1.35317 1.727764
0.064983 0.0844108 0.1292246 0.1896606 0.25622 0.323434 0.3878893 0.4481166 0.5057971 0.56263 0.6198392 0.6771701 0.7325879 0.9203127 1.056638 1.061582 1.06272 1.080991 1.088269 0.9447588 0.8241681 0.6292327 0.3632372 0.06914604 0.09675758 0.289972 0.5521346 0.658679 0.7695182 0.6506644 0.6397924 0.5417654 0.815744 0.8619882 1.111062 1.192639 1.20025 1.187478 1.306159 1.268673 1.182241 1.155928 0.9499052 0.5221924 0.5643541 0.7135755 0.7406665 0.8296927 0.9754377 1.168444 0.9653366 1.537457 1.832297 1.970917 2.297818 2.172323 1.90748 1.583277 1.648886 1.347133 1.383251 1.802971
0.1147207 0.13124 0.1647204 0.2110102 0.2652176 0.3228324 0.3804987 0.5565459 0.6180226 0.5473393 0.608533 0.6742315 0.7413481 1.033382 1.048087 1.051963 1.052595 1.074684 1.104236 1.084435 0.9062161 0.7254607 0.468998 0.2167041 0.1276446 0.2239663 0.5667984 0.7323987 0.8412104 0.7180039 0.5334677 0.542441 0.5737218 0.8771656 1.068413 1.162114 1.190446 1.217648 1.354918 1.310742 1.200253 1.119041 0.7154322 0.3806887 0.4588079 0.497892 0.4762421 0.8200849 0.9551666 1.187237 1.106937 1.372212 1.598664 1.998104 2.407179 2.329897 2.015735 1.59031 1.366994 1.327518 1.401568 1.875998
0.190147 0.2038848 0.2349494 0.2826993 0.3428645 0.3139727 0.365962 0.5288332 0.582441 0.639834 0.7065116 0.7819476 0.8574395 1.0189 1.038525 1.037717 1.029 1.046481 1.104982 1.147016 1.121051 0.9029502 0.6583259 0.2704535 0.0879347 0.3120989 0.7447016 0.8692677 0.9339719 0.828234 0.6607443 0.5181769 0.5304097 0.5633403 0.8622265 1.108093 1.128654 1.243114 1.376214 1.363415 1.163617 1.087538 0.6786462 0.02341691 0.3626746 0.6527442 0.5732427 0.529897 0.8914441 1.179427 1.467341 1.581923 1.574292 1.949146 2.63486 2.936751 2.064135 1.722463 1.337343 1.299242 1.535955 2.142633
0.1806805 0.1834355 0.2076884 0.2547442 0.3171786 0.3825673 0.4403034 0.4869746 0.5266308 0.5740139 0.6421601 0.7322082 0.8283913 1.000278 1.031008 1.028058 1.006121 1.012063 1.104009 1.216123 1.287449 1.277543 1.086349 0.9639792 0.9576233 1.150444 1.213747 1.025459 0.9992598 0.9842696 0.7646763 0.4295871 0.4407339 0.5135706 0.6162636 0.9281252 1.007761 1.349904 1.835551 0.8678343 1.129181 1.016143 0.7623215 0.5071799 0.4737705 0.3680248 0.6722637 0.6429277 0.7514567 0.8020381 2.126047 1.995271 1.440993 1.215929 2.059865 2.734489 2.30809 1.540499 0.9151446 1.165441 1.274786 1.862749
0.1343054 0.1221202 0.1437021 0.2008673 0.2769732 0.3492678 0.4016137 0.4300418 0.4448583 0.4696486 0.5346112 0.6465616 0.8696887 0.9730777 1.02586 1.035586 1.020342 1.033843 1.150161 1.307833 1.47637 1.627976 1.778313 2.112815 2.708415 2.507677 1.739354 1.188474 1.012019 0.9387895 0.6167874 0.2840607 0.2403062 0.4628478 0.5908455 0.6813259 0.8747097 1.380008 2.484026 3.904747 1.364981 1.310777 0.8337905 0.7713904 0.5640631 0.3620026 0.734636 0.8186765 0.4652011 0.4866419 1.1651 1.407462 0.9987456 0.9159898 1.281937 1.576015 1.818722 1.477314 1.097368 1.199027 0.8722472 1.003835
0.0771673 0.0481734 0.06815057 0.1405634 0.236039 0.3176765 0.3623806 0.3642067 0.3358985 0.3169377 0.4237782 0.5844201 0.7795302 0.9324265 1.017132 1.053024 1.067183 1.09955 1.206213 1.406143 1.664961 1.969997 2.303106 2.735239 3.64762 3.180179 1.775412 1.273999 1.029268 0.7693908 0.6781739 0.1660377 0.2768618 0.3761241 0.59505 0.6850724 0.264278 0.9671576 1.132637 0.2516686 0.8802545 0.9711142 0.3350404 0.6993647 0.2497459 0.5461875 1.057146 0.901299 0.2648962 0.5476404 1.264763 1.163519 0.8612549 1.612081 1.403873 1.468399 1.296367 1.67716 2.102723 1.623604 1.014026 0.2966709
0.04350642 0.003970009 0.02261057 0.1050001 0.2128444 0.2981698 0.3317775 0.3034244 0.2217887 0.1370688 0.1843013 0.4006625 0.6923892 0.8998716 1.016316 1.069559 1.081409 1.087556 1.197953 1.449732 1.823201 2.28054 2.880658 3.142993 2.79462 1.962286 1.176947 1.155694 0.7441801 0.8858072 0.6656092 0.557134 0.5594941 0.1650733 0.7881721 0.8926053 0.7037455 0.878947 2.281409 0.6205293 0.8217987 0.2859702 0.3807228 0.6841013 0.794941 1.125587 0.9658421 0.8879049 3.754552 1.400616 1.75948 3.113322 1.949468 0.6924706 0.2388811 0.3297642 1.007013 1.124343 1.255047 0.7574432 2.13609 1.087494
0.05567792 0.01954983 0.03878425 0.1178228 0.2198005 0.2971534 0.3191136 0.2718541 0.185442 0.03410945 0.03403873 0.2931392 0.6160848 0.8468472 0.9855503 1.054557 1.056325 1.001042 1.105051 1.441267 1.97758 2.519309 3.233641 3.999132 2.60926 1.647264 1.274803 1.419138 0.07786706 0.6542646 0.3329557 0.8859286 1.078974 0.8516959 0.2464499 0.6416485 0.8815961 1.419317 1.041773 0.1677217 0.3772399 1.204003 0.6978579 0.825748 0.6112034 1.039741 1.233289 0.6579276 0.332412 0.8559696 0.01076533 1.872373 2.057482 1.090075 0.9164008 1.299403 1.835828 0.2923916 0.1767592 0.8977295 0.5101922 1.106898
0.108184 0.08571916 0.1065604 0.1715356 0.3041917 0.3757159 0.391235 0.3376674 0.1983964 0.09372257 0.1065485 0.3384672 0.5966733 0.7855451 0.940549 1.039557 1.067207 1.031755 1.112891 1.539551 2.157867 2.794723 3.033915 2.999848 1.699637 1.124593 1.514556 2.237333 1.126625 0.9590067 0.8621042 1.161804 1.202567 1.561635 0.4076757 0.5357563 0.8646827 0.1447277 0.8484511 0.4830952 0.5516164 0.6969571 0.8057418 0.307743 0.6877546 1.019993 1.837568 1.542526 1.226734 1.507475 1.170413 0.5918303 1.456212 1.258641 2.874612 0.6746148 0.8417467 0.9690584 2.601056 0.3275064 1.043954 3.390455
0.1867844 0.1779595 0.200045 0.2512722 0.3130616 0.3605467 0.375025 0.3498623 0.2959413 0.2529325 0.2833564 0.4510504 0.5766906 0.6642675 0.7925336 0.955156 1.084162 1.156808 1.319397 1.772511 2.561457 3.273673 3.430944 2.72552 1.858191 1.500847 1.419056 1.09217 1.221276 0.5768074 0.8744061 1.595386 2.432336 3.431951 2.275198 1.189406 0.9664523 0.8114899 0.6255065 0.6649166 0.5908236 1.261873 0.8150059 0.7678862 1.0402 0.235172 0.3636124 0.9692717 1.731594 1.031753 0.9813874 0.7174565 1.617981 2.559357 1.659213 1.123963 0.9766596 1.657035 0.9997596 0.2068806 0.7946409 1.306074
0.2524755 0.2544077 0.2757851 0.3144007 0.3595353 0.3966963 0.4145612 0.4103357 0.3935232 0.3861963 0.4692027 0.5011181 0.4828836 0.4260119 0.4691653 0.7317631 1.027311 1.268669 1.536594 2.083676 2.7838 3.616593 3.923802 2.976119 2.139752 1.731893 1.401653 1.182293 1.078376 0.898114 1.111629 1.750754 2.528392 4.567809 3.579823 1.766123 1.11155 0.6918252 0.7223134 0.1457803 0.9484516 1.583575 0.71631 0.8173208 0.5103544 0.1817698 0.1806254 0.8236548 1.102515 1.181144 0.8173923 0.2256588 1.036728 0.9173109 0.7859686 0.7937874 0.9514428 1.322685 1.920982 0.5743032 0.602276 3.67913
0.2970206 0.3060129 0.3276837 0.3601209 0.3971727 0.4304527 0.4530913 0.4632496 0.465494 0.4671703 0.5371389 0.4935533 0.3573624 0.1424841 0.09157118 0.4529067 0.9207157 1.284588 1.625481 2.160946 2.696968 3.189048 3.311244 2.780426 2.168228 1.780125 1.443601 1.192097 1.11546 1.216349 1.396063 1.787248 2.251398 2.870483 2.70524 1.722412 1.208339 0.6775709 0.6239132 0.544395 0.8823383 0.9948638 0.6713522 0.4135738 0.282434 0.3723619 0.1804484 0.4170685 0.3649139 0.5623955 0.5637001 0.46641 1.300525 0.03866321 0.6203372 0.3413733 0.711992 0.03043078 0.2593167 0.4212915 0.3162675 0.7377993
0.3132209 0.327437 0.3519118 0.3846191 0.4212383 0.4561568 0.4845077 0.5040423 0.515097 0.5169008 0.577693 0.5012611 0.3377871 0.1216929 0.0711796 0.3973258 0.8675938 1.271487 1.626763 2.118789 2.479884 2.742341 2.773626 2.485231 2.105047 1.806628 1.483918 1.212989 1.335256 1.39087 1.508549 1.831645 1.9734 2.154033 2.021916 1.606666 1.227112 1.217838 0.7272708 0.7264908 0.8290089 0.8413629 0.9455163 0.5508618 0.4882301 0.3749799 0.2513721 0.5256513 0.6426583 0.5782745 0.5139466 0.4047361 0.1464099 0.3913636 0.654077 0.8185006 0.6013377 0.3380222 0.2257253 0.2572391 0.4627494 0.6668295
0.2972625 0.3160353 0.3466195 0.3858012 0.4287871 0.4704011 0.5063456 0.5339515 0.5515641 0.6501532 0.6247085 0.5587859 0.4444327 0.3255066 0.3499663 0.580749 0.9340699 1.282554 1.598825 2.041831 2.287493 2.443249 2.291115 2.2787 2.024892 1.682144 1.511984 1.387636 1.421349 1.494641 1.575909 1.804309 1.77476 1.829955 1.744511 1.495896 1.277234 1.094534 0.7816358 0.7583215 0.8443385 0.8280209 0.9806913 0.6213143 0.5454952 0.3965682 0.2791982 0.614022 0.6237814 0.5682663 0.4934817 0.3553062 0.1928837 0.3708183 0.5027876 0.5745487 0.5975262 0.4610474 0.371374 0.5410786 0.5241407 0.6837532
0.2485501 0.2713524 0.3114978 0.3631318 0.4187956 0.4720108 0.5183336 0.5551911 0.5808872 0.6950773 0.6832758 0.6473441 0.5942726 0.5592034 0.6398144 0.8041169 1.051318 1.318973 1.5744 1.972514 2.148281 2.063387 2.079652 2.00122 1.958758 1.664302 1.529177 1.430984 1.484609 1.55693 1.604276 1.774194 1.874432 1.704996 1.520304 1.413592 1.270064 1.150836 0.802996 0.7626961 0.8273165 0.7546505 1.016633 0.6556562 0.5706266 0.4097257 0.2964396 0.5243284 0.6455383 0.5736138 0.4935676 0.4422001 0.3429792 0.394311 0.448385 0.442556 0.5554255 0.464978 0.4311944 0.6299143 0.5491222 0.6844525
0.173387 0.1990619 0.2512624 0.3201215 0.3935229 0.4623608 0.5216994 0.5695537 0.6052948 0.7383874 0.7451183 0.7394566 0.7317174 0.744664 0.8322925 0.9849944 1.162752 1.362687 1.56198 1.92139 1.855488 1.926221 1.94397 1.85156 1.760662 1.645263 1.53856 1.839549 1.784547 1.594221 1.614049 1.748318 1.809376 1.59266 1.414602 1.423263 1.273865 1.181125 0.812361 0.7590936 0.7594516 0.6831917 0.9751087 0.6751073 0.5857798 0.4888785 0.3056478 0.5295635 0.6530776 0.5240245 0.505659 0.4899698 0.386315 0.410184 0.4277792 0.4113421 0.4992637 0.4870644 0.5167046 0.6881204 0.5660629 0.6876355
0.0895328 0.1162477 0.1802635 0.2674246 0.3601054 0.4459242 0.5192487 0.5788305 0.6253909 0.7777326 0.8022296 0.8203748 0.8414244 0.7861297 0.9792457 1.117822 1.251401 1.403392 1.559997 1.689668 1.778808 1.833517 1.851875 1.773491 1.716564 1.628051 1.907593 1.826607 1.832791 1.616438 1.676051 1.727376 1.508397 1.518081 1.41111 1.382248 1.276131 1.200441 0.8170704 0.7543586 0.7525298 0.6738904 0.9884084 0.5444487 0.6646057 0.2225824 0.2415829 0.3966079 0.6633116 0.5290778 0.5173129 0.5153269 0.4020891 0.4146113 0.4172311 0.3999984 0.4998786 0.4373969 0.5423331 0.7282274 0.5140921 0.6219535
0.02408633 0.05021888 0.1218702 0.2223597 0.3300783 0.4298842 0.5152799 0.5853953 0.7629285 0.8116823 0.8508599 0.7854896 0.8215451 0.868612 0.96863 1.051875 1.318815 1.439164 1.560281 1.657371 1.725369 1.768888 1.786817 1.716155 1.682082 1.971066 2.125339 1.860196 1.867147 1.891439 1.673379 1.710544 1.463512 1.53437 1.431223 1.353784 1.276072 1.211999 0.7535829 0.7510616 0.7485347 0.668515 0.5818123 0.5505866 0.6746873 0.659063 0.2424084 0.327004 0.539587 0.5344157 0.5289565 0.5303413 0.4086325 0.4153908 0.4120828 0.3959545 0.2533084 0.4405944 0.7409432 0.7567671 0.5218671 0.5519357
5.253608e-032 0.02502142 0.09758897 0.2016032 0.3150788 0.4218466 0.5145679 0.59208 0.7816048 0.8404874 0.7857993 0.8286502 0.8735941 0.9258482 1.028206 1.101071 1.371388 1.467434 1.508031 1.634959 1.687569 1.722715 1.739527 1.673003 1.649939 1.981418 2.154145 1.884735 1.891696 1.910999 1.669201 1.693888 1.496779 1.495886 1.395689 1.333624 1.272057 1.218761 0.7515929 0.748741 0.7456772 0.6652752 0.5802948 0.4806369 0.609469 0.3106519 0.3146165 0.3252227 0.5435727 0.5392666 0.5378019 0.4735113 0.4108535 0.4152811 0.3434165 0.4596192 0.2494745 0.4432368 0.5088949 0.7779557 0.5980694 0.5514852
