rasters-batsmen/robinuthappa.asc
ncols         108
nrows         21
xllcorner     -3.075
yllcorner     -1.575
cellsize      0.15
NODATA_value  -9999
[rows 0 to 20 of 21, columns 0 to 61 of 108]
5.411717e-008 0.09396143 0.3451959 0.6476547 0.9083322 1.100071 1.235981 1.336912 1.417775 1.300755 1.352496 1.402521 1.330365 1.635267 1.623016 1.935922 1.984511 2.015965 2.052336 2.009029 2.046753 2.091396 2.140232 2.424455 2.397499 2.392354 1.867791 2.042555 2.178493 2.130219 2.044235 1.695541 1.665766 1.726654 1.594585 1.451139 1.095191 0.7486327 0.3541875 0.2081037 0.4858435 0.8082439 0.8862386 0.8321301 1.060542 1.601292 1.602058 1.601912 1.17917 1.187026 1.196937 1.18336 0.9545707 0.9436895 1.26596 1.320588 1.039849 1.31852 1.469219 1.213881 1.098799 1.110577
0.08668366 0.1794124 0.4519839 0.7431245 0.9796773 1.143404 1.256158 1.343068 1.41845 1.309049 1.361359 1.405234 1.581276 1.620662 1.601623 1.587098 1.899288 2.000548 2.041736 2.009895 2.049945 2.109607 2.180738 2.47572 2.4677 2.315709 1.96764 2.098629 2.195077 2.194494 2.055199 1.782659 1.700044 1.771634 1.658819 1.529531 1.173188 0.8052039 0.2390746 0.04225077 0.4937524 0.8652495 1.01472 0.9735709 1.104525 1.543721 1.603074 1.675968 1.186721 1.186736 1.19862 1.185279 0.9630867 0.9493827 1.256497 1.240776 1.034649 1.306749 1.188115 1.335927 1.10488 1.491171
0.3261964 0.4203298 0.673204 0.9009704 1.07459 1.186839 1.26518 1.336208 1.409577 1.314051 1.368988 1.414308 1.565456 1.608091 1.582111 1.631872 1.872595 1.913874 2.024434 1.998141 2.045913 2.12412 2.229937 2.554201 2.583825 2.45669 2.107876 2.168166 2.209975 2.178726 2.09829 1.784423 1.735562 1.493682 1.750063 1.660695 1.360938 1.124559 0.7686577 0.6469232 1.031919 1.253559 1.240687 1.086559 1.144062 1.321978 1.642354 1.677792 1.198796 1.191683 1.199428 1.248767 0.9750978 0.9576496 1.244411 1.161179 1.282619 1.491447 1.180189 1.327332 1.11426 1.189764
0.6254951 0.7084007 0.8466925 1.059466 1.152253 1.200948 1.24114 1.302975 1.385882 1.314725 1.375505 1.615604 1.658833 1.592677 1.571037 1.358727 1.835665 1.884102 1.998532 1.976384 1.856533 2.124776 2.279218 2.674828 2.800483 2.662909 2.459928 2.245069 2.064813 2.148262 2.045747 1.98626 1.771022 1.592634 1.861755 1.817921 1.571544 1.47586 1.413855 1.530229 1.823922 1.825831 1.557461 1.201812 1.14291 1.675531 1.617117 1.75143 1.218186 1.195279 1.195469 1.174873 0.9923861 0.9703159 1.22873 1.137085 1.254192 1.461654 1.421016 1.320119 1.184906 1.195804
0.894973 0.9552887 1.035597 1.173243 1.184252 1.162926 1.164962 1.234881 1.348759 1.313493 1.382647 1.597126 1.63942 1.572533 1.554277 1.520053 1.618304 1.839872 1.898446 1.944425 1.836265 1.925938 2.291444 2.82309 3.14583 2.992304 2.651555 2.304998 2.070508 2.096334 1.965435 1.9529 1.66843 1.743548 1.778695 2.007153 1.73891 1.591167 1.536263 1.998164 2.720316 2.711371 1.991517 1.317187 1.110768 1.552 1.586477 1.760462 1.251781 1.197781 1.178429 1.155285 1.016955 0.9907863 1.208199 1.157161 1.08443 1.225398 1.336089 1.160404 1.206534 1.184776
1.105973 1.140354 1.171956 1.176516 1.183179 1.087401 1.050254 1.151906 1.317703 1.455152 1.529037 1.579193 1.614567 1.543931 1.530303 1.500552 1.776446 1.578082 1.845111 1.90576 1.797144 1.863959 2.183771 2.681393 3.740102 3.572881 2.653558 2.302665 2.061759 1.831517 1.85022 1.624962 1.604071 1.804627 2.091507 2.371638 1.929537 1.465722 0.9722183 1.761063 4.480678 4.219182 2.266139 1.407518 0.9847995 1.152107 1.53991 1.781056 1.315424 0.9772112 1.141504 1.105824 1.042215 1.023887 1.130891 1.086773 0.9946868 1.148914 1.306086 1.194077 1.401547 1.177116
1.270387 1.283706 1.281232 1.246032 1.209241 1.068981 1.009927 1.140144 1.33284 1.467884 1.529836 1.424436 1.501294 1.597697 1.451909 1.476206 1.704416 1.569928 1.581399 1.663173 1.78099 1.835366 1.770014 2.075844 2.732315 2.600313 2.332803 2.273698 2.067792 1.781889 1.403472 1.336174 1.446517 1.891497 2.55536 3.01952 2.276475 1.418109 0.2983112 0.9117846 4.341014 3.930791 1.878874 1.09743 0.6656682 1.021441 1.469298 1.797147 1.50443 0.8739714 0.9477794 1.000307 1.089814 1.090693 1.212957 0.9079514 0.7024685 1.094588 1.453211 1.25036 1.541772 1.037817
1.409626 1.411509 1.391359 1.339878 1.256618 1.199043 1.163466 1.261297 1.403103 1.497555 1.534921 1.419175 1.395309 1.37847 1.548288 1.451548 1.621189 1.456297 1.467546 1.684528 1.876401 1.784106 1.507577 1.292147 1.438094 1.721178 2.212128 2.468408 1.995689 1.624464 1.376868 1.089675 1.162381 1.682212 2.670242 3.847996 2.240218 1.40339 0.9672623 1.211784 1.88695 1.693499 1.435552 0.7644386 0.5015152 0.646911 1.265828 1.666023 1.844034 1.130801 0.9240155 1.033279 1.288979 1.359244 1.007731 0.7915508 0.137961 1.103043 1.233175 1.188769 1.940971 1.574697
1.541146 1.542672 1.517721 1.461043 1.381309 1.307511 1.327885 1.372454 1.459656 1.525867 1.538133 1.407852 1.329142 1.277865 1.430547 1.438571 1.582563 1.259478 1.099095 1.78411 2.037424 1.923865 1.327252 0.3448225 0.7497962 1.215639 0.9206176 2.737993 2.079083 1.629125 1.241686 1.085795 0.4600907 1.435983 1.82971 2.280455 1.62646 0.7946721 0.5577438 0.9476585 1.101472 1.057872 1.214571 0.9395128 0.1182533 0.5803493 1.047439 0.3766994 3.066128 1.01655 0.3202327 0.8771145 1.86358 1.450078 0.9138424 1.382845 2.102226 1.069921 0.6461957 0.7045075 2.256462 2.439363
1.676553 1.690505 1.670937 1.604827 1.490312 1.347381 1.275671 1.317328 1.459735 1.541171 1.532256 1.403951 1.261261 1.032277 1.298379 1.573512 1.536715 1.567776 1.482443 1.981436 3.00699 2.410801 1.699336 0.9746674 0.9084295 1.239087 1.837274 3.974539 1.925352 1.260123 1.038399 1.7252 2.635216 1.414367 1.570003 3.07242 1.327325 0.07061491 0.6946036 0.7110761 1.009322 1.313884 1.62412 1.267542 0.8326577 1.216498 1.938575 1.156896 0.5249812 0.2170557 0.559136 0.5430986 1.179982 0.7783185 1.734774 1.096425 1.303905 1.662955 1.132474 0.3939971 0.06932657 1.157311
1.891774 1.931233 1.930359 1.853776 1.663254 1.35081 1.057803 1.144973 1.448165 1.55494 1.473413 1.422316 1.355683 1.228571 1.446709 1.643829 1.665189 1.977373 1.857726 1.712228 2.004921 0.9530258 3.537513 0.7318012 0.7846886 0.8542551 1.866971 1.204956 1.083392 0.9427063 0.8628908 0.9722059 1.218877 1.27321 1.541415 1.817294 1.155459 0.8672764 0.8006951 0.1742124 0.902828 1.217615 1.297725 0.6559195 0.8138646 0.4863171 1.385218 3.707527 0.9323696 1.284148 2.213019 0.4769742 1.742576 1.514774 0.6255149 0.9587202 4.494295 1.471436 0.4659674 0.5444361 1.739472 0.6947149
2.041913 2.140649 2.209097 2.184676 1.97453 1.552024 1.169743 1.254841 1.558509 1.617298 1.316955 1.121892 1.432405 1.284083 1.672715 1.637948 1.670946 2.062448 1.315015 0.5366743 1.171297 1.244861 0.8757554 0.6520283 0.7841698 0.6077901 2.608301 0.6465413 0.9747642 0.7823495 0.8989492 0.7424408 0.9123906 1.604537 1.503956 1.152803 1.495221 0.6969435 0.4941497 0.7387955 0.7835826 0.3585188 0.9118604 0.9174636 0.9377616 0.3827186 1.207557 1.084822 0.6210061 1.654015 0.5447841 0.6160511 0.8551078 0.806263 0.9703587 2.978626 1.340384 0.3989744 0.9125625 0.5979944 2.849389 0.5041624
2.182024 2.371475 2.576574 2.7244 2.636917 2.203255 1.771748 1.691906 1.816226 1.857907 1.678961 1.61688 1.812344 1.581164 2.366058 1.10596 1.625417 1.661989 1.481777 0.7335376 1.022885 1.095208 0.8380834 0.8521802 0.8549673 0.9791918 0.8656134 0.6483951 0.2622395 0.6701697 0.8630554 0.7147522 0.8387646 0.6508222 1.00886 1.550927 1.790382 1.018359 0.8650156 1.556452 2.811486 0.679653 0.4291133 1.234147 0.8773712 0.4027315 0.642702 1.350845 1.734167 1.492226 2.893415 0.8875824 1.36896 0.2458781 1.607234 0.6780164 0.6787717 0.9016007 2.248049 1.283081 0.99256 0.9675317
2.27383 2.564987 2.94642 3.367831 3.536048 3.063217 2.413177 2.111573 2.093127 2.248306 2.654445 3.516129 2.930667 2.946475 3.405222 1.773678 1.659148 1.581139 1.3514 1.221641 1.224286 0.9358788 0.8958565 0.9156256 0.9544924 0.8431748 0.2769355 0.2900492 0.63636 0.7941281 1.255174 1.458865 0.921266 0.7596618 1.046942 2.050473 2.4925 1.391919 1.056055 2.013076 2.174918 4.532977 0.8714868 1.231997 0.8279112 1.040149 2.799259 3.493573 1.526807 1.0819 1.589637 0.9748701 1.055546 0.9758384 2.533159 0.4525473 3.000767 1.790367 2.753531 2.361227 0.923632 1.714494
2.264164 2.625023 3.120757 3.698979 3.997746 3.528068 2.787308 2.38033 2.304797 2.499227 2.975452 3.664269 3.219024 2.720241 2.554546 2.097464 1.798819 1.730974 1.629181 1.382541 1.345651 1.0042 0.9282937 0.9474205 0.9748433 0.8436739 0.5817422 0.5447484 0.603942 0.874849 1.1927 1.243718 0.9951282 0.9073593 1.019642 0.7696416 2.876181 1.601032 1.335891 1.494918 1.672412 2.196067 1.406216 1.052016 0.9885412 1.361801 2.058906 4.135869 4.119433 1.005804 1.669017 0.8753645 0.886014 0.2016466 1.019535 1.090656 1.646707 2.557687 3.422462 2.421516 2.977254 2.188861
2.104285 2.475227 2.963266 3.463538 3.672625 3.347205 2.817828 2.482321 2.398108 2.514492 2.764817 2.962918 2.821316 2.526049 2.302298 2.063904 1.843003 1.743149 1.439689 1.135325 1.216865 0.9151194 0.9337938 0.8747177 0.8933591 0.806255 0.7251916 0.728408 0.6951959 0.8677279 1.003718 1.032642 0.9815966 1.065951 1.155311 1.399407 1.871292 2.326829 0.7758914 0.8437235 1.817393 2.003633 1.703358 1.091571 1.166326 1.416858 2.044536 2.775314 3.409903 2.986199 2.138878 1.14529 0.6240669 0.5637575 0.03752292 0.8863663 1.339057 0.09121117 1.152318 2.009466 1.342144 3.928485
1.766156 2.102128 2.53168 2.916746 3.069486 2.927211 2.658432 2.461008 2.399631 2.453911 2.535625 2.607783 2.543544 2.406345 2.176382 2.008362 1.842344 1.623571 1.288017 1.171357 1.237196 0.9247878 0.6451914 0.8477097 0.8128166 0.7795258 0.8704112 0.8620723 0.8076017 0.7886106 0.9174993 1.003898 0.964862 1.144886 1.48187 1.508396 1.548566 0.9193898 0.6807793 0.5150676 1.506312 1.873394 1.548153 1.543935 1.204742 1.612694 2.243051 3.17986 3.404558 3.174095 2.299498 0.932519 0.8174286 0.8682976 1.923438 0.9428047 1.125289 0.8403752 0.4882895 1.644378 2.080444 2.445133
1.255786 1.542122 1.951738 2.323189 2.523725 2.538163 2.454983 2.375242 2.348773 2.345088 2.384135 2.42537 2.378418 2.291467 2.08309 1.957352 1.827636 1.570722 1.292068 1.195569 0.9506813 0.58404 0.6190399 0.8324099 0.785197 0.7652293 0.9055523 0.73366 0.8337599 0.8265867 0.8104327 0.9772611 1.126321 1.322962 1.322902 1.463379 1.240097 1.103193 1.010267 1.022361 1.476073 1.336238 1.481677 1.222336 1.171968 1.69145 2.601895 3.178298 3.200666 2.789918 2.140007 1.584644 1.041976 0.8987271 1.075537 0.8491507 1.144531 0.7544734 0.4761271 1.707846 2.025415 1.549492
0.6566629 0.8953419 1.338545 1.783571 2.082015 2.221312 2.260591 2.264756 2.273155 2.258015 2.274266 2.276094 2.275449 2.210876 2.00896 1.910949 1.754002 1.564718 1.434161 1.148054 0.8337526 0.5748717 0.5982745 0.8245129 0.7705395 0.8149861 0.7470391 0.7551497 0.8466427 0.8153067 0.8376536 1.136275 1.142647 1.366285 1.268164 1.425528 1.180724 1.172407 1.125509 1.33449 1.54466 1.286598 1.436631 0.8902964 1.516852 2.175092 2.862719 3.203931 2.962465 2.605783 2.077797 1.870386 1.208961 0.8445229 0.7470317 0.726991 0.7360364 0.7469357 1.281517 1.636927 1.691166 1.155051
0.1718196 0.3698891 0.845661 1.361625 1.743956 1.971243 2.09002 2.151364 2.189463 2.174897 2.186746 2.185387 2.166309 2.195343 1.947591 1.819131 1.724664 1.556139 1.446205 1.159068 0.8337355 0.756531 0.5825033 0.8206027 0.7621388 0.8191808 0.7571446 0.8310443 0.9175299 0.8059267 0.8224046 1.149229 1.365437 1.380403 1.255777 1.19539 1.208795 1.209118 1.212217 1.450523 1.610584 1.223306 1.128757 0.8763692 1.487913 2.454556 2.881736 2.916408 2.881707 2.573613 2.040981 1.938675 1.277786 0.9897532 0.7034442 0.5492691 0.7589377 0.6399561 1.331957 1.749462 1.382235 1.087186
3.432881e-031 0.1662828 0.6082368 1.114775 1.519481 1.787925 1.950781 2.047695 2.06794 2.097871 2.112782 2.113747 2.100484 2.158022 2.052635 1.832949 1.697894 1.546836 1.454071 1.166541 1.113941 0.7549654 0.5705153 0.5737431 0.8197709 0.8867173 0.7636543 0.8386844 0.9212837 0.7963876 0.8776184 1.364392 1.380979 1.314294 1.246323 1.17698 1.262856 1.233167 1.261746 1.523419 1.381351 1.231071 0.9842448 0.9388819 1.509014 2.488904 2.888042 2.870742 2.704605 2.452895 2.080154 1.970188 1.587271 0.9318398 0.6598365 0.512396 0.7753631 0.6749144 1.452154 1.557073 1.355322 1.066249
