rasters-batsmen/rohitsharma.asc
ncols         108
nrows         21
xllcorner     -3.075
yllcorner     -1.575
cellsize      0.15
NODATA_value  -9999
1.735202e-007 0.2542684 0.8476254 1.453916 1.913326 2.418967 2.66022 2.595089 2.994353 3.129275 3.256144 3.298568 3.391741 3.789421 3.401534 3.465708 3.425459 3.25378 3.185783 2.749826 2.68426 2.377684 2.087817 1.993919 1.648345 1.36906 1.251894 1.004528 0.8189599 0.5767648 0.4975929 0.507552 0.5488604 0.5987118 0.6380816 0.8573985 0.867554 1.215311 1.505026 1.976934 1.906319 1.749416 1.726385 1.488624 1.457696 1.537504 1.599325 1.899856 1.875371 2.036082 1.846395 1.455514 0.7941106 0.9447505 0.8893313 1.037603 1.095898 1.074044 0.7695174 0.691444 0.7503135 0.8122263 0.8078105 0.7336963 0.6635847 0.6703127 0.6798959 0.9676401 1.052459 1.064974 0.9208849 1.44725 1.314773 1.317639 1.170789 1.49631 1.530195 1.851161 1.444144 1.557158 1.598037 1.628719 1.701622 1.678178 1.921324 2.014301 1.901768 2.318214 2.144814 2.33997 2.646646 3.154264 3.026506 3.117798 3.199226 3.045515 3.060203 3.054027 3.163645 3.048713 2.866286 2.661711 2.353285 1.977505 1.305414 0.703679 0.1289788 0.02978091 
0.2893147 0.5590259 1.144548 1.709892 2.11465 2.372539 2.539113 2.670605 3.047398 3.17409 3.118034 3.344762 3.369906 3.811504 3.439819 3.504078 3.461452 3.39999 3.214717 2.794866 2.726358 2.450921 2.168582 2.058565 1.698942 1.399251 1.256209 0.9829755 0.8055748 0.4932807 0.3901393 0.4154024 0.4979505 0.7823203 0.8033092 0.6769099 0.8756579 1.233228 1.531052 2.038725 1.913717 1.960303 1.732486 1.49202 1.452087 1.583713 1.520603 1.865442 1.783574 1.760075 1.818871 1.439038 0.8043025 0.9505879 0.9006341 1.112848 1.095148 1.070284 0.7734571 0.7616169 0.7506261 0.8062028 0.8003981 0.7285945 0.6638399 0.6739662 0.6861766 0.9661961 1.050736 1.066463 0.9250599 1.441673 1.315653 1.318332 1.172043 1.487668 1.526207 1.835918 1.448011 1.571128 1.622935 1.661488 1.662831 1.707609 1.940651 2.019327 2.02166 2.288901 2.120942 2.370766 2.622184 2.836174 3.037693 3.147712 3.085407 3.096392 3.142157 3.154633 3.282695 3.228804 3.034881 2.843866 2.436362 2.092894 1.556283 1.023937 0.4427582 0.3163038 
1.072831 1.298652 1.721952 2.116924 2.39096 2.557212 2.655511 2.747309 2.82835 3.212994 3.160287 3.390418 3.711022 3.838786 3.488344 3.54605 3.507976 3.441032 3.25033 3.11099 2.786444 2.588222 2.287254 2.146566 1.76476 1.436757 1.270914 0.9777246 0.7566001 0.4674776 0.1995915 0.2699431 0.4489222 0.7701727 0.8098875 0.6908446 0.9509071 1.254915 1.864368 1.718006 1.981185 1.959543 1.736738 1.500128 1.268783 1.557345 1.546854 1.812186 1.745149 1.734323 1.668362 1.416386 0.9379383 0.8303183 0.9159184 1.117003 1.093325 0.9961262 0.7153077 0.7661624 0.750943 0.7995196 0.7897553 0.7226248 0.6643777 0.6797104 0.6955077 0.9648512 1.04919 1.069464 1.000912 1.652271 1.316683 1.318792 1.17402 1.475411 1.518286 1.531705 1.450844 1.587877 1.654289 1.702489 1.704958 2.008666 1.970449 2.029132 2.011222 2.246165 2.081216 2.48703 2.585084 2.813707 3.057604 3.191379 3.092468 3.155183 3.372105 3.425091 3.41338 3.331874 3.25093 3.06887 2.672687 2.382637 1.946714 1.62875 1.191619 1.034062 
1.957691 2.119879 2.355978 2.557712 2.68257 2.743494 2.76856 2.810997 2.868057 3.238229 3.194361 3.469214 3.541238 3.871729 3.550567 3.600511 3.566198 3.493749 3.242286 3.148492 2.871669 2.723458 2.503374 2.271879 1.884932 1.426451 1.292761 1.114966 0.7958143 0.4441341 0.01810428 0.1711388 0.5686421 0.7939634 0.7224715 0.7163626 1.023513 1.33146 1.801111 1.735198 2.01853 1.891444 1.741699 1.517001 1.290506 1.512552 1.468157 1.720765 1.840501 1.707451 1.636611 1.496748 0.9422615 1.030493 0.938077 1.122485 1.089339 0.9277757 0.7280568 0.771652 0.7510957 0.8549196 0.7732773 0.7134184 0.6653662 0.6889915 0.7672375 1.302878 1.048257 1.075238 1.00613 1.634164 1.317046 1.320123 1.106593 1.116172 1.707027 1.519475 1.452495 1.609209 1.694325 1.751637 1.7656 2.065725 2.189724 1.766078 1.896545 2.184073 2.064723 2.384781 2.526708 2.545802 3.134172 3.2602 3.170861 3.258465 3.419424 3.489868 3.594127 3.586839 3.548331 3.336556 2.74469 2.652843 2.317741 2.221338 1.9473 1.787616 
2.652406 2.770536 2.886073 2.947247 2.944636 2.904023 2.856459 2.84715 2.88309 3.292701 3.240182 3.47333 3.565753 3.890359 3.67474 3.671984 3.634767 3.561466 3.298618 3.187023 2.972869 2.971439 2.834606 2.459439 2.091769 1.443459 1.304574 1.163129 0.9286595 0.6880795 0.3301685 0.4118235 0.6855944 0.8389724 0.7527895 0.7523413 1.080662 1.506698 1.567954 1.912742 1.969028 1.892749 1.7394 1.548138 1.350077 1.431425 1.302409 1.549426 1.777667 1.682914 1.641922 1.121308 0.9503573 1.000843 0.9699462 1.31943 1.080185 0.9915618 0.9146338 0.7794462 0.750572 0.8347822 0.8142735 0.700416 0.6669635 0.7043701 0.7798505 1.217316 1.049001 1.08641 1.296093 1.605855 1.313264 1.322794 1.120675 1.126434 1.665218 1.427333 1.451361 1.640737 1.746883 1.812603 1.86039 2.320472 2.262103 1.833333 1.897178 2.101553 1.930262 2.210849 2.273717 2.584218 3.190961 3.372704 3.286228 3.327466 3.457116 3.527036 3.833138 4.006414 4.036088 3.577049 3.114323 2.752161 2.742117 2.631551 2.480743 2.343988 
3.124774 3.228494 3.297389 3.276858 3.166058 3.023329 2.901213 2.841348 2.862231 3.217394 3.208853 3.476519 3.601091 3.915883 3.996371 3.765824 3.729234 3.650696 3.510418 3.223649 3.039783 3.354845 3.550413 2.537326 1.892569 1.451645 1.379171 1.341948 1.060268 0.9413566 0.7721418 0.7437357 0.7665063 0.8431918 0.9449478 0.9829385 0.9061097 1.44898 1.589589 1.945613 1.664288 1.706617 1.751048 1.607449 1.530903 1.442209 0.617272 1.290801 1.419824 1.670745 1.53957 1.068489 1.095255 1.094185 1.01571 1.265393 1.244345 0.9931569 0.9280875 0.7935566 0.8029286 0.7964801 0.7109402 0.6787453 0.6705464 0.7300572 0.7651727 1.175501 1.318798 1.109007 1.241895 1.183682 1.291994 1.326765 1.147774 1.20997 1.589031 1.613287 1.249107 1.701198 1.824166 1.873586 2.022042 2.528386 2.535765 1.919527 1.747924 2.028377 1.701788 1.767874 2.15432 2.562496 3.168737 3.580494 3.4959 3.417835 3.463604 3.505516 3.876472 4.654573 4.994006 3.818273 3.160778 2.793261 3.103739 2.86581 2.747704 2.702922 
3.380199 3.54552 3.636266 3.582877 3.352122 3.087801 2.884418 2.99641 2.931715 3.02693 3.163935 3.424169 3.644203 3.785619 4.043147 3.88614 3.858978 3.778759 3.619739 3.280922 2.920496 3.054312 2.829646 1.967275 1.689535 1.381783 1.356546 1.292114 1.339687 1.002697 0.9301314 0.718006 0.4592037 0.8443422 0.9726639 0.9096113 0.9612229 1.317438 1.605435 2.096101 1.71982 1.152705 1.709814 1.824002 2.068496 1.742586 0.6115664 1.562363 1.260494 1.728677 1.297521 1.029907 1.127341 1.215287 1.05108 1.207224 1.223325 0.9653082 0.9485961 0.7819617 0.7894784 0.6107867 0.6379315 0.6446765 0.6733732 0.7951148 0.8745971 1.118378 1.328778 1.273292 1.381795 1.160356 1.247232 1.327877 1.209875 1.433314 1.198588 1.472794 1.298179 1.663964 2.021204 1.870413 2.307315 3.237695 2.589127 1.981434 1.744986 1.885055 1.393739 1.27159 2.023127 2.869789 3.310538 3.738177 3.740653 3.540634 3.446511 3.431918 3.634199 4.265824 4.898451 3.39068 2.917314 2.952287 2.982284 2.986091 2.937207 2.617841 
3.590364 3.71603 3.90298 3.860908 3.468882 3.065663 2.779419 2.799916 2.763186 2.908067 3.103909 3.420331 3.69307 3.806772 4.095229 4.013379 4.031623 3.973592 3.796721 3.415375 3.027982 2.570657 1.35612 1.487113 1.277888 1.447692 1.344335 1.040895 1.347002 0.9911774 1.170707 0.9189642 0.5660387 0.9875309 1.010801 0.9165967 0.9570741 0.95969 1.541523 2.154002 3.218973 2.101173 1.694515 1.432928 0.18059 2.295953 1.9444 2.865227 3.738378 1.867526 0.2085839 1.093525 1.111725 1.851924 1.368527 1.382191 1.186653 0.9809831 0.9554009 0.888946 0.7902876 0.3762099 0.6871188 0.5825026 0.6706198 0.8035815 0.9484229 1.097713 1.369367 1.365502 1.336305 1.0476 1.297888 1.474075 1.383498 1.524901 0.9772227 1.025155 1.346078 2.160353 2.492562 1.778862 1.621701 3.429371 2.343788 1.992382 1.792214 1.581281 1.338812 1.255496 2.22504 3.237108 3.606793 3.997985 4.032407 3.729047 3.409354 3.300012 3.634075 3.146507 1.20554 2.266526 2.511322 2.789644 2.951578 3.07075 2.784139 2.468367 
3.743347 3.838895 3.901262 3.832733 3.39721 2.911747 2.625093 2.448087 2.510747 2.670396 2.918943 3.408476 3.737284 4.055341 4.050734 4.126833 4.236983 4.219669 4.065804 3.635313 3.561555 3.192356 2.056698 1.678788 1.032923 1.314688 1.529413 1.590899 1.634152 0.1072996 1.241526 0.9527709 1.124524 1.032409 1.332752 0.9550466 0.625683 1.041838 1.302329 2.094015 2.830471 1.615232 2.038924 1.062127 0.9810994 1.48045 1.524821 1.541277 3.434737 3.154205 2.226989 1.596654 0.3398896 2.27065 0.8006114 1.126375 1.259833 1.023717 0.968649 0.7385577 0.867021 0.9969041 0.8228887 0.4470386 0.7819602 0.454372 0.8571011 1.12174 1.598221 1.44769 1.369851 1.005505 1.077014 1.200525 2.215713 1.79984 0.3711957 0.6947116 1.698805 2.417078 3.367319 1.486938 0.1755749 1.195358 1.701197 2.318349 1.684585 1.257252 1.254182 1.588081 2.683719 4.441732 3.930835 4.253441 5.331949 3.969419 3.079318 3.037601 3.206225 2.748186 1.609149 1.952311 2.233241 2.576383 2.820089 2.67892 2.577275 2.634173 
3.84639 3.987511 3.872281 3.625547 3.180232 2.680401 2.245877 1.980453 2.077144 2.513319 2.860007 3.391417 3.790743 4.009053 4.117271 4.283345 4.541153 5.171686 4.326873 3.542116 4.197015 4.413317 1.276893 1.477512 1.149195 1.306223 1.29732 1.944003 2.425325 2.897485 1.07435 1.105075 1.242514 1.823037 1.793365 1.092447 0.8447661 1.039398 1.221395 0.7806925 1.528712 1.17927 1.345481 1.517899 1.395053 1.366463 1.165645 0.6569579 1.119035 0.5122702 1.765937 1.76275 1.380062 0.5691195 0.680976 1.574778 1.405769 1.785497 0.6432323 0.4381698 0.936989 1.081968 0.9697963 1.30732 1.00099 0.5974794 0.9818528 1.604978 2.45596 1.558942 1.024901 0.9541569 1.141142 0.7661063 2.586849 0.09627169 1.414632 0.5308414 0.4998495 0.7508871 0.9507053 1.108162 0.7048327 0.5815464 1.888073 3.056005 2.263899 1.201531 0.9605929 1.286885 2.529473 3.960291 1.981072 3.641533 4.896291 3.354413 2.716422 2.311259 2.391999 2.434464 2.107511 1.916809 2.33044 2.286786 2.585805 2.461853 2.718861 2.769923 
3.894107 3.928815 3.89532 3.611912 3.017826 2.311568 1.697677 1.330444 1.047932 2.854441 3.020519 3.300376 3.709146 4.04948 4.697879 5.811667 4.292585 5.379451 4.043658 3.13178 3.285262 2.794173 1.579322 1.276897 1.301852 1.174089 0.7370669 1.450899 1.649974 1.640232 0.8794864 0.9243286 1.045713 1.154167 1.869177 2.234288 0.8857027 1.03898 0.8013629 0.8285563 2.077279 0.05657426 0.9602205 0.9963081 1.112984 1.184784 1.388979 0.8397306 1.230131 2.081922 2.276965 0.7999271 0.8977068 0.4872029 1.155 1.604924 1.224373 1.046922 0.9659626 1.421169 0.9800946 1.4292 0.00717595 1.937157 1.163543 0.8886828 1.335726 0.02316028 1.244048 1.059597 0.9838127 0.2558621 0.6866326 2.883721 1.47438 0.9205688 1.193057 0.497002 0.4297963 0.6383484 0.6422344 1.380488 3.525749 1.061817 3.1007 3.149811 3.002215 1.054324 1.213899 3.950176 2.771894 2.146917 1.826087 2.502903 2.479629 2.160372 1.897119 1.478409 1.243098 2.171595 2.094273 1.965434 1.770211 1.574956 2.261119 2.685241 2.988414 2.977892 
4.106256 4.063398 3.992464 3.630778 2.807262 1.980896 0.8980083 1.581258 5.636703 3.993379 3.208426 3.289856 3.630712 3.713941 3.775395 3.676858 3.159704 2.456276 2.553224 2.389265 2.355908 1.921569 1.304143 1.653509 3.11177 1.855031 1.504654 1.057948 1.471403 1.077769 0.2967773 0.08393905 0.8249404 0.3834513 1.326452 1.037715 0.8494456 0.5146663 0.3554562 0.5900061 1.435762 0.7811226 1.002067 0.996191 2.870869 1.434749 0.7577469 0.754895 0.7932196 1.110393 1.251359 0.5758987 0.6797639 2.127133 1.362905 1.620094 0.1864021 0.3573708 0.6603525 1.099681 0.7276498 0.4505559 1.17453 0.6936795 2.032971 0.3440306 0.9726665 0.9344443 0.7449164 0.9929713 0.8570816 1.184538 0.6470438 0.9861985 1.425018 1.13594 1.711598 1.047484 0.9812264 0.935812 5.324345 1.031733 1.114728 0.5916561 2.019595 2.502129 1.614937 0.9195392 0.6707717 2.702038 2.979637 2.509625 2.32524 2.188409 1.406092 1.37187 1.634798 1.957196 1.426717 2.424005 2.565884 2.305667 1.737012 0.1191966 1.924225 3.180874 3.526423 3.351284 
4.711477 4.994241 4.322876 3.534042 2.49026 1.391241 1.476768 5.883585 4.106215 3.418268 3.045451 3.088476 3.445795 3.319365 2.612278 1.687045 3.000933 2.811983 1.824037 1.589358 1.939026 3.161066 2.135414 1.709082 1.019255 1.301594 1.641119 1.432697 2.797318 1.147435 0.9682142 1.07769 1.279659 0.4299022 0.710629 0.9698205 0.7884917 1.220854 0.6202711 0.9544628 1.2294 1.049656 1.077676 0.8937515 2.061494 2.581533 0.8887996 1.728945 0.941407 1.744496 2.080425 1.187058 1.013343 0.8204276 0.9476259 0.2820041 0.864389 3.085403 1.475286 0.971352 1.501927 1.590697 0.4347057 0.9231126 0.8012087 0.7495825 0.673078 0.6373683 2.044405 0.07215867 0.8080294 0.4477967 0.839245 1.868221 2.22585 0.7096337 1.081995 1.372653 0.6555495 1.101561 1.286892 1.298962 0.6743878 0.7634137 2.436131 1.843195 2.085771 0.3647891 1.3605 3.779588 4.604032 1.998881 1.746684 3.585232 1.31763 1.259525 1.686319 3.291449 1.14841 2.556155 3.721907 2.557709 1.893793 1.665823 3.191589 4.331692 5.239141 3.485692 
5.217661 5.993279 4.956458 3.55634 2.39734 1.172735 0.8700445 3.073385 2.435422 1.95049 2.630606 3.129998 3.641553 3.347459 2.369699 1.164331 2.209769 2.927743 1.374199 1.034792 1.684775 2.530931 2.242804 1.673764 1.40222 1.199 1.264605 1.351618 1.4169 0.1120126 1.656063 1.501512 1.630455 0.9810629 0.813677 0.8666078 3.950194 1.548488 0.7769938 1.033096 2.396173 2.366573 1.929143 1.054366 1.087013 1.418544 2.657917 1.511074 1.011437 0.8341327 2.250333 0.816396 0.9620705 3.394893 2.894306 0.4291156 0.9761512 1.618667 2.971723 2.16581 0.2509803 0.8310903 2.410055 2.810924 0.9428245 1.495444 1.113231 0.6106961 0.3991195 1.18681 1.252517 0.8717099 1.500189 0.9313367 3.974406 1.165443 0.4617603 2.015536 2.874922 0.9658125 2.883755 2.099083 0.1493059 1.049986 1.13814 1.119444 1.100528 1.155765 2.317858 2.09549 2.203168 1.279805 1.642755 3.228062 0.2162356 1.031969 1.235016 1.901075 2.340582 2.601803 1.737549 3.00177 3.625027 1.82078 1.39433 3.275261 1.062946 1.760916 
4.790512 5.112159 4.483651 3.453148 2.584351 2.042882 2.016948 2.329677 1.569018 1.417662 2.479576 3.250706 3.883627 3.758392 2.651948 2.111334 2.442096 3.160442 0.2782501 1.005953 1.438222 1.783825 1.776939 1.689436 1.516309 1.199585 1.179309 1.285457 0.9919668 0.9509444 1.973881 1.918599 2.604062 1.488774 1.003349 1.216273 1.149741 1.332501 0.4943799 1.636711 2.405403 1.901521 2.172697 1.643804 0.9258658 3.715387 1.55896 1.566274 0.8174753 1.17556 3.595483 2.024416 3.873139 1.137424 1.588679 0.9134107 0.07848892 2.783313 0.5217786 1.082733 1.063329 1.159046 1.601899 2.427036 0.9559804 3.780907 1.918433 1.487765 1.129455 0.8190471 1.248079 0.1862587 0.9910994 0.5588861 0.9412431 0.263172 0.8681842 2.504098 0.7433734 1.097658 1.389464 1.496545 1.009955 0.9982829 0.8747215 1.605849 1.049712 4.171472 2.035285 1.101157 1.082326 1.790815 3.083802 0.4973459 1.180053 1.001477 0.61028 0.7380363 1.097142 1.505531 1.392683 3.436773 2.733909 1.737111 1.733982 1.931544 0.6659631 1.566276 
4.026595 4.092991 3.769589 3.225604 2.721584 2.39814 2.320664 2.325362 2.090381 2.152081 2.724587 3.324709 3.816478 3.574558 2.926785 2.439145 2.286362 1.988072 1.362119 1.204198 1.402984 1.581945 1.682136 1.583196 1.599149 1.422056 1.275586 1.277682 1.23602 1.318337 1.49923 1.143957 0.6467442 1.463904 2.641241 1.051857 1.221407 1.041904 1.204229 1.367657 0.2000767 1.232989 1.678919 1.853671 1.520967 1.555013 1.379929 1.212588 0.8516062 0.5564254 2.226426 2.337687 5.110632 1.022158 1.062822 0.5032031 1.07062 2.910792 3.553959 1.127216 1.012591 1.643553 2.199413 2.125763 1.438261 1.580214 2.207006 2.191819 2.032111 1.514713 1.223534 0.6827321 0.2470319 0.4194721 0.7353061 0.393412 1.027199 3.353879 0.742792 0.9819066 1.391957 3.76491 1.241446 0.4338801 1.206015 1.346702 0.2389561 1.885748 3.190645 1.408022 2.845151 2.156012 2.018708 1.779735 1.492048 0.962988 0.8337997 1.007103 0.7920207 1.359965 2.334056 3.850811 3.291346 1.942957 1.97124 3.152694 1.783288 1.707498 
3.246493 3.289295 3.183903 2.962871 2.723242 2.558752 2.487697 2.39113 2.418805 2.550458 2.878114 3.39723 3.904504 3.656342 2.869515 2.540708 2.246753 1.93293 1.59882 1.439317 1.498149 1.54161 1.606884 1.526641 1.591699 1.501175 1.458229 1.196475 1.373624 1.411631 1.374433 1.343112 1.045245 1.40343 1.953694 1.190502 1.11071 0.4363295 0.0923785 0.8213788 0.9902388 1.531552 1.992885 3.673595 2.300126 1.423023 0.6857064 0.3260153 0.3207735 0.6076282 1.741665 2.304023 1.219228 0.6774896 1.257575 0.9909711 1.581452 2.11972 2.460784 1.454156 1.560726 3.688651 3.394837 2.171412 0.4176873 1.434653 2.265053 2.263159 2.055331 1.546308 0.8902745 0.4673282 0.4872199 0.3957497 0.2276633 0.649393 1.414017 2.522748 1.281135 1.041398 1.537681 1.97291 1.239644 0.7545472 0.9931521 1.019446 1.549903 2.067449 2.22326 1.629872 1.740531 1.916744 1.800539 2.068422 1.684734 1.258062 0.8116674 1.110402 1.210299 1.560014 2.246986 2.939042 2.785836 2.0728 1.444585 0.233252 1.673884 1.691866 
2.37865 2.498472 2.618601 2.656563 2.629827 2.591379 2.574397 2.4963 2.558249 2.659488 2.924823 3.246183 3.592331 3.280834 2.751643 2.55927 2.280502 2.007138 1.852689 1.668691 1.572197 1.546464 1.583032 1.491146 1.601538 1.535619 1.440962 1.385346 1.405292 1.416692 1.497023 1.340361 1.408521 1.421106 1.486826 1.305526 1.091574 0.5519933 0.4469086 0.7272083 1.124112 1.610569 2.082477 2.434705 2.060822 1.05966 0.1966813 0.07760853 0.01214149 0.3811608 1.235565 1.927994 1.283821 1.080783 1.186923 1.195026 1.4528 1.81052 1.885931 1.114307 0.183918 1.477105 2.165075 1.969938 0.80295 1.34501 2.109508 1.818198 1.696939 1.54541 1.005341 0.6159304 0.3934004 0.3130882 0.2430344 0.7543168 1.276431 1.468846 1.330087 1.459714 1.295187 1.487455 1.21468 1.039385 0.9905294 0.8199069 1.907893 2.060924 2.067179 1.668548 1.696977 1.782004 1.787792 1.941734 1.773131 1.335148 0.7409567 1.290485 1.44369 1.692294 2.183292 2.336156 2.560826 2.039883 1.557392 1.173376 1.339892 1.593106 
1.345145 1.586782 1.988267 2.296861 2.467857 2.549628 2.599907 2.546025 2.625505 2.563842 2.894415 3.075757 3.173115 2.803507 2.583486 2.340291 2.243495 2.08312 1.968318 1.767788 1.618189 1.560906 1.580014 1.469776 1.600672 1.740264 1.20313 1.407098 1.419885 1.42314 1.391076 1.406265 1.514612 1.552923 1.34262 1.22132 0.8879456 0.7143846 0.8091591 1.003762 1.205081 1.662916 1.562843 1.763958 1.37731 0.8851654 0.2493576 0.1921966 0.1866515 0.233318 0.8622041 1.787126 1.351565 1.274194 1.086891 1.636626 1.259134 1.592196 1.679162 1.588562 1.066328 1.416068 1.815705 1.950565 1.495502 1.811744 1.684704 1.671951 1.97042 1.516098 1.046507 0.6573926 0.3958443 0.3201299 0.2619904 0.8047 1.070775 1.238014 1.281593 1.534183 1.558468 1.371895 1.204777 1.123388 1.184483 1.15089 1.315622 1.926124 1.947208 1.647543 1.691195 2.079666 1.743863 1.580857 1.455419 1.168561 0.7533962 1.072166 1.593343 1.590122 2.149515 2.149192 2.030809 1.918945 1.495546 1.233401 1.14046 1.108113 
0.3778398 0.7162679 1.38204 1.940259 2.279898 2.468211 2.582091 2.551382 2.509309 2.532964 2.849075 2.947634 2.998113 2.581755 2.449228 2.289164 2.26477 2.140354 2.049388 1.834344 1.59008 1.575153 1.584664 1.653492 1.316921 1.695369 1.475527 1.421449 1.42995 1.621738 1.410095 1.433478 1.550902 1.319643 1.276984 1.187033 0.8922105 0.7971209 0.9506289 1.067977 1.266124 1.356532 1.331484 1.247203 1.170716 0.848931 0.4850494 0.3125234 0.2867939 0.2196009 0.6632885 1.098091 1.324712 1.340263 1.142245 1.71363 1.189738 1.623736 1.8674 1.753106 1.378632 1.693571 1.511142 1.744882 1.650627 2.182547 1.68503 1.597183 1.663026 1.564035 1.075727 0.6749265 0.4011021 0.3836628 0.6711051 0.8121468 0.9985836 1.060309 1.511201 1.559419 1.487884 1.259622 1.403994 1.148083 1.223974 1.186798 1.329409 1.793114 1.920348 1.616786 1.681283 2.085759 1.715037 1.701566 1.474931 1.203407 0.5200393 1.106946 1.684647 1.619973 1.737274 1.909625 1.883687 1.811127 1.346189 0.8518913 0.6028636 0.4836719 
7.572517e-031 0.3309557 1.048972 1.697501 2.125597 2.3828 2.420784 2.530212 2.483781 2.483555 2.603531 2.905296 2.890975 2.441151 2.352926 2.243205 2.275534 2.179751 2.106505 1.881184 1.792727 1.588922 1.59156 1.524374 1.517583 1.491034 1.422184 1.431951 1.631372 1.397627 1.422248 1.444235 1.501262 1.228785 1.244152 1.356868 0.895735 0.8408507 1.02909 1.139366 1.307637 1.328046 0.892195 0.8613853 1.102619 0.9095111 0.5964715 0.5204986 0.3442504 0.23795 0.6602372 0.8041224 1.287155 1.353894 1.568167 1.490225 1.145604 1.56959 1.877247 1.855942 1.531658 1.769411 1.741753 1.746349 1.705931 2.033748 1.704698 1.559164 1.621741 1.552022 1.023584 0.6857848 0.4681878 0.3923508 0.702945 0.8785156 0.958693 1.000383 1.502821 1.566124 1.482755 1.574528 1.410004 1.090268 1.044893 1.277029 1.333622 1.795282 1.908363 1.593476 1.601198 2.090164 2.061419 1.68927 1.410313 1.370224 0.9057078 1.27686 1.742627 1.636045 1.69746 1.818603 1.83241 1.699111 1.208528 0.6387268 0.1882291 0.048377 
