rasters-batsmen/sanjusamson.asc
ncols         108
nrows         21
xllcorner     -3.075
yllcorner     -1.575
cellsize      0.15
NODATA_value  -9999
[rows 0 to 20 of 21, columns 0 to 61 of 108]
3.79703e-008 0.06006588 0.2351521 0.5544984 0.8668987 1.158769 1.409244 1.802355 1.979093 2.120103 2.281582 2.368164 2.561203 2.650147 2.96627 3.035329 3.106543 3.176711 2.953473 2.990056 2.995961 2.74201 2.524794 2.347038 2.246816 1.906854 1.798242 1.337517 1.262442 1.007625 0.8903984 1.077116 1.032327 0.8318673 0.8283631 0.8903913 0.8432094 0.7954548 0.7436994 0.6778838 0.6047723 0.4240897 0.7371437 0.8306626 0.8381795 0.8421229 0.8380341 0.8264471 0.7435625 0.5312999 0.5249721 0.8634706 0.7929183 0.9043717 0.8743693 1.119563 1.586642 1.535538 1.847398 1.682162 1.558947 1.126278
0.05858474 0.1227153 0.2993779 0.5491323 0.9278523 1.208078 1.445702 1.638939 1.987191 2.112585 2.516864 2.332896 2.509799 2.595454 2.887163 2.981148 3.078324 3.174345 2.980412 3.307397 3.044027 2.79873 2.57961 2.387864 2.100113 1.992368 1.811927 1.356209 1.267208 1.012867 0.8859141 1.049285 0.9881139 0.7886993 0.7724045 0.8277742 0.74405 0.7731542 0.735518 0.6741404 0.7329651 0.4247393 0.7371715 0.8280932 0.8408044 0.8466142 0.8418812 0.8276895 0.7429178 0.5347762 0.8547908 0.9235647 0.785072 0.8983026 0.8790835 1.127399 1.588716 1.54337 1.849227 1.83465 1.554007 1.121784
0.2216278 0.289839 0.4528883 0.6767369 1.037572 1.285933 1.496931 1.668195 1.994526 2.097948 2.473292 2.525723 2.326239 2.687646 2.771548 2.899263 3.037027 3.173044 3.285829 3.352995 3.109427 3.084561 2.646922 2.436097 2.142645 2.014971 1.828669 1.379141 1.272244 1.019793 0.8829166 1.020487 0.7840633 0.6806422 0.6366591 0.7652193 0.7329419 0.7459205 0.7302399 0.6730449 0.7343923 0.4255459 0.734462 0.8239414 0.9675924 0.8531387 0.8479015 0.8303347 0.7428585 0.5387433 0.7845008 0.9144742 0.7792245 0.8200432 0.9507667 1.206286 1.591727 1.4834 1.851691 1.834474 1.624963 0.8891687
0.4396903 0.5095292 0.6492224 0.8341594 1.032721 1.373608 1.551098 1.695974 1.996527 2.073263 2.122431 2.423672 2.484808 2.50735 2.599062 2.768382 2.974333 3.174925 3.334566 3.423631 3.443619 3.15993 2.729783 2.496654 2.196618 2.050029 1.582016 1.406492 1.274732 0.9735291 0.8824153 0.7861429 0.7545842 0.603148 0.5194462 0.5355663 0.671717 0.720549 0.7910305 0.6767621 0.7418381 0.7511265 0.7215102 0.8169861 0.9641445 0.8626922 0.8578863 0.8361157 0.5680754 0.5426859 0.7786121 0.9028528 0.7731711 0.8087202 0.9505956 1.21377 1.595937 1.496705 1.855242 1.833601 1.235708 1.108483
0.6520381 0.7199142 0.8347449 0.9810225 1.138875 1.451797 1.596728 1.716102 1.806439 2.038706 2.051562 2.285738 2.262634 2.235078 2.3242 2.450437 2.875257 3.184997 3.417235 3.536258 3.547118 3.259849 2.999516 2.570444 2.411467 2.110772 1.646747 1.476022 1.133626 0.9785891 0.8834763 0.7847881 0.7477199 0.5311761 0.2754894 0.2267258 0.550715 0.9706413 0.8145823 0.752809 0.815338 0.7521368 0.7018465 0.861096 0.9597518 0.8768775 1.081902 1.054363 0.5935861 0.5440744 0.8263999 0.8878245 0.7675459 0.7917918 0.9473221 1.223148 1.468393 1.516041 1.860829 1.830334 1.318535 0.8877272
0.8183201 0.8814119 0.9751865 1.090781 1.216619 1.341971 1.625766 1.724872 1.797121 2.089992 2.05945 2.120458 1.97138 1.819109 1.862142 2.213346 2.731639 3.21227 3.558787 3.722603 3.709003 3.585953 3.123942 2.776486 2.373982 2.229228 1.810028 1.490208 1.168618 0.9701366 0.8815675 0.6622548 0.7894558 0.57183 0.2043774 0.09513362 0.7926252 1.124232 0.8701879 0.8339214 0.8256783 0.7457237 0.6201934 0.7837987 0.9537579 1.000776 1.0278 1.030892 0.8157875 0.5321777 0.852755 0.8195925 0.7697972 0.8186961 0.9360248 1.231642 1.414178 1.546947 1.805845 1.822976 1.250606 0.8202093
0.9243945 0.981149 1.059 1.153339 1.257675 1.364833 1.63381 1.72054 1.782606 2.054853 1.992753 1.954197 1.644238 1.22512 1.090171 1.666691 2.510732 3.226794 3.788811 4.049583 3.98087 3.830244 3.20819 2.839648 2.529251 2.364843 2.015498 1.387832 1.105518 0.9693844 0.8714836 0.7104594 0.8166404 0.7625777 0.8143733 0.7193326 1.232501 1.338965 1.333216 1.18578 0.9313909 0.7384841 0.6952596 0.699254 1.208948 1.336686 1.029644 0.9982765 0.786203 0.4743367 0.7420877 0.8128317 0.8428525 0.5014575 0.8943624 1.215449 1.232096 1.658211 2.181663 1.802811 1.260014 0.8923762
0.9722148 1.021707 1.087745 1.168467 1.260384 1.358324 1.618351 1.701319 1.763223 2.030497 2.09506 1.872195 1.434904 0.6653184 0.1474051 1.104202 2.508373 3.383185 4.072723 4.673431 4.499694 3.925846 3.454095 2.881278 2.762657 3.306062 2.527885 1.361802 1.000843 0.9204713 0.8771669 0.7726346 0.7284597 0.9140429 0.9961613 1.362646 1.599124 1.568133 1.459645 1.075385 0.9270015 0.8048866 0.6570887 0.6650062 1.172806 1.371768 1.126949 0.9856951 0.6802484 0.2593453 0.7717385 0.7855917 0.9343707 0.4220012 0.7813777 1.110475 1.199183 2.105152 2.100163 1.458868 1.328139 0.8362734
0.969656 1.010713 1.067097 1.139109 1.22531 1.321494 1.42046 1.663407 1.733692 2.000745 2.090852 1.926865 1.585122 0.8682747 0.3959426 1.431349 2.772625 3.553031 4.313088 5.559105 5.337062 3.919723 3.891133 2.658816 2.403819 3.427663 2.344664 1.195649 0.8461596 0.7583709 0.7711992 0.9118982 0.768033 0.8957813 1.087421 1.157728 1.915351 1.851821 1.445526 0.9911042 0.9480225 0.8495333 0.5708398 0.5689335 1.069903 1.168147 1.152223 0.7799196 0.737083 0.1628231 0.7220795 0.5232334 0.6579467 0.2730879 0.6173947 0.9158901 2.379426 2.668252 1.18919 1.517963 1.342333 0.8915608
0.9253461 0.9558622 1.002397 1.067659 1.152463 1.253124 1.360258 1.601088 1.681436 1.944536 1.981431 2.057409 1.917103 1.736257 1.772433 2.41184 3.200968 3.662403 4.096348 4.734546 4.552217 3.547327 2.306523 1.550398 1.612534 1.12017 1.372371 0.9905784 0.5458956 0.5510319 0.7896467 0.8584771 0.6099911 0.7536322 0.9895788 1.56452 3.853664 1.835336 1.378456 0.8469799 0.4687019 1.352333 0.5397496 0.2204329 1.129692 2.264636 2.155391 0.777706 0.8967099 0.7642991 0.4662511 2.377737 0.1289032 0.1302294 0.7279216 0.02273729 1.231195 1.680247 2.599687 1.319735 3.947554 0.3404727
0.847365 0.8639657 0.8977198 0.9546773 1.039786 1.150909 1.273688 1.386415 1.759936 1.827137 1.928799 2.087074 2.145686 2.24551 2.337739 2.709624 3.432097 3.825274 3.934396 4.058647 3.960023 3.350345 2.213301 1.763447 1.705167 1.395066 1.167356 0.8577995 0.8717054 0.7868226 0.7616562 0.5382859 0.1512119 0.5798593 0.9843079 1.138343 1.626926 1.399221 1.029513 0.8643188 1.085882 5.512564 0.955982 0.2195731 0.8183033 1.252831 2.42411 1.481213 0.09209606 1.337107 1.81737 1.73289 0.4429525 0.3208382 0.568612 1.028901 0.4510486 0.9840573 0.9708652 0.0001484432 0.5841501 0.1222127
0.7438738 0.7422594 0.757378 0.7994924 0.8821762 1.010072 1.161487 1.436229 1.578336 1.59968 1.737352 2.042946 2.252898 2.288925 2.033278 1.887188 3.249526 3.960669 3.999911 4.053221 3.989125 3.242225 1.976632 2.077549 2.244853 1.323252 1.007905 0.9632229 0.7391996 0.6448966 0.8419994 0.52356 0.2201239 0.2651711 0.238365 0.5005969 1.15818 2.486342 1.121122 1.197205 1.263798 1.348954 1.127602 2.236626 2.226726 0.635334 0.4556924 1.023654 2.783058 0.7458884 0.5261713 0.06735509 0.3067078 0.5091153 0.9573801 0.6007356 1.239029 0.4848554 0.8082972 0.9873272 0.5446748 2.327019
0.6253034 0.6021377 0.5914423 0.6056505 0.6744651 0.8242942 1.027976 1.26961 1.292219 1.262635 1.376521 1.861296 2.323192 2.393236 1.845717 1.075052 2.636014 3.712975 4.002578 4.47842 5.124648 3.101025 1.437495 2.560404 3.658445 1.417186 1.029936 0.928938 0.8258399 0.6450199 0.5641292 0.09419369 0.2471478 0.07795709 0.2840361 0.5545628 0.9896829 1.615393 2.707874 2.145373 1.127685 0.8285322 0.9564598 2.046463 1.813294 1.500462 0.3858989 0.7508257 1.035751 0.9368615 1.544073 0.7594358 1.497481 1.360858 0.5849956 0.7585188 1.187254 1.250686 1.44722 1.348782 2.41404 1.366318
0.5011361 0.456702 0.417146 0.384841 0.4126154 0.5814999 0.9280376 1.174718 1.207853 1.040399 1.11524 1.796759 2.510592 2.808897 2.63734 2.372962 2.91855 3.555853 3.993519 4.582807 4.670482 2.22935 2.21798 2.381016 2.359231 1.39494 0.9212984 0.7461873 0.7785169 0.8071521 0.8002165 0.7203611 0.5050025 0.5256224 0.4381736 1.012186 1.204643 1.380208 1.370519 1.047501 1.019373 0.08747321 1.132025 2.124118 2.525012 2.812811 0.9186125 2.347311 1.155209 0.9661303 1.034172 1.502063 1.357104 1.588027 1.410629 1.014604 1.319227 1.790184 1.035918 1.734425 1.510953 0.8780432
0.3792822 0.3188452 0.2656828 0.1823522 0.1371863 0.3191882 0.7413142 1.102109 1.247067 1.206666 1.389957 2.036181 2.848462 3.476983 3.685349 3.279164 3.245984 3.579983 3.830718 3.965245 3.643532 2.641731 2.297094 2.072159 1.675446 0.9760215 0.350843 0.3389698 0.5946116 0.6346059 0.6798446 0.5613874 0.352263 0.4263177 0.4673219 1.302709 1.188029 1.213326 1.445628 1.22553 1.147777 1.061762 3.473203 2.878252 1.399909 0.8782753 0.7879267 1.215962 2.693696 1.489578 0.04330895 0.8823754 1.769166 0.8295966 2.275248 1.739986 2.278206 3.13657 1.204144 0.8175747 1.023215 1.045408
0.2672883 0.1880361 0.1546465 0.08943649 0.001096518 0.2042882 0.6330315 1.055655 1.328164 1.487464 1.74359 2.292565 3.080644 3.714081 3.943192 3.575008 3.396862 3.582946 3.672632 3.668328 3.293115 2.807098 2.40466 1.976995 1.350267 0.6841376 0.2559558 0.2624637 0.4522365 0.5635694 0.5163794 0.4377857 0.361571 0.3783237 0.6028897 0.9294413 0.9863908 1.133947 1.16442 1.350343 1.313772 1.322747 1.713761 0.7565868 1.383601 1.023013 0.8772474 0.5308458 1.050888 0.7613683 0.5178295 2.934154 2.196723 1.170758 1.266417 1.383137 2.28525 2.081965 0.3465437 0.9143349 0.6528191 2.207451
0.1847585 0.07141172 0.04081898 0.1143283 0.1241888 0.3065988 0.663079 1.060248 1.392161 1.667218 1.982615 2.456643 2.95286 3.470161 3.618558 3.501495 3.524182 3.552294 3.578849 3.319315 3.119784 2.737881 2.30752 1.823289 1.176719 0.5392777 0.08780537 0.1497743 0.3434618 0.4387445 0.4255631 0.3786775 0.3524118 0.1335892 0.3469959 0.714092 0.8796172 1.040585 1.06742 1.395824 1.361625 1.321493 1.265465 0.5797581 1.142522 1.173641 0.9127172 0.7688563 0.701581 0.6995088 0.6426191 3.621459 2.738628 1.69109 1.552674 1.800359 1.924084 1.391127 0.8117008 0.8188047 1.441859 1.907116
0.1609128 0.05728531 0.02536009 0.1424576 0.2949201 0.4780421 0.766577 1.109559 1.442565 1.753246 2.074449 2.490463 2.834739 3.128944 3.245138 3.388255 3.500199 3.5182 3.240665 3.149929 3.003278 2.627506 2.204181 1.735352 1.134344 0.5844073 0.3408765 0.3148582 0.347032 0.3980594 0.3726304 0.3434039 0.3673938 0.1543572 0.2959929 0.5932856 0.7739403 0.9804736 1.012354 1.409846 1.350221 1.268785 1.397182 1.221852 1.27857 1.02623 0.8356996 0.8673849 0.9770094 1.016539 1.112306 1.971896 1.887389 1.769479 1.609888 1.977298 1.752565 1.294358 1.108107 1.15037 1.563037 1.771882
0.1521235 0.1307263 0.1407593 0.2322978 0.4133338 0.6141759 0.8733323 1.174567 1.485301 1.789441 2.022368 2.318027 2.729673 2.966104 3.071505 3.240662 3.466922 3.235726 3.148437 3.050336 2.911421 2.542749 2.134931 1.71017 1.172187 0.6971932 0.5764895 0.4501317 0.3421162 0.3407497 0.3527164 0.440729 0.4399624 0.389476 0.4471582 0.5757062 0.7219523 0.9906956 0.9675491 1.341167 1.342594 1.099103 1.165361 1.383588 1.377681 1.082965 0.8184998 0.6773667 1.064803 1.157634 1.131307 1.387347 1.689709 1.718692 1.971975 1.821971 1.673513 1.398862 1.168398 1.48674 1.425051 1.696103
0.06502365 0.1168293 0.20985 0.355953 0.5188045 0.7221575 0.9650466 1.237342 1.46204 1.73574 2.002153 2.255843 2.650957 2.822348 2.963881 3.179196 3.184553 3.171436 3.071137 2.973029 2.842682 2.487121 2.099965 1.571857 1.231022 0.78646 0.6648313 0.5403818 0.368417 0.3391295 0.3485553 0.4562253 0.5011098 0.4552032 0.5290499 0.6375005 0.7054937 0.7463008 1.083448 1.328692 1.100048 1.094061 1.183875 1.441289 1.4402 0.9625893 0.5985714 0.6777329 1.128978 1.213496 1.095099 1.253378 1.29234 1.379675 1.943857 1.65951 1.589889 1.402488 1.193891 1.54872 1.614025 1.676541
1.598926e-031 0.07087334 0.222814 0.421999 0.6060739 0.8123341 0.9977677 1.238767 1.488238 1.736039 1.974568 2.197157 2.578052 2.784265 3.061487 3.124633 3.127954 3.115314 3.006629 2.913011 2.79376 2.454422 2.090321 1.589754 1.28533 0.8482144 0.6818727 0.5940122 0.3867009 0.3987547 0.3514003 0.4732696 0.5381067 0.4988213 0.5716551 0.659093 0.7034358 0.7285551 1.081797 1.128033 1.088473 1.021487 0.9323742 1.471533 1.418479 0.7274927 0.6016809 0.9713788 1.169801 1.236831 1.062557 1.186795 1.212418 1.328417 1.594562 1.684229 1.516534 1.203579 1.494376 1.582981 1.623786 1.660269
