rasters-batsmen/shanewatson.asc
ncols         108
nrows         21
xllcorner     -3.075
yllcorner     -1.575
cellsize      0.15
NODATA_value  -9999
7.050452e-008 0.1075893 0.3779369 0.6240687 0.8664296 1.198402 1.374211 1.377928 1.64936 1.759311 2.166127 2.336456 2.446693 2.449198 2.479457 2.387645 2.28827 2.413479 2.379017 2.477458 2.477055 2.394784 2.406617 2.458488 2.444929 2.346415 2.114659 1.799127 1.203192 1.177586 1.138934 1.335718 1.10878 0.8711199 0.7618808 0.7238637 0.4465824 0.4489245 0.3714966 0.3641721 0.419838 0.3425565 0.4955903 0.6392386 0.6372414 0.6021289 0.7675896 0.9701622 1.080103 1.230119 1.2163 1.32757 1.369175 1.334797 1.394402 1.245769 1.12068 1.010086 0.8819365 0.8928202 0.7816905 0.986028 1.336749 1.500794 1.710521 1.50565 1.628383 1.297582 1.230194 1.279925 1.522486 1.640523 1.472214 1.443639 1.427454 1.161451 1.190564 1.146365 1.583 1.900866 1.952279 1.87168 1.935199 2.125051 2.174665 2.152846 2.354557 2.320873 2.149949 2.10304 1.993112 1.947202 1.769451 2.144332 2.491337 2.466826 2.160685 2.232751 2.213896 2.475712 2.38324 2.213191 1.945939 1.567737 1.039987 0.4960982 0.08667279 0.02012543 
0.1125874 0.226768 0.4910623 0.7107242 0.9330313 1.108525 1.412581 1.559667 1.538322 1.818179 1.923927 2.45109 2.48627 2.48177 2.492477 2.385147 2.474486 2.386587 2.354439 2.453089 2.227974 2.396102 2.409521 2.451268 2.432494 2.008034 2.112778 1.816346 1.24375 1.212403 1.16007 1.327024 1.093389 1.047209 0.9354607 0.6390871 0.4427931 0.4458481 0.439672 0.3663304 0.4205053 0.4017481 0.3178771 0.457995 0.6210395 0.5661493 0.6985189 0.8583812 1.011889 1.069422 1.307143 1.48209 1.529011 1.452657 1.451607 1.282394 1.031963 0.6767662 0.6728812 0.7346038 0.8153219 0.9758661 1.341275 1.517677 1.735685 1.5357 1.451529 1.269873 1.272879 1.314173 1.533292 1.566657 1.463065 1.429043 0.9002174 1.163528 1.196907 1.160695 1.521867 1.473085 1.945426 1.872982 2.017628 2.154726 2.225812 2.232589 2.436848 2.219648 2.210292 2.067276 1.993209 1.932712 1.755134 1.742724 2.476222 2.191716 2.229076 2.310529 2.297912 2.560025 2.484688 2.330664 2.082172 1.686905 1.227931 0.704438 0.2955443 0.1908073 
0.4057969 0.508661 0.7095068 0.9208094 1.020016 1.165117 1.295091 1.593314 1.738929 1.883477 2.068851 2.391572 2.54854 2.532959 2.512585 2.375064 2.296566 2.337487 2.314566 2.422548 2.245779 2.269704 2.414919 2.439024 2.410595 2.189193 2.109106 1.900058 1.303958 1.265264 1.409575 1.315963 1.069922 1.073164 0.904709 0.3734882 0.3743343 0.4420414 0.501364 0.431426 0.4214987 0.4043933 0.3744635 0.5406282 0.4247842 0.4534986 0.5285378 0.6862144 0.9054959 1.075258 1.465125 1.756988 1.775422 1.61422 1.425263 1.282057 0.9398595 0.4827929 0.27272 0.4002092 0.7583869 0.9957869 1.59874 1.54792 1.493443 1.357151 1.494618 1.331001 1.334174 1.360949 1.2867 1.55677 1.446342 1.407464 0.9133989 1.093383 1.131265 1.175022 1.531879 1.49901 1.936991 1.869617 1.956757 2.184592 2.292299 2.582523 2.391231 2.515769 2.402738 2.094176 1.980561 1.901664 1.728043 1.731739 2.10647 2.233593 2.289849 2.398631 2.391716 2.65196 2.597228 2.463433 2.250705 1.909925 1.541822 1.133642 0.8058693 0.631533 
0.7249915 0.8023019 0.9262667 1.056341 1.17582 1.209112 1.324919 1.613939 1.773748 1.947672 2.150398 2.491585 2.649333 2.66547 2.505936 2.355722 2.228691 2.280114 2.24571 2.316206 2.278251 2.307152 2.423522 2.415136 2.369175 2.163198 2.102763 1.930655 1.3973 1.349862 1.437464 1.300794 1.032248 1.014729 0.860051 0.3720809 0.3764401 0.4373903 0.4271064 0.4803465 0.4191314 0.4103542 0.3816275 0.5287366 0.3806935 0.3643682 0.260185 0.4327733 0.7486531 0.9755605 1.756182 2.378376 2.163398 1.833465 1.501349 1.311116 0.9166848 0.3097633 0.006330452 0.2814868 0.8006111 1.080887 1.547509 1.791226 1.527055 1.655553 1.548209 1.42603 1.428631 1.426113 1.313082 1.534818 1.417056 1.107323 0.8644365 1.094868 1.135091 1.250015 1.358444 1.536963 1.484046 1.861933 1.949463 2.203217 2.377844 2.752029 2.646355 2.71283 2.307816 1.96379 1.942715 1.843836 1.861593 1.887314 2.129336 2.292147 2.375325 2.484073 2.498299 2.747449 2.712452 2.596115 2.418638 2.132021 1.859128 1.573724 1.213663 1.105947 
0.957045 1.003426 1.06754 1.137206 1.212504 1.305919 1.426314 1.46223 1.791679 1.999032 2.254829 2.637609 2.825742 2.815764 2.58258 2.328433 2.102233 1.992863 2.117851 2.203455 2.344543 2.372255 2.308595 2.362831 2.283604 2.110497 2.132428 1.981174 1.549775 1.451891 1.489805 1.27686 0.9687223 0.8725026 0.8401645 0.3706947 0.4411544 0.4355184 0.4123376 0.5505586 0.4449077 0.4163968 0.4034223 0.5817136 0.3402931 0.2034428 0.05075306 0.2500817 0.5711738 0.3383158 2.14268 3.630883 2.554134 1.942246 1.598953 1.292267 0.7149407 0.502407 0.3932066 0.7142087 1.035419 1.192247 1.64618 1.970171 1.799978 1.597837 1.37821 1.590545 1.590196 1.463102 1.336786 1.42971 1.366324 1.113418 1.160129 1.341903 1.135396 1.251645 1.155495 1.598848 1.567801 1.856912 1.91814 2.186219 2.474857 3.054645 3.14274 3.053939 2.453176 2.15878 1.858001 1.693208 1.780849 1.629521 2.156081 2.335187 2.634381 2.741987 2.743636 2.834373 2.822895 2.716984 2.503695 2.305737 2.094435 1.720419 1.556962 1.44882 
1.088864 1.103056 1.123737 1.153846 1.202379 1.211769 1.392186 1.542486 1.772478 2.0157 2.375762 2.864854 3.079734 3.116913 2.74128 2.316784 1.89738 1.614406 1.803366 2.233673 2.496694 2.485824 2.327206 2.239148 2.094936 1.994982 2.087856 2.057239 1.813276 1.735283 1.547428 1.229575 0.8191633 0.7329388 0.6052952 0.572235 0.4528948 0.4472481 0.3956589 0.4167846 0.383788 0.4070354 0.499853 0.6414875 0.4505406 0.09122332 0.3168426 0.5091996 0.6045327 0.3323786 1.688295 2.967078 2.387564 1.989777 1.663631 1.306281 0.7797833 0.6681983 0.6695815 1.09118 1.49462 1.61378 1.741019 1.776132 1.744251 1.582801 1.509695 1.915935 1.908445 1.642091 1.339639 1.348657 1.284379 1.122188 1.136972 1.13006 1.133315 1.235273 1.266505 1.653742 1.740699 1.647247 1.851495 2.090263 2.515434 3.614837 4.333254 3.618972 2.661472 2.050143 1.556986 1.588052 1.665829 1.517424 2.173889 2.488952 2.832351 2.909526 2.841893 2.89894 2.909153 2.823881 2.604232 2.414831 2.045905 1.881135 1.739351 1.546731 
1.150973 1.131275 1.114815 1.117239 1.152508 1.169987 1.269613 1.482709 1.706546 1.989421 2.423085 3.008226 3.760602 3.744139 3.037493 2.390403 1.789587 1.029543 1.451177 2.402274 2.879287 2.658174 2.32453 1.937477 1.661847 1.917813 2.033423 2.120075 2.260583 2.39581 1.697476 1.109281 0.6455048 0.4966496 0.4625115 0.5748902 0.4849551 0.5910977 0.4990953 0.3111946 0.08573923 0.4430292 0.5675245 0.7863716 0.6524584 0.5916581 0.7768436 0.7064188 0.4559714 0.488071 1.098932 2.209543 2.625876 2.21253 1.773696 1.096065 0.5945929 0.5935653 0.7839047 1.391392 1.933536 1.740339 1.799601 1.930766 1.548898 1.48798 1.589703 2.706479 2.623975 1.726342 1.279931 1.200737 1.137987 1.135215 1.212432 1.204297 1.191475 1.181732 1.280523 1.746825 2.181416 1.825631 1.512767 1.882885 2.152926 3.857966 5.998384 3.864854 2.481562 1.861561 1.319739 1.452547 1.242042 1.492874 2.133707 2.670933 3.304286 3.228444 2.919439 2.975065 2.996914 2.843134 2.658224 2.45911 2.097885 1.931964 1.707662 1.608436 
1.180077 1.125022 1.069319 1.050381 1.082368 1.152374 1.203855 1.410794 1.607279 1.888305 2.367556 3.268764 4.940465 4.868581 3.368856 2.543574 2.098688 2.050347 2.233445 3.686101 3.496666 2.789618 2.397278 1.289007 0.6798564 1.639218 1.974927 2.002875 2.424713 3.646746 1.572384 0.693251 0.471207 0.04388013 0.1012426 0.6264127 0.6112531 0.6404047 0.6875224 0.3469476 0.3420113 0.7400897 0.6991369 1.01307 0.8308786 0.1590312 1.627766 1.264696 0.2453745 0.264235 0.5265179 2.820673 2.900027 2.162577 3.227347 1.051279 0.2901904 0.2016772 0.5147722 0.8229712 2.324258 1.74391 1.71225 1.610974 1.336554 1.194399 1.11386 2.600538 2.534044 1.624188 1.097255 0.7102562 0.8805709 1.151412 1.367495 1.378174 1.302347 1.067303 1.136559 1.829542 3.872786 1.853226 1.465161 1.401271 1.672999 2.535826 3.202323 2.436158 1.949771 1.428676 1.050669 1.055807 1.130745 1.370721 1.846515 2.475034 3.671067 3.274682 2.815805 3.13316 3.168478 2.899587 2.623894 2.254043 1.932422 1.824584 1.666595 1.567822 
1.189097 1.127986 1.03929 1.004224 1.017955 1.096066 1.132906 1.294989 1.541403 1.739799 2.059782 2.530739 4.398005 4.601681 3.292806 2.816518 2.430137 2.421843 4.184493 4.268593 3.118683 2.696827 2.767104 2.004154 0.8851276 1.715976 1.944851 1.835484 1.29117 1.71928 1.271201 0.129437 0.6414918 0.6330743 0.6918799 0.9000961 0.8168687 0.7688412 0.678219 0.1258408 0.5636924 0.7752345 0.5161758 1.213746 1.691375 1.868208 3.93712 2.170182 0.8829888 0.07375555 0.1907798 0.9542431 0.9099905 2.006229 1.417066 0.9834644 0.3096937 0.3165665 0.1895041 0.8446848 1.331408 2.003926 0.08039667 1.852073 1.219787 0.8071461 0.8434069 0.945228 1.480672 2.480664 1.037292 0.4412013 0.6334421 1.039082 2.130835 1.478754 1.299697 0.7898577 0.831347 0.9252499 1.370396 1.027339 1.588592 1.242232 1.015766 1.654257 1.720239 1.212718 1.709314 0.8415613 0.3778422 0.6955205 1.253519 1.467971 1.964668 2.040017 2.11642 1.990021 2.208645 3.876485 3.565893 2.921694 2.358598 2.050824 1.9699 1.7267 1.339012 1.278399 
1.142239 1.091127 1.092934 1.047992 1.041388 1.052674 0.8141251 1.032859 1.751745 1.640508 1.715492 1.443686 1.232788 2.548225 2.866465 3.011718 2.556677 1.026759 1.832807 2.288435 2.116767 2.554269 2.033497 4.543521 2.649085 1.951939 1.790684 1.726378 2.053226 1.672639 1.124105 0.7527558 0.967494 1.499363 1.3043 0.9906536 0.9915332 0.6597453 0.9256269 0.7746627 0.8334624 0.9998295 1.011137 1.745937 1.856162 1.496881 1.625041 2.527283 1.30923 0.4581569 0.03427031 1.021262 1.947013 1.702121 0.8274062 0.9617166 0.7252228 0.6408357 0.862434 0.1536021 1.912946 1.845468 2.001763 2.467359 0.9519564 0.5263962 0.5426613 0.8329947 0.7885364 1.00094 1.266883 0.7235688 0.7577865 1.488672 1.433519 0.4213127 0.07595731 0.7964319 0.6563283 0.3042984 0.6051318 0.4203435 1.206635 1.250172 0.03421079 1.334684 1.882118 2.105628 3.293196 0.193286 0.4184538 0.8421814 0.9317494 0.9770731 1.002212 1.716276 1.71487 1.289512 2.838386 5.432063 3.632037 2.626917 2.00825 1.950554 2.020607 1.411317 1.032535 1.025332 
1.236207 1.177426 1.120842 1.169491 1.145642 1.077592 0.7226414 0.5754063 1.612883 1.562141 1.569431 1.472607 1.500725 1.942604 2.498297 3.485847 3.316261 1.097731 1.151968 1.49518 1.249984 2.346731 3.132921 3.970811 2.836496 1.840977 1.176408 1.797734 2.378005 2.950397 0.9913028 0.3426415 0.7404981 3.312112 1.505711 0.988321 0.9568297 0.6705549 1.778409 1.073563 0.2572118 2.451385 1.093027 3.592458 1.993191 1.770927 0.9832922 1.166053 2.7226 1.410639 0.2794997 1.773524 1.413194 0.04340336 1.90275 1.574554 0.554369 0.8291414 0.4187339 1.13641 4.053193 5.089669 1.693511 1.781633 1.287962 0.9735371 0.9625036 1.43039 1.009286 0.7167425 1.845566 1.081575 0.9971118 2.126348 1.067167 0.7477869 0.7099808 0.8739932 0.8231994 0.8659943 0.5185302 0.6061189 0.6257156 0.7441915 1.263012 2.231969 3.325209 2.876263 2.244127 1.355407 0.9871709 0.7310687 1.137899 0.9152401 0.1828947 1.176922 3.333501 3.723031 5.176643 3.870015 3.075255 2.241406 1.870265 1.743865 2.468696 1.011717 0.3504683 0.7564814 
1.393377 1.332543 1.279947 1.213845 1.281988 1.236124 1.25341 1.757727 1.825115 1.54649 1.375631 1.231818 1.122506 1.490089 2.125639 2.679776 2.726315 2.52704 1.024067 1.21097 2.025418 1.886374 2.314295 2.704344 2.475217 1.657096 1.841464 1.984449 1.310428 0.9333617 0.6932573 0.5606464 0.8052739 1.141872 0.8172967 0.613273 0.5863916 0.3431408 1.286013 0.7309474 0.6855199 1.657215 1.773292 0.6913185 0.9112961 0.2512259 1.207255 2.243737 4.41739 1.423679 1.007735 0.6370223 0.09899276 0.5028922 0.6737673 0.4920155 0.4613963 1.017502 1.009659 0.9377272 0.7067394 1.247573 0.03363397 0.4201289 0.3451118 0.869785 0.1248879 1.965754 0.2174213 2.423972 1.728626 0.9510191 1.030695 0.9597802 0.2650654 0.8967339 0.4387138 0.8027419 0.6999106 1.011933 0.8134433 0.7792238 0.4004926 1.292444 1.355441 2.027591 2.181342 2.81395 1.149296 1.719442 1.519487 1.866745 1.925254 1.544038 1.287813 0.1419462 1.239698 2.698177 3.324907 2.52707 2.273142 1.805521 2.135612 5.26959 2.601836 0.9984064 0.3184083 0.7436835 
1.646476 1.616443 1.511138 1.394842 1.30319 1.395931 1.444725 1.631988 1.626423 1.354088 1.129853 0.9959207 1.029451 1.35414 1.723652 2.006454 2.556602 4.114848 4.418318 3.134839 2.828927 1.237037 2.126879 2.434455 2.492757 2.294855 3.998481 2.60351 0.428708 0.8757036 0.5126448 0.3903314 0.8408769 0.8029857 0.483762 0.5454088 0.6345543 0.8294871 3.676361 0.2071013 1.121387 1.738526 3.401549 2.84516 1.771122 3.399542 2.757078 1.57767 1.656764 1.862258 2.634026 3.838151 0.7280372 0.9342873 0.7437019 1.916089 0.5172128 0.4130274 1.838552 0.5542346 0.1445289 1.012643 0.151013 0.5032084 1.226447 0.484527 1.394521 0.2393766 0.5268196 1.367216 0.5064824 0.3662987 1.080442 1.181817 0.6099938 0.1489587 0.9777946 2.002815 2.215936 1.027815 2.58888 2.531507 0.759002 0.4937968 1.571192 1.053194 1.940601 2.619788 2.346802 1.195732 2.994415 2.492723 1.829906 3.26706 1.72819 1.196197 2.127374 2.389373 1.681331 0.8680301 1.182707 1.129846 0.365996 1.15234 1.356042 1.078338 0.9878961 0.9953448 
2.056609 2.042197 1.891133 1.66901 1.476103 1.362644 1.476668 1.42316 1.392977 1.173683 0.8214126 0.1595264 0.9402956 1.487221 1.864488 1.39143 1.879771 2.942412 3.102551 2.82211 2.513286 1.941042 1.83864 2.197128 2.385589 1.648088 4.108045 4.571953 2.030135 1.668286 2.297404 1.030797 0.8905525 0.9666627 0.9318843 1.021368 1.461091 1.639219 2.754598 2.924117 2.040428 1.796372 1.365756 3.773279 4.118447 4.399205 3.86697 3.899795 1.188095 1.09721 1.089729 2.367106 1.085076 2.726156 1.66768 2.259075 2.241369 0.9472448 1.119742 1.047415 3.354562 0.3754557 1.140564 0.8507953 2.247975 2.160728 0.6152489 1.931703 2.799598 1.465846 0.04329153 0.4349689 0.3768208 0.7960289 1.213663 1.124376 0.8365225 1.02123 3.38351 0.307177 1.316005 1.719438 1.246301 0.4618082 1.409932 1.102036 1.615363 1.728528 2.372638 2.511822 0.5692251 3.433761 0.427656 2.585267 1.300679 1.149179 1.128619 1.173432 0.8768747 0.1702819 0.7044272 0.3715532 0.5825922 1.049843 1.29673 1.188871 1.167662 1.143837 
2.592944 2.707863 2.491273 2.069965 1.699229 1.464897 1.470762 1.375559 1.252015 1.09098 0.8128999 0.6049131 1.002123 1.673024 3.062688 1.987738 1.875677 2.453416 2.601849 2.477296 2.020259 1.927458 1.342643 1.5196 2.175641 2.997063 4.148383 4.507465 2.561474 1.925364 1.932082 1.184581 1.014249 1.020102 1.024146 1.397681 2.558178 2.247685 3.174063 3.065913 2.273293 1.774968 1.077465 2.120541 4.104547 4.600024 4.041394 2.463301 1.418978 0.7056987 1.169398 3.379179 2.477007 1.178239 0.718493 1.643008 1.886116 1.766926 2.896423 1.378992 2.19602 1.368642 0.9165293 2.746814 2.254976 2.799563 1.155426 0.7862849 1.618309 0.07473128 0.1625753 1.737956 0.3178765 0.9654261 2.441486 3.265241 1.052374 1.656688 1.043461 0.4060935 0.3304088 0.7646151 2.380137 1.97217 2.344127 0.5213627 0.5358248 0.5557848 0.316594 1.426267 0.2883236 1.709639 2.391569 2.55382 2.006089 1.386484 0.8437033 0.8169928 0.9107403 0.6583112 0.7538226 0.1496332 0.5043485 1.232638 1.362482 1.288444 1.23245 1.193881 
3.175879 3.532028 3.232397 2.525916 1.93663 1.575677 1.364488 1.357675 1.222901 1.086133 0.9908819 1.001007 1.204471 1.955367 3.434122 2.987549 2.332217 2.37888 2.235408 2.17713 1.967685 1.788042 1.366884 1.479369 1.437423 1.475517 2.330053 1.691956 1.59393 0.9140995 0.4720182 1.007899 1.089951 1.136945 1.087729 1.461054 2.155531 1.995377 1.538014 5.767685 1.921991 1.697551 0.7833689 2.155202 3.941044 4.625679 4.023173 2.542495 1.490082 0.8666251 2.081605 2.312091 2.275525 1.324498 1.08614 1.040942 1.251234 0.8226372 1.116176 1.586412 1.639671 1.413283 1.353232 1.58233 1.61191 0.8810437 0.6540357 1.029541 3.139169 1.259286 0.3318894 0.7318025 1.137439 0.5077458 2.08707 1.700424 1.196996 1.840098 1.404777 0.5141704 0.9932063 1.77231 2.594482 1.976104 1.404269 0.6355091 0.2581059 0.1855313 0.768019 1.580071 2.13768 3.758556 5.320176 3.26036 2.477056 2.019617 1.436313 0.8449127 0.9759604 0.8116805 0.8820464 0.7874731 1.020994 1.961545 1.60776 1.264165 1.242785 1.182366 
3.434126 3.990066 3.622333 2.758683 2.072417 1.611081 1.497707 1.343771 1.260103 1.159418 1.115252 1.157358 1.425283 1.817089 2.332786 2.377309 2.24086 2.258486 2.122199 2.036536 2.134735 1.737545 1.817987 1.660597 1.463616 1.479498 1.400768 0.09617649 0.9522287 1.134808 1.029389 1.025226 1.053337 1.216789 1.142395 1.966341 2.15216 2.15544 2.397789 3.279332 2.594863 2.091276 1.942292 2.710318 3.831696 3.942242 3.603185 1.67128 1.211739 1.193648 1.960282 2.023416 2.094256 1.494537 1.148317 1.128659 1.417234 1.391947 1.244897 1.535699 1.559009 1.56319 1.532254 1.158635 1.249497 0.5851234 1.032054 1.05425 1.575756 1.137056 0.8842312 0.7687688 0.9939011 0.6983972 0.9769382 1.334859 1.648156 1.376299 1.131581 0.5322828 1.074713 1.553568 1.839594 2.137888 1.423134 0.6710355 0.2822461 0.3608113 0.7137417 1.293484 2.256729 3.467861 4.135523 3.258738 2.714924 2.495072 1.722045 1.196126 0.8871042 0.8731693 0.8432197 0.8945475 1.087832 1.504283 1.430533 1.20243 1.055586 0.9661923 
2.907217 3.42982 3.171614 2.525637 1.974853 1.598335 1.507063 1.358702 1.251983 1.209241 1.159415 1.338289 1.340607 1.362185 1.463029 1.655149 1.754236 1.870437 1.958341 1.922206 2.073769 2.022938 2.032283 1.777202 1.693118 1.667327 1.46902 1.149079 1.281259 1.251796 1.226069 1.078885 1.099663 1.281183 1.291643 2.072752 2.194599 2.468683 2.66923 2.872347 2.52887 2.255193 2.581053 2.947874 3.414896 3.433835 3.411575 2.222645 1.650467 1.34724 1.668906 1.762137 2.007585 1.781872 0.8094064 1.117567 1.231853 1.333787 1.100354 1.39863 1.523389 1.401136 1.340063 1.029284 1.408391 1.232768 1.202137 0.9295725 1.154554 0.9666835 1.219336 0.7536403 0.9610847 0.8362835 1.254081 1.522765 1.468986 0.9440609 0.9844431 0.736722 1.268515 1.427785 1.554241 1.860761 1.708191 0.6760631 0.1339535 0.4194938 0.9344158 1.59459 2.178481 2.933568 3.31534 3.025234 2.663708 2.718879 1.857899 1.295981 1.216984 0.8662697 0.9226048 0.9788652 1.00318 1.145806 1.14136 1.020554 0.8860011 0.7970174 
1.62128 2.032307 2.179412 2.012595 1.75169 1.646333 1.481513 1.355831 1.26032 1.187339 1.154879 1.264411 1.066189 0.7236871 0.4064385 0.8324161 1.305982 1.615653 1.796324 1.822637 2.050912 2.017967 2.152461 1.82573 1.822011 1.745211 1.643866 1.574826 1.529162 1.392295 1.37756 1.118988 1.15915 1.232774 1.680787 2.103212 2.225218 2.532218 2.658779 2.747153 2.446165 2.432126 2.651716 2.828278 3.25093 3.21156 3.445667 2.52264 2.035783 1.382768 1.600559 1.629195 1.966161 1.420245 0.94153 0.9522762 0.7747927 0.4271871 0.7787503 1.223151 1.377255 1.03616 1.309213 0.9233392 1.521827 1.436754 1.32587 0.8782661 0.9449766 0.9017603 1.206487 1.101741 0.9778421 0.8361219 1.377393 1.57742 1.053855 0.8917956 0.8649172 0.7935677 1.389824 1.374706 1.370151 1.715391 1.540019 0.9151343 0.4055932 0.4573118 0.9853077 1.707475 2.089912 2.714823 3.054344 2.843765 2.700812 2.413601 2.214311 1.366768 1.315135 0.9195285 0.737954 1.004206 1.052615 0.9601483 0.9147789 0.7713653 0.5951408 0.5107709 
0.3900196 0.7531602 1.270682 1.494526 1.487008 1.525029 1.430081 1.336232 1.253548 1.177402 1.092592 1.177638 0.8698452 0.389091 0.01716206 0.4287677 1.032103 1.420985 1.663539 1.733608 1.951385 2.195429 2.167932 1.909336 1.876167 1.845243 1.791394 1.739836 1.531745 1.521314 1.454085 1.195099 1.437843 1.591962 1.708929 2.120098 2.226502 2.541002 2.623107 2.69732 2.412428 2.540802 2.722264 3.003632 3.21566 3.108542 3.382824 2.884472 2.508034 1.909989 1.562033 1.610987 1.530049 1.364207 0.8784494 0.5845999 0.4524038 0.04967448 0.5223081 1.066453 1.279111 0.9786353 0.9995794 1.121247 1.330505 1.664915 1.398913 0.8451667 0.8776965 0.9285853 0.9405135 1.132686 0.8206426 0.8424408 1.440253 1.28551 1.046231 0.8599339 0.8568005 0.8148187 1.453098 1.353426 1.302579 1.648044 1.548091 0.9562791 0.4358599 0.474198 1.168417 1.727122 2.015151 2.587703 2.919799 2.730181 2.65516 2.508936 1.931549 1.805774 1.393533 0.7416623 0.7830499 1.001925 1.001462 0.8301382 0.7251841 0.502345 0.2402682 0.1704394 
6.30545e-031 0.276142 0.8007313 1.147281 1.383633 1.406997 1.368778 1.307285 1.239148 1.164742 1.072198 1.105621 0.8917469 0.6164786 0.4291631 0.6234199 1.020572 1.339853 1.532935 1.608649 1.914913 2.201289 1.88066 1.8879 1.91385 1.891683 1.857394 1.824723 1.600323 1.583145 1.510252 1.443802 1.471151 1.621778 1.996439 2.124595 2.21641 2.4716 2.59429 2.739613 2.396797 2.575493 2.556982 2.99941 3.28879 3.056446 3.40873 3.02445 2.870555 1.95883 1.537898 1.540988 1.525011 1.317714 0.9634773 0.7734998 0.5727981 0.4882347 0.6508909 1.045203 1.226043 1.135315 0.9678139 1.116329 1.360338 1.74498 1.443982 0.8237894 0.9105902 0.7547025 0.9396365 1.155579 1.07477 0.8412786 1.225696 1.313809 1.044 0.8435887 0.8510911 1.102866 1.489461 1.474623 1.658424 1.67628 1.481692 0.9832088 0.3825422 0.7628338 1.495171 1.734084 1.88914 2.509748 2.776327 2.85383 2.608866 2.513083 2.377457 1.857137 1.453229 1.095056 0.7762448 0.9885548 0.9561893 0.7370816 0.5975764 0.3443228 0.06893826 0.01596054 
