rasters-batsmen/shaunmarsh.asc
ncols         108
nrows         21
xllcorner     -3.075
yllcorner     -1.575
cellsize      0.15
NODATA_value  -9999
4.573891e-008 0.07406521 0.3013346 0.6176056 0.9421553 1.219485 1.432911 1.588528 1.574335 1.696921 1.705802 1.741211 1.806431 1.798143 1.781554 1.755199 1.718103 1.706986 1.637844 1.861495 1.854463 2.112924 2.168759 2.25789 2.233197 2.373705 2.43917 2.507879 2.489642 2.163194 2.136693 1.954173 1.434507 1.208972 0.9910192 0.8058689 0.8006015 1.113378 1.211261 1.199333 1.311635 1.537975 1.437939 1.399091 1.537297 1.576882 1.754283 1.562411 1.229548 1.406174 1.611946 1.390395 1.452801 1.432597 1.29181 1.345431 1.414159 1.550752 1.907684 1.72491 1.646984 1.806093 1.928372 1.775016 1.726914 1.616491 1.551945 1.376131 1.200636 1.146066 1.118729 1.154191 0.9698119 1.077385 1.168372 1.487335 1.27823 0.8599637 0.7089018 0.6381932 0.632054 0.8633096 0.7720167 0.8209333 0.8622118 1.022053 1.291039 1.420127 1.668667 1.652739 1.640192 1.461756 1.659807 1.665001 1.839564 1.833323 1.618916 1.590446 1.327371 1.160649 1.129908 1.025661 0.8513446 0.6771838 0.5287358 0.2505586 0.04173846 0.009798129 
0.07029873 0.1509243 0.3835861 0.6978629 1.015822 1.283913 1.487389 1.6333 1.73552 1.688318 1.78392 1.780413 1.834655 1.831433 1.817437 1.79082 1.750293 1.730558 1.646476 1.817314 1.79038 2.017638 2.079588 2.083519 2.239707 2.415155 2.502794 2.571604 2.53708 2.202654 2.138956 1.937508 1.253052 1.208929 0.9968588 0.9688686 0.8138591 1.081654 1.185356 1.1873 1.269465 1.572161 1.592147 1.487807 1.509977 1.517523 1.685304 1.497286 1.173019 1.238727 1.862625 1.524267 1.440481 1.410992 1.013547 1.293809 1.36062 1.523485 1.904112 1.771792 1.707732 1.918121 1.961593 1.756814 1.766043 1.71946 1.812711 1.36038 1.162421 0.9641156 1.074237 1.127227 0.9845393 1.109456 1.202266 1.499369 1.327942 0.7141287 0.6971592 0.6298803 0.6238782 0.9138673 0.7806049 0.8468943 0.9633929 1.050462 1.300333 1.416142 1.651893 1.6357 1.458427 1.461518 1.649278 1.82274 1.820606 1.668342 1.663978 1.600182 1.298449 1.239828 1.155955 1.066949 0.9002551 0.8512952 0.6195475 0.338914 0.1422265 0.1033998 
0.2631449 0.3521332 0.5575382 0.8544015 1.13543 1.372706 1.552961 1.681385 1.769379 1.8296 1.768608 1.84784 1.863174 1.869977 1.861158 1.83563 1.793284 1.765705 1.664437 1.768332 1.704279 1.874978 1.828921 2.012316 2.249662 2.489041 2.608065 2.667552 2.600103 2.291137 2.137752 1.914366 1.265189 1.208483 1.055282 0.8417028 0.8345781 0.8124704 1.135439 1.157333 1.281336 1.741044 1.675595 1.523779 1.450064 1.33216 1.601336 1.177683 1.076929 0.9093914 1.517356 1.390946 1.450641 1.393383 0.9868968 1.238041 1.304087 1.468963 1.687035 1.84794 1.800969 1.966049 2.13693 1.82981 1.610782 1.518096 1.855722 1.368469 1.123968 0.9572815 1.023382 1.094715 1.010025 1.166504 1.597798 1.442514 1.298027 0.7596216 0.6759851 0.6142043 0.6124941 0.76619 0.7941216 0.8848506 1.074079 1.142691 1.309138 1.40755 1.630241 1.445792 1.45736 1.460326 1.632357 1.799579 1.798568 1.661291 1.650733 1.637538 1.321408 1.259892 1.183884 1.06102 0.958914 0.9538922 0.7429624 0.5494141 0.3937601 0.347701 
0.517316 0.6111881 0.7887204 1.015379 1.27312 1.469535 1.620087 1.72667 1.795912 1.83733 1.866858 1.927395 1.886347 1.914871 1.914378 1.889807 1.848141 1.782531 1.699181 1.787632 1.593334 1.495202 1.613027 1.887933 2.274835 2.625749 2.660764 2.812672 2.678059 2.315322 2.07324 1.885018 1.336013 1.205441 1.052605 0.8736841 0.8698165 0.8340364 1.054445 1.136561 1.276794 1.860147 1.914152 1.594729 1.296847 1.184867 1.48918 1.210731 1.001815 0.2248555 1.073304 1.853021 1.685002 1.553953 1.156462 1.046265 1.032418 1.508507 1.767971 2.027901 2.052263 2.009558 2.244875 2.009303 1.681607 1.586075 1.927995 1.507554 1.018669 0.9100865 0.9525508 0.9590434 1.064565 1.266499 1.566103 1.462095 1.153484 0.7294262 0.58237 0.6408556 0.6547512 0.6277987 0.8150237 0.9475271 1.14364 1.17802 1.309345 1.390356 1.603761 1.446247 1.455447 1.594057 1.752082 1.764061 1.77381 1.652736 1.631551 1.605799 1.328911 1.272444 1.211676 1.095953 1.009868 1.008268 0.8953749 0.7725419 0.6703552 0.6266838 
0.7667663 0.859464 1.007242 1.187012 1.401545 1.557476 1.679887 1.765697 1.813402 1.823851 1.832982 1.84519 1.949676 1.972953 1.981285 1.949739 1.90872 1.85177 1.759969 1.760433 1.530811 1.285462 1.238059 1.703207 2.302952 2.87244 3.004405 2.985269 2.758439 2.260159 2.088301 1.55047 1.35881 1.243012 1.040643 0.9181779 0.9369503 0.8799492 0.7370195 0.973323 1.31158 2.107996 2.596426 1.843336 0.5937086 1.057405 1.128819 1.399317 1.502437 1.375411 2.101683 2.22165 1.794752 1.374832 1.108337 0.8062398 0.2954144 1.391955 2.105748 2.60605 2.280267 1.957129 2.35657 2.617776 1.843019 1.878636 1.98262 1.626622 1.129115 0.7759868 0.5544798 0.7711952 1.141374 1.625386 1.513221 1.540549 1.138579 0.6167743 0.4348982 0.5282632 0.5329548 0.6026853 0.7708928 1.082754 1.268775 1.351133 1.35593 1.363116 1.571308 1.449958 1.447869 1.560893 1.685352 1.710196 1.642763 1.649362 1.599673 1.481622 1.444199 1.132377 1.184266 1.067665 1.135627 1.071873 1.005845 0.9392536 0.8824398 0.8512249 
0.9737045 1.06064 1.182518 1.324577 1.468621 1.62902 1.727252 1.796386 1.827622 1.798664 1.689218 1.588679 1.880569 2.134945 2.136868 2.009701 1.948516 1.919297 1.829281 1.586954 1.442206 1.017149 1.016096 1.620063 2.300699 3.21922 3.63094 3.260098 2.77901 2.161972 1.991552 1.462301 1.422708 1.229136 1.01109 0.9734244 1.070191 1.053826 0.5634115 0.7194736 1.217008 2.261791 4.190768 3.451809 0.998946 1.188176 1.021996 1.491397 1.837181 3.568742 3.165162 2.446926 2.153231 1.268117 1.049196 0.7512791 1.135399 1.524832 2.037034 3.153376 2.239574 1.555017 1.807077 2.199963 1.5846 2.216957 2.008657 1.600695 1.570997 0.8336829 0.1932468 0.6422926 1.400481 1.918023 1.620836 1.381555 1.187407 1.089538 0.0796653 0.5404373 0.5295474 0.6251019 0.767981 1.461435 1.554412 1.178987 1.240398 1.365026 1.392923 1.456911 1.518817 1.552697 1.562813 1.612632 1.642278 1.671635 1.540283 1.364375 1.271746 1.260302 1.179283 1.061548 1.135771 1.092577 1.062228 1.038125 1.017543 1.004164 
1.127919 1.207205 1.308719 1.42312 1.539224 1.682104 1.763013 1.823549 1.85318 1.816072 1.586365 1.042944 2.038117 2.425085 2.263104 2.171062 1.780328 1.88751 1.918724 1.927144 1.417797 0.4242755 0.5288073 1.776598 1.877796 4.731435 4.261495 3.47255 2.635568 1.884325 1.74838 1.54958 1.503945 1.309148 1.006949 0.9197986 1.039983 1.622666 0.1988169 0.4673927 0.6811964 1.889789 3.690324 3.577009 2.09145 1.586864 1.067321 1.433056 1.374233 2.31646 2.739172 1.941809 2.120222 1.369875 1.21859 1.858829 2.725514 1.814069 1.666479 1.540588 1.544289 0.5603291 0.2720505 0.9523816 0.3494694 2.949238 1.711334 1.324554 2.278662 1.40493 0.1748935 0.5062961 0.4506861 2.845333 1.901819 1.288488 1.189498 0.9923481 0.6961783 0.7228786 0.6405995 0.6578553 0.6096093 2.722087 2.284303 1.150817 1.181386 1.283198 1.582276 1.592284 1.242088 1.431526 1.34185 1.348028 1.670616 1.800971 1.496558 1.084907 1.2175 1.321812 1.258771 1.188541 1.090568 1.062838 1.067362 1.0836 1.096474 1.103196 
1.233239 1.304969 1.391296 1.486199 1.582702 1.674713 1.785946 1.844888 1.892318 1.936635 1.928775 2.253359 3.905127 2.898428 2.348741 2.554712 3.937622 2.185926 2.105744 3.388679 0.9338315 1.037992 1.314265 2.250816 2.84951 3.628845 3.950982 3.364919 2.447273 1.497787 1.316148 1.803344 1.921792 1.445443 0.8287961 0.5171061 0.8423885 1.000997 0.9169687 0.7759593 0.9430652 1.744458 2.166338 2.229089 3.128993 1.880569 0.8015668 3.34629 1.670529 1.434449 2.968852 4.912477 2.155829 2.182807 0.9355517 1.600909 1.783924 1.366298 1.355541 2.206977 0.9824685 1.414968 0.9773542 1.929327 0.8021884 1.56853 1.339869 2.500056 0.3430084 1.339725 1.03533 0.9077808 0.8582097 0.3275102 1.526275 0.8066598 1.136397 0.9547037 0.5089998 1.194368 0.4208521 0.1602123 0.4830603 0.6695943 1.134496 1.190304 1.00461 1.102919 1.951526 1.701964 0.3725077 1.959073 1.211969 1.399321 1.81154 2.193934 2.222338 1.17985 1.199556 1.29208 1.208035 1.201256 1.003964 0.966149 1.025787 1.09597 1.145182 1.171771 
1.177926 1.241705 1.315772 1.396658 1.480459 1.56395 1.793444 1.84965 1.910909 2.010641 2.182035 2.666877 3.180665 2.524871 2.069315 2.331639 2.689272 2.187526 1.811994 1.757643 0.9982436 1.25773 1.937993 3.206238 4.161265 3.654488 3.29554 2.881587 2.160204 1.508494 1.311124 2.488442 3.424583 1.722041 0.771171 0.05918356 0.7685426 0.9366813 0.9641333 0.662735 1.061764 2.342013 1.614691 1.282651 1.85346 2.469183 1.627648 1.027863 1.269796 1.523259 3.884302 2.094865 3.438475 0.2898673 2.333603 1.658014 1.209458 1.355042 1.258047 0.9978648 1.551155 0.06871077 0.228449 2.032713 1.685331 1.050725 0.5785396 0.7785254 0.7266142 0.3370216 1.122035 0.778367 0.4439075 0.4225605 3.982821 0.6431949 0.8925604 1.018373 0.1633485 0.08878941 0.4621311 0.7418243 0.5137306 0.7478198 0.9329503 1.164268 1.459881 1.501685 3.750736 1.353867 1.971396 3.161189 1.977761 2.007907 2.023933 2.681664 3.953822 1.735793 1.334662 1.295529 1.234691 1.020723 0.8201597 0.8476655 0.9493175 1.10379 1.189873 1.230145 
1.204565 1.263734 1.330763 1.402912 1.477127 1.550848 1.622888 1.829749 1.908476 1.962725 2.058707 2.171251 2.062618 1.478255 1.108475 1.599351 1.918773 1.760887 1.476889 1.080726 1.170845 1.290444 2.019543 3.789647 5.956342 3.924663 2.710194 2.11516 1.904799 1.269966 1.315199 1.839164 1.867278 1.140145 0.9835464 0.7555795 0.9178277 0.9946834 0.9366767 0.9315194 0.6873645 1.331304 1.468039 0.7509007 0.4923894 1.061702 1.270832 1.340513 1.399832 1.723736 1.846797 0.9437835 4.609612 1.79918 5.822713 1.001833 0.6726192 3.497365 1.53707 2.299335 2.864032 0.137966 1.245698 1.072796 1.075156 2.448117 0.3053902 1.280784 0.7523831 0.4155764 1.258356 0.4049122 0.3264494 0.4218093 1.801152 1.286277 0.5114787 0.5930041 0.7359595 0.2791632 0.3337124 1.559757 0.7959583 0.6887186 1.071218 1.894144 1.725793 1.444499 1.653492 1.627119 1.837565 1.984966 2.794968 2.495269 1.732542 1.878348 2.26519 1.79257 1.468737 1.239355 1.107811 0.7960107 0.3157151 0.4669902 0.9829228 1.156829 1.14339 1.168232 
1.203558 1.259445 1.321983 1.388481 1.455853 1.521204 1.582372 1.638193 1.837665 1.843218 1.831163 1.741686 1.433577 0.6915516 0.02394824 1.054094 1.472564 1.500752 1.311425 1.136204 1.19319 1.161041 1.529883 2.688663 3.355962 2.604548 1.530855 1.043094 1.473778 1.380844 1.390748 1.422788 0.9751775 0.4646046 1.113436 1.14635 1.09859 0.5041263 0.9742042 1.03379 1.008169 1.935319 2.006296 0.1375994 0.9037418 1.541936 1.021269 2.517321 2.592022 0.5412886 1.020972 1.37046 2.884206 1.713648 1.05676 0.2942012 1.101472 0.4243053 0.9872086 1.374319 0.9551103 0.4221584 1.037953 3.024079 1.202473 0.6594207 0.09074388 1.190682 0.3949589 0.6329729 0.3791329 1.160631 0.6392563 0.06641821 0.8463718 3.634218 2.662357 2.954925 1.046205 0.7113446 0.5096813 0.7355982 1.248499 0.8147351 1.842713 2.411562 2.177605 2.051587 1.485046 1.252874 0.7793116 2.029296 2.916918 2.298751 1.174714 1.327726 1.372831 1.312418 1.227856 1.119104 0.8985578 0.639056 0.3344544 0.5648068 1.120644 1.301428 1.349826 1.214636 
1.176716 1.230793 1.291435 1.355467 1.419127 1.47858 1.530234 1.719636 1.722432 1.720178 1.644709 1.494655 1.233464 0.8787555 0.7292607 1.479838 1.642431 1.192264 1.0104 1.191391 1.060661 1.014184 1.265793 1.740628 1.469467 1.346127 0.7117267 0.1713362 1.307274 1.89056 1.925615 1.628109 1.23794 1.262089 1.53751 1.21815 1.413081 0.7491505 0.6911442 0.9357777 1.447834 4.016414 1.053369 0.575666 1.134395 3.579546 3.828526 2.005693 1.231062 1.256129 0.9470382 1.841532 1.281174 0.7262385 0.5141759 0.9299173 0.9938833 0.9348543 0.9310538 0.6937228 0.6018395 0.3198706 0.4677128 1.05064 1.039755 1.788813 1.03121 2.050737 0.2642727 0.5412946 0.3386955 0.1446673 1.093782 0.9842933 0.1575797 1.277361 0.9825085 1.089542 1.034664 0.275068 0.4626101 0.9445015 1.13299 0.9875423 1.674002 1.339796 1.116822 2.151887 1.043523 1.331073 0.2249167 2.544003 0.8782091 1.999518 1.75125 1.203394 1.345306 1.264443 1.083699 0.9931333 0.59398 0.03476592 1.163028 1.614877 1.577121 1.465197 1.398598 1.366531 
1.123593 1.177443 1.23913 1.304506 1.368568 1.426198 1.472501 1.650447 1.63965 1.624663 1.521029 1.354127 1.109643 0.7895016 0.9521165 2.588456 2.803756 0.6060085 0.3505704 0.9434205 1.10982 1.147117 1.222739 1.417672 1.255349 1.182989 1.044072 0.9388163 1.53608 3.203372 3.329581 1.793525 1.155009 1.483807 3.207317 2.374612 1.385565 1.068406 0.9779091 1.018622 1.343559 1.023986 1.224436 1.21497 1.283974 2.591584 1.655214 1.897331 2.599457 3.210364 1.580561 1.384344 0.9232394 0.3988019 0.07128938 0.2222585 0.2970481 0.7403572 0.6942562 0.626995 0.03289815 0.7847359 1.428567 0.7873314 1.113334 2.941305 1.355199 0.947051 0.7777202 0.7442561 0.6842273 0.7944956 1.952738 0.9509413 0.5004264 1.015365 0.9008906 0.9624076 0.6309996 0.05406009 0.1353142 0.6605258 1.002237 1.0148 1.517753 1.191673 1.539173 1.976404 3.698329 3.325632 1.881445 1.15646 1.958405 2.124733 1.806654 1.718842 2.868291 1.505949 0.6098832 0.9979023 0.995203 1.113417 1.90005 2.522586 1.821777 1.462276 1.371551 1.363247 
1.041695 1.096889 1.163109 1.234619 1.304469 1.365872 1.412879 1.587325 1.461584 1.421104 1.452287 1.202887 0.9406329 0.4344685 0.08878427 2.665638 3.144866 1.022569 0.5859436 0.9942858 1.177778 1.25139 1.316898 1.346858 1.32103 1.360378 1.118495 0.8488246 0.8685351 2.44869 2.741431 1.409346 0.1367406 0.770288 2.015368 1.922026 1.446613 1.154985 0.9436285 1.137715 1.292367 1.367172 1.472704 1.8958 1.332296 1.922696 1.270836 0.9855484 2.029966 2.216258 1.637388 1.12415 0.6205242 0.1211898 0.3509094 0.565753 1.142879 1.457613 0.6217545 0.8916461 1.199957 1.98668 1.011513 0.6999893 0.8111922 1.783134 0.8990501 0.4396694 0.5912418 1.470899 1.103756 2.604618 1.205859 0.4822699 0.5707774 0.1727026 0.515954 0.5761509 0.1647219 0.1657388 0.03096674 0.2827696 0.5033413 0.8016898 1.585022 1.46421 2.011266 3.162201 2.805389 2.458977 1.071696 0.597168 1.463103 1.897625 1.560403 1.349198 1.64251 1.570216 0.843318 1.055644 1.382941 2.00943 3.126711 2.304781 1.699706 1.076613 1.240379 1.331602 
0.927133 0.9849507 1.059788 1.143417 1.225797 1.297762 1.389644 1.412437 1.409411 1.376429 1.337486 1.20765 1.014909 0.7528866 0.8349816 1.765659 1.998219 1.437785 1.09703 1.158613 1.250177 1.304414 1.322716 1.328388 1.336232 1.209923 1.034468 0.4251975 0.06817712 1.125525 1.637695 1.188507 0.7351685 0.9592317 1.483992 1.461225 1.372673 1.234202 1.113534 1.199776 1.374681 1.40079 1.505294 1.470469 1.554048 1.415519 1.084897 0.8706453 1.522832 1.721342 1.403415 1.124608 0.7255122 0.3679136 0.5425143 0.8361869 1.639546 1.096511 0.4800943 0.9622335 0.9828727 1.22001 1.083731 1.15567 1.248558 1.347916 0.9519866 0.6938284 0.753955 1.049579 0.03359744 1.145082 1.191431 0.8154261 0.5531135 0.617452 0.5463597 0.478265 0.5068473 0.09975871 0.02448478 0.07731797 0.3485698 0.2317905 1.006658 1.277821 1.771973 2.196093 2.374257 2.004072 1.517162 1.234735 1.496887 1.598244 1.427471 1.251701 1.264373 1.07447 0.6868364 0.9460525 1.447931 2.171776 3.10977 2.645289 1.695151 1.16949 1.254711 1.320229 
0.7765005 0.8374369 0.9253737 1.028255 1.131081 1.221096 1.324289 1.360454 1.369942 1.352565 1.308172 1.263015 1.168562 1.095091 1.213992 1.553486 1.573378 1.429893 1.267448 1.287314 1.321481 1.171783 1.334738 1.332316 1.190937 1.202315 1.004792 0.6415441 0.6784286 1.000767 1.297927 1.189512 1.148532 1.179116 1.343557 1.259051 1.300798 1.208322 1.173598 1.350173 1.410771 1.475685 1.487143 1.357545 1.3878 1.22147 1.108346 1.238399 1.591011 1.48043 1.218316 1.267389 0.7664849 0.6565936 0.6889686 0.807422 1.013474 0.7850101 0.5814413 0.7973669 0.9501487 1.113121 1.107986 1.260398 1.274885 1.291127 0.9640768 0.7748016 0.6971814 0.8751328 0.7409443 0.9651379 1.010323 0.901799 0.5550612 0.5338094 0.460379 0.3155536 0.3350455 0.1689914 0.04573157 0.2887366 0.5204265 0.5812513 1.008081 1.253144 1.558756 1.717627 2.034691 1.86755 1.752684 1.594534 1.586774 1.522282 1.353675 1.186499 1.044252 0.538472 0.01679497 0.6759715 1.321528 1.863245 2.206476 2.111837 1.733345 1.445234 1.348557 1.308481 
0.5911989 0.654358 0.7595347 0.889125 1.020556 1.17267 1.25708 1.311317 1.337371 1.338755 1.320165 1.324391 1.252431 1.254488 1.404352 1.503383 1.427093 1.382733 1.308929 1.358041 1.190773 1.180477 1.357481 1.345901 1.179987 1.226237 0.9889528 1.009314 0.9837216 1.082392 1.15375 1.231112 1.276707 1.263007 1.270442 1.325697 1.252077 1.203386 1.20823 1.389147 1.43352 1.53655 1.472764 1.304368 1.307801 1.338124 1.420215 1.439871 1.335036 1.410954 1.175155 1.108352 1.169296 0.7235321 0.7189124 0.7930481 0.8350367 0.9274809 0.8485606 0.7868383 0.9197525 0.913505 1.085157 1.371398 1.321496 0.9688085 1.106984 0.794263 0.836193 0.9174828 0.8850206 0.9809683 0.9882784 0.9270478 0.5600953 0.5482382 0.4729368 0.3156058 0.3467489 0.1854226 0.1077307 0.4785953 0.6899567 0.834155 1.016295 1.235322 1.607819 1.772845 1.883446 1.652685 1.830656 1.783576 1.723785 1.501512 1.294039 1.094346 0.9349189 0.7655352 0.5394873 0.8054847 1.25219 1.575631 1.771972 1.76399 1.61043 1.437056 1.307245 1.217955 
0.3846958 0.4475622 0.5720907 0.7336581 0.8995215 1.078315 1.18845 1.263135 1.307083 1.282958 1.287038 1.283585 1.317562 1.324062 1.457232 1.495126 1.368761 1.351992 1.397559 1.215269 1.201251 1.184987 1.373592 1.366478 1.322641 1.147987 1.060441 1.175105 1.146451 1.145801 1.14433 1.236705 1.267568 1.286862 1.252324 1.302618 1.222313 1.194633 1.228552 1.414683 1.446046 1.534182 1.396948 1.276477 1.2997 1.421081 1.481281 1.553652 1.245057 1.448174 1.209192 1.111363 1.239679 0.6872728 0.7198055 0.8206306 0.7760458 0.9662184 0.9257712 1.030524 0.9064885 0.8824059 1.075104 1.403427 1.343604 1.01185 1.112244 0.7351978 0.9134379 0.8864455 0.9105548 0.9936783 1.044375 0.8724797 0.5620077 0.485753 0.4744635 0.3808369 0.354849 0.2602901 0.1259095 0.5445564 0.7649638 0.9065481 1.038595 1.363207 1.555262 1.804349 1.824571 1.807059 1.858759 1.840799 1.773098 1.487299 1.422377 1.048298 1.104094 1.056189 0.9937088 1.025567 1.258637 1.418407 1.525436 1.516698 1.409205 1.250289 1.093689 0.9910691 
0.1889287 0.2483514 0.3898104 0.5818859 0.8101837 0.9866906 1.121764 1.216244 1.232199 1.267579 1.286697 1.297637 1.308265 1.357132 1.486696 1.500363 1.343341 1.33543 1.141076 1.218021 1.20283 1.391319 1.389911 1.383949 1.347238 1.302225 1.284119 1.269845 1.276315 1.058043 1.197365 1.241964 1.275128 1.236624 1.238966 1.29091 1.203766 1.186916 1.308011 1.430817 1.103562 1.532563 1.083056 1.262289 1.299875 1.476214 1.564906 1.627349 1.192539 1.448445 1.138057 1.112372 1.020508 0.6944928 0.7147151 0.8029051 0.8126189 0.9812933 0.9566587 1.068442 0.9024865 0.8651184 0.7924067 1.413656 1.074679 1.146097 1.113245 0.7361237 0.9318985 0.896412 0.9160057 1.060172 1.047338 0.944108 0.7707568 0.4873986 0.4750831 0.3841445 0.3614479 0.2715849 0.1380916 0.5860069 0.8108642 0.9521773 1.050792 1.367319 1.477374 1.783149 1.778106 1.896193 1.983332 1.869001 1.794221 1.477753 1.41789 1.18183 1.169598 1.198859 1.228642 1.148519 1.264247 1.320842 1.359108 1.311444 1.167111 0.9401229 0.7091206 0.6100013 
0.04905213 0.1033651 0.2533063 0.4827694 0.7108451 0.9092932 1.063035 1.130004 1.202684 1.249841 1.279767 1.299685 1.315441 1.374988 1.507344 1.509182 1.332011 1.142873 1.222439 1.213528 1.200559 1.407066 1.405535 1.345891 1.371083 1.337133 1.331554 1.329092 1.33282 1.076127 1.209768 1.246376 1.219862 1.229748 1.227804 1.279469 1.192222 1.181059 1.169892 1.653605 1.10765 1.129037 1.068246 1.254457 1.301883 1.457844 1.61623 1.676474 1.447077 1.454866 1.131096 1.113634 1.037214 0.6961278 0.7795964 0.7249839 0.8695678 0.9884382 1.036788 1.093149 1.093081 0.8551469 0.7831248 1.205358 1.074443 1.070655 1.11513 0.7369505 0.8776597 0.9020319 0.9169399 1.063597 1.050909 0.952599 0.7812654 0.4878183 0.5457658 0.3870286 0.2969693 0.2133879 0.2116188 0.4352345 0.7940776 0.9824438 1.057725 1.312417 1.395879 1.704624 1.746042 1.880028 1.982266 1.874963 1.809341 1.480058 1.423527 1.195252 1.174388 1.305803 1.165076 1.203851 1.257195 1.248531 1.233279 1.137238 0.9286259 0.6003514 0.2733586 0.1940677 
1.041718e-031 0.0500156 0.1962763 0.4222944 0.6529006 0.8571523 0.9797682 1.094948 1.175979 1.231304 1.26869 1.294541 1.313554 1.328078 1.383019 1.519458 1.327326 1.123994 1.216075 1.208163 1.197224 1.420452 1.419938 1.356364 1.392358 1.365268 1.365244 1.369394 1.11179 1.189265 1.219997 1.249335 1.21544 1.222502 1.218857 1.271761 1.184776 1.034541 1.246232 1.308643 1.10953 1.12154 1.0574 1.250092 1.304205 1.479221 1.881489 1.711128 1.207546 1.203481 1.12808 1.332378 0.8290963 0.6956062 0.7771415 0.786182 0.9336634 0.992336 1.049135 1.109689 1.172126 0.8491163 0.7766055 0.7681888 0.9981498 1.066613 1.117561 0.7376542 0.8857056 0.8352455 0.9167578 0.9945258 1.05407 0.9592564 0.7889938 0.4128011 0.4757712 0.3893029 0.2993019 0.2210436 0.2898184 0.4504014 0.8219106 1.177809 1.061998 1.308954 1.561921 1.684259 1.723789 1.863779 1.980505 1.871258 1.819696 1.75326 1.249087 1.211365 1.210306 1.372832 1.206857 1.223505 1.240248 1.190675 1.139243 1.010685 0.7699143 0.4130236 0.07820868 0.01804543 
