rasters-batsmen/shikhardhawan.asc
ncols         108
nrows         21
xllcorner     -3.075
yllcorner     -1.575
cellsize      0.15
NODATA_value  -9999
[rows 0 to 20 of 21, columns 0 to 61 of 108]
9.913875e-008 0.1601683 0.5689756 1.058044 1.464424 1.740078 1.895523 1.959727 2.007642 1.964 1.91621 2.187068 2.043391 2.153277 2.028769 2.069673 2.082154 1.682518 1.883339 1.723429 1.47199 1.34552 1.258996 1.073625 1.081032 1.123159 1.084041 0.9700812 0.9374005 0.8425391 1.086876 1.182599 1.423628 1.48383 1.547344 1.768463 1.760595 1.701952 1.57165 1.52004 1.259994 0.7722267 0.7407252 0.4227926 0.3413164 0.4401563 0.4269481 0.5510408 0.6463142 0.8713576 1.127523 1.287672 1.76896 1.746673 1.639831 1.366258 1.576257 1.378539 1.217013 1.501843 1.575844 1.562056
0.156613 0.3386804 0.7862808 1.303813 1.677815 1.950414 2.081921 2.101205 2.093183 2.002026 2.012525 2.137553 2.090753 2.092233 2.040866 2.061363 2.097584 1.742726 1.908994 1.740552 1.478194 1.36079 1.209642 1.027895 1.036602 1.101763 1.124898 1.020788 0.9615282 1.042822 1.008547 1.06881 1.499086 1.450087 1.525511 1.747241 1.744114 1.684813 1.558107 1.493795 1.229156 0.7584195 0.5006564 0.4302626 0.3470004 0.428076 0.573516 0.6147425 0.5509738 0.8240219 0.8891447 1.30075 1.722129 1.753486 1.6543 1.300975 1.704316 1.320069 1.125079 1.516569 1.637049 1.623007
0.5563143 0.7586032 1.161366 1.631659 2.039818 2.311226 2.356683 2.301851 2.199662 2.034081 2.166149 1.869878 2.008332 1.99954 1.971511 2.000637 2.115546 2.045022 1.946484 1.768462 1.502432 1.423321 1.133711 0.9548303 0.9711621 1.079837 1.096694 1.026 0.897756 0.851742 0.8796754 1.002526 1.346026 1.407117 1.472218 1.716898 1.781391 1.660307 1.427383 1.482536 1.00056 0.7417342 0.5103112 0.5268776 0.4011426 0.4137998 0.5469669 0.5517635 0.4762388 0.5836719 0.88717 1.271861 1.686957 1.766677 1.671296 1.240623 1.623372 1.155734 1.035687 1.483829 1.77642 1.670753
0.9749744 1.191567 1.549653 1.986416 2.413541 2.72645 2.810491 2.643043 2.494014 2.276997 2.090663 1.975105 1.899326 1.788712 1.818962 1.927129 2.15801 2.146121 1.984156 1.79984 1.545742 1.356552 1.045504 0.8474784 0.7972389 1.059008 1.158061 1.112428 0.8028201 0.5151963 0.6016136 1.047951 1.310336 1.288063 1.307294 1.662131 1.77195 1.479601 1.453983 1.315291 0.9148172 0.5699666 0.5327606 0.4970021 0.4963315 0.5374342 0.5294254 0.4193909 0.3849694 0.511301 0.8960647 1.547702 1.706892 1.752358 1.673143 1.253725 1.253833 0.8317009 0.6839766 1.686212 2.266989 1.424358
1.115736 1.464342 1.811755 2.266119 2.783949 3.248596 3.382328 3.013963 2.476354 2.202976 1.961908 1.848087 1.776129 1.617782 1.458335 1.748003 2.275508 2.448571 1.952362 1.832792 1.620891 1.217476 0.9296376 0.7606391 0.6249408 1.027158 1.306623 1.285054 0.7503566 0.002125383 0.4776026 0.862781 1.313703 0.9455951 0.7742254 1.635166 1.68704 1.164213 1.363032 0.7935817 0.6632628 0.6240844 0.5974753 0.5509787 0.2379517 0.5444987 0.5946995 0.3729604 0.0326169 0.5617712 1.075452 1.179838 1.85305 1.792664 1.57369 1.60256 1.272944 0.7251062 0.189879 1.319876 2.634917 2.469433
1.162194 1.393768 1.883078 2.380217 2.999811 3.666193 3.938377 3.313753 2.499098 2.029543 1.744161 1.653842 1.741123 1.538119 1.065207 1.545763 2.543544 3.422975 1.867765 1.728748 1.61854 1.16139 0.8146943 0.2606165 0.3341556 1.099837 1.544291 1.45362 1.2719 0.7922545 0.8388808 0.8860668 1.334268 1.252647 1.042992 1.779632 2.127421 1.778998 2.563864 0.9457739 0.8277702 0.85341 0.7849066 0.7668701 0.6386277 0.8248833 0.6679518 0.1801093 0.3114437 0.8563159 1.024863 1.331697 2.016527 1.835905 1.68971 1.650536 1.134036 0.665367 0.7667053 1.109227 1.766991 1.681155
1.00671 1.228198 1.620281 2.156932 2.795249 3.492466 3.709876 3.103785 2.279047 1.617606 1.273705 1.250335 1.313777 1.586352 1.771417 2.196015 2.65098 3.257082 2.636073 1.840869 1.53066 1.094077 0.4308618 0.08723463 0.5017524 1.223812 1.99232 2.443209 1.650975 1.214336 0.8811249 0.7938668 0.8466091 2.093932 3.390444 1.906356 1.779905 2.370532 2.413623 1.668008 0.8814667 0.9980593 0.6904837 0.6913782 0.7349454 0.5604377 0.9873618 0.9937686 0.5564955 0.8056022 1.061894 0.9675852 3.35639 1.735007 0.7117443 1.847688 2.440429 0.8702842 1.078981 1.021649 2.712767 0.7491408
0.6671759 0.8532631 1.293132 1.868709 2.422961 2.830658 2.916253 2.738245 2.215938 1.169944 0.5415965 0.917438 0.6129864 1.467371 2.431123 2.961904 2.48743 2.584985 2.779589 2.06212 1.364869 1.165715 0.6539031 0.4980679 0.6996216 1.010562 1.649978 1.917208 2.096917 1.210666 0.8340093 0.9325611 1.173047 2.218701 1.974609 0.6316513 0.9044237 1.936057 0.9290324 0.4909718 0.7797037 0.6522561 0.69017 0.07849155 1.822663 1.139397 1.550904 0.8097147 0.88409 0.9000099 1.757465 0.9387823 1.836736 2.237925 1.302763 3.983883 1.326877 0.09914887 1.607885 1.985382 2.691957 0.484797
0.2532518 0.3786607 0.8880649 1.54212 2.07759 2.4247 2.738907 2.962537 3.108299 1.456623 0.2324276 0.9247264 0.9012473 1.779697 2.878166 3.958375 2.216257 2.401846 3.461726 1.470414 0.5850006 1.444125 1.050263 0.8800963 0.9414694 1.069682 1.295028 1.418123 3.573355 1.360358 0.9573558 0.5440198 1.34099 1.64786 1.148434 1.186903 1.706188 1.173412 0.6953554 0.5016842 0.7820901 0.838167 0.194409 0.4847377 1.744905 2.116612 1.0023 0.8280852 1.165588 2.017127 2.483747 1.648885 1.209493 0.6467851 2.097844 0.5059793 1.738458 1.167633 3.883467 1.739532 1.10568 5.421121
0.02571018 0.1075913 0.6385313 1.317015 1.854994 2.225553 2.676399 3.213029 3.951454 2.616437 1.41275 1.342716 1.578579 1.853351 2.556744 4.428501 4.508148 2.844643 2.605584 1.553699 1.351915 3.236267 1.070077 1.030167 0.9086093 0.96556 0.8658911 1.007569 1.424385 1.118271 0.4227643 0.7333258 0.9010071 0.158364 0.984766 1.681816 3.039816 2.313618 1.023557 0.8654603 0.9165792 1.028215 1.470838 1.611974 1.963322 0.352008 0.9651108 0.9775608 0.7951128 0.6415826 0.9324635 1.455598 1.00184 0.7890053 1.203937 0.7639472 1.519067 0.9076562 1.439456 2.17926 1.728023 1.393294
0.1490564 0.2390399 0.6724555 1.228635 1.695319 2.222866 2.491444 2.793457 2.91246 2.257372 1.627548 1.499043 1.697958 1.965084 1.926874 2.193601 2.688188 2.436167 2.266653 1.881694 2.105301 1.705292 0.7614378 1.311965 0.7496702 0.8768831 0.3379565 0.448555 0.006869999 0.8017607 0.6128699 0.3285736 0.7923326 1.237332 0.90581 1.453429 1.959163 2.000102 1.027969 0.6420217 0.9581136 3.327347 2.145318 0.5936365 0.2887611 0.7409345 0.6843941 1.064052 0.4734294 1.967566 1.030755 1.070023 0.3180473 0.7100179 1.159543 1.056733 1.715021 0.9079105 0.9201342 0.7058455 1.214499 1.263694
0.4534897 0.5613616 0.867938 1.257314 1.63473 1.893246 2.241765 2.309535 2.167557 1.714299 1.197402 1.255099 1.596457 1.725799 1.247866 0.1479584 1.167353 1.69754 1.899674 1.907844 1.701858 1.528289 1.366267 1.577497 1.854853 1.168812 0.6421784 0.1143947 0.6729767 0.7506123 0.570883 0.7612593 0.7717907 0.8944877 1.968641 0.6788573 0.7278178 0.781023 1.50217 0.8080851 0.567092 0.4423922 0.5241871 1.446238 0.7801601 0.8970257 1.231781 1.724335 0.9846151 1.710205 1.079336 1.168333 0.605063 3.369086 3.095875 1.059972 2.595467 1.417798 1.807832 1.578958 1.344607 1.354027
0.7224799 0.8284999 1.036948 1.294347 1.561839 1.739623 1.876591 1.861689 1.88906 1.532809 1.132631 1.204993 1.490298 1.518345 1.277651 1.066695 1.028224 1.433388 1.714136 1.839645 1.573628 1.460046 1.484417 1.439996 3.21111 1.481395 0.9846676 0.7336329 0.9950683 1.221326 0.9739642 0.8827249 0.1091534 0.7135759 1.020603 0.5699833 0.3805264 0.3490256 0.5015599 0.7095547 0.09116725 0.1775219 0.04549542 0.824491 0.2892423 0.0837616 2.264647 2.710997 1.001176 1.051414 0.1792577 0.6441078 1.82945 0.7050971 1.216815 0.9168923 0.3927843 0.2671448 0.2433886 1.141449 0.6826589 0.9265161
0.8037299 0.8925067 1.031039 1.329471 1.381324 1.498944 1.561116 1.776412 1.807109 1.602714 1.388361 1.405512 1.495907 1.49179 1.400792 1.296534 1.347045 1.480901 1.664366 1.743995 1.3244 1.432591 1.466665 1.583057 1.356166 1.201991 1.170723 1.470855 2.515544 3.241776 1.495322 1.054965 0.7366739 0.7459638 0.6909135 0.3609074 0.1949142 0.405057 0.5775446 0.5606006 0.2726068 0.2743108 0.4696199 0.5781802 0.4788793 0.9441781 1.72924 1.98306 1.361754 0.7893457 0.879822 1.373502 1.405719 1.123085 1.340861 1.215362 1.164489 1.144281 0.7338178 0.6930465 0.5407766 0.1989695
0.842983 0.9202427 1.061329 1.182523 1.298104 1.387724 1.436192 1.435517 1.637119 1.68935 1.530108 1.520511 1.534281 1.519189 1.485496 1.447883 1.572423 1.587549 1.644585 1.708062 1.274738 1.353102 1.265593 0.9457228 0.0854653 0.5046943 1.142011 1.730154 2.58283 2.988576 1.752903 1.320786 1.016927 0.730134 0.6720182 0.6104199 0.6211709 0.8263975 1.193979 1.108627 0.7580754 0.6496361 0.5051739 0.5873338 0.7862351 1.287751 1.683605 1.708372 1.467573 1.032338 1.477465 3.288886 2.836081 1.302347 1.326175 1.400098 1.00652 0.9722831 0.9766313 0.5896049 0.5901288 0.5802742
0.7925277 0.862706 0.9912627 1.100408 1.204892 1.287897 1.338077 1.351541 1.441975 1.747516 1.598873 1.581214 1.572999 1.557462 1.547114 1.538902 1.707273 1.471053 1.661271 1.688261 1.228294 1.276139 1.128405 0.9475823 0.5270419 0.6979595 1.143956 1.588198 1.907266 1.886377 1.656166 1.378072 1.142478 0.9880185 0.8822595 0.8605278 1.082771 1.647282 2.791682 2.397123 1.397891 0.9617389 0.6410586 0.6035756 0.9358713 1.37335 1.624142 1.615219 1.75722 1.377736 1.53806 2.761847 2.590655 1.681147 1.066016 1.086754 0.8803602 0.9085982 0.7573072 0.5948662 0.6414289 0.8692034
0.6609274 0.7569997 0.8614459 0.9825271 1.097846 1.190525 1.251924 1.280928 1.408105 1.606445 1.637515 1.619484 1.606741 1.593913 1.592487 1.769186 1.742339 1.712503 1.674884 1.463084 1.194017 1.234433 1.285609 0.9809657 0.9036265 0.9849975 1.20425 1.458912 1.519494 1.402989 1.256325 1.320237 1.193277 1.260311 1.013251 1.088734 1.424819 2.290594 3.748316 3.253553 1.832483 1.308127 0.8662164 0.7797918 0.9884005 1.412964 1.595047 1.582151 1.810687 1.512628 1.419924 1.967783 2.135609 1.638837 1.413847 1.415032 0.836634 0.8820053 0.688415 0.3245414 0.6693181 0.7312382
0.4825707 0.5531983 0.6816961 0.8345807 0.9779823 1.092198 1.171027 1.326203 1.372213 1.598966 1.606053 1.647198 1.635122 1.625249 1.810155 1.875614 1.778175 1.512263 1.574553 1.45672 1.173294 1.378532 1.280348 1.079096 1.072952 1.129328 1.247081 1.381897 1.378199 1.166387 1.09943 1.346133 1.420151 1.363289 1.312895 1.234308 1.497953 2.110554 2.763749 2.466378 1.785995 1.437339 0.9855328 0.8733258 1.300095 1.433904 1.581053 1.65684 1.769428 1.519521 1.296832 1.981988 1.666969 1.558946 1.428952 1.316831 0.8116989 0.8683891 0.6840533 0.7045399 0.6120459 0.7558673
0.2496325 0.3219436 0.4814217 0.6758072 0.8553846 0.9963054 1.094865 1.274913 1.334814 1.583053 1.601774 1.61335 1.658724 1.651284 1.853556 1.694655 1.747996 1.524224 1.583659 1.455664 1.162374 1.395586 1.373775 1.14014 1.155028 1.19718 1.266718 1.336921 1.220498 1.21349 1.056355 1.585128 1.262826 1.438498 1.156059 1.070341 1.445392 1.77474 1.984743 1.844113 1.484198 1.37114 1.042228 1.223336 1.369499 1.158901 1.57988 1.660278 1.773424 1.504705 1.212852 1.886621 1.549614 1.496132 1.421159 1.336663 1.115343 0.8603851 0.6807044 0.7192355 0.710096 0.7676342
0.06604175 0.1363202 0.3167064 0.5417674 0.7494705 0.9120904 1.124715 1.226681 1.297907 1.562486 1.591401 1.610593 1.678321 1.672726 1.663017 1.706722 1.765956 1.532793 1.652663 1.579562 1.397884 1.354313 1.408064 1.177364 1.143966 1.228979 1.215467 1.252722 1.157162 1.145169 1.247025 1.317064 1.292784 1.421997 1.201825 1.237573 1.35204 1.534453 1.601711 1.471804 1.264044 1.309609 1.119958 1.268048 1.419465 1.398336 1.594515 1.661059 1.770025 1.485986 1.156297 1.547591 1.26465 1.164033 1.333802 1.490831 1.129179 0.7027281 0.6015621 0.6506843 0.7283235 0.7734758
1.376676e-031 0.0647549 0.2415265 0.4674549 0.68017 0.850014 1.075205 1.185176 1.264096 1.540499 1.577785 1.603649 1.622422 1.690396 1.727766 1.901751 1.779645 1.660857 1.659935 1.586369 1.412184 1.368092 1.37291 1.199942 1.162897 1.243533 1.20977 1.229873 1.178196 1.098974 1.229355 1.312294 1.311631 1.252385 1.220244 1.222891 1.266981 1.377069 1.26612 1.252838 1.106864 1.243588 1.109322 1.290944 1.453092 1.427562 1.530023 1.659595 1.689923 1.469049 1.188943 1.285034 1.215675 1.42116 1.317303 1.492552 1.137176 1.012959 0.5991663 0.5759715 0.7397571 0.7751572
