rasters-batsmen/stevesmith.asc
ncols         108
nrows         21
xllcorner     -3.075
yllcorner     -1.575
cellsize      0.15
NODATA_value  -9999
[rows 0 to 20 of 21, columns 0 to 61 of 108]
4.41873e-008 0.06634924 0.2288412 0.4119032 0.5767742 0.6245431 0.7314469 0.7797006 1.002059 1.022589 1.079624 1.315909 1.300362 1.937233 2.002821 1.920981 2.055111 2.176271 2.14277 2.340854 2.087349 2.128737 2.189829 2.096357 2.34096 2.242911 2.311089 2.178557 2.076991 1.982452 1.904328 1.744961 1.910385 1.444005 1.259289 0.8598549 0.7858086 0.7123805 0.8259808 1.121537 1.251343 1.421137 1.584077 1.804506 2.34518 2.36519 2.401315 2.358538 2.036564 1.934185 2.020511 2.034534 1.563206 1.221151 0.8187349 0.789143 0.4770252 0.5679765 0.7340143 0.8072822 0.9652094 0.9715954
0.06843295 0.1348067 0.2847686 0.45004 0.6024762 0.738738 0.752007 0.8040503 0.8753384 1.106006 1.111348 1.156609 1.329845 2.006082 2.003542 1.921632 1.877767 2.129076 2.080251 2.249412 2.004134 2.051512 2.128166 2.227132 2.331167 2.266759 2.355295 2.066087 2.082843 2.099702 1.932827 1.749299 1.562816 1.417724 1.22891 0.8513268 0.7792341 0.7085857 0.8138921 1.036451 1.178722 1.428771 1.595171 1.815092 2.332055 2.354676 2.649374 2.360171 2.11965 1.946884 2.028407 2.029421 1.556852 1.213432 0.8079365 0.7729322 0.7703363 0.5692118 0.8137515 0.8124009 0.9597867 0.9644932
0.2248917 0.2728172 0.3737402 0.4986695 0.6323735 0.7633748 0.7774189 0.8318766 0.9071987 0.9654649 1.209165 1.196708 1.484811 2.01506 2.007493 1.977671 1.867761 2.075296 2.00288 1.857772 1.890589 1.944065 2.042629 2.178838 2.320746 2.303971 2.42329 2.386408 2.230369 2.222347 1.967097 1.810018 1.537154 1.189709 1.188172 0.8394644 0.7704941 0.7040585 0.6477022 0.8706021 1.176914 1.436901 1.609254 1.829721 2.314638 2.338972 2.618163 2.550205 2.142273 2.097725 2.040542 2.358566 1.548075 1.201673 0.7915912 0.7504829 0.766487 0.5715064 0.8157802 0.8909936 0.9533823 0.9547589
0.3207651 0.3422929 0.3985148 0.5061707 0.644772 0.784471 0.9095439 1.01937 1.118341 1.216698 1.244265 1.299157 1.892687 2.092967 2.018728 1.981182 1.862287 1.894203 1.907483 1.735146 1.731118 1.788672 1.920737 2.10967 2.309325 2.360188 2.377571 2.364602 2.399773 2.294613 2.004805 1.793975 1.498463 1.144258 0.9515474 0.8210475 0.7583553 0.6989633 0.6473884 0.8606312 1.168215 1.444944 1.627802 1.793738 2.291363 2.313372 2.30362 2.540197 2.161919 2.129882 2.391471 1.964269 1.788523 1.1826 0.7662379 0.379321 0.7630212 0.7220196 0.8197555 0.8955488 0.8136356 0.9411296
0.3111152 0.2666627 0.2998368 0.4471847 0.6368917 0.8046385 0.9372799 1.046494 0.9757255 1.239318 1.332242 1.399729 1.917564 2.115253 2.040402 1.995866 1.867126 1.741026 1.69056 1.530959 1.507469 1.551948 1.743738 2.015433 2.292596 2.437589 2.613957 2.613205 2.566504 2.433707 2.031248 1.760975 1.443422 1.143021 0.8022018 0.7916887 0.6777661 0.8352526 0.648243 0.9878938 1.002832 1.45135 1.908915 1.829087 2.261497 2.266268 2.272501 2.525057 2.180629 2.22578 2.419131 1.86091 1.760585 1.149264 0.6632039 0.5792238 0.7608253 0.723979 0.9674079 0.9765087 0.8954304 0.7791616
0.2430203 0.098581 0.116125 0.3621642 0.6407483 0.8387565 0.9700144 1.07098 1.168021 1.258618 1.35505 1.437986 1.782465 1.975508 2.075756 2.157155 2.043941 1.731376 1.588706 1.262104 1.16127 1.161777 1.492158 1.90238 2.243827 2.50847 2.908944 3.109972 2.831264 2.439928 2.055372 1.428133 1.221907 0.8508355 0.7559765 0.7386504 0.656239 0.8249529 0.5086603 0.68941 0.9763091 1.306989 1.945318 1.894356 1.999957 2.065689 2.162419 2.411968 1.99245 2.214603 2.463163 1.91218 1.715131 1.085819 0.6024452 0.5681253 0.7615598 1.005469 0.9591786 0.982775 0.9113216 0.7828814
0.2433974 0.05369869 0.06452965 0.3886985 0.7104262 0.898137 1.00422 1.085163 1.178939 1.434262 1.573046 1.701298 2.072466 2.036278 2.178358 2.199924 2.082405 1.890014 1.433186 0.9574074 0.6539999 0.4192342 1.227611 1.818716 2.10021 2.567206 3.219993 3.894313 3.076319 2.375145 1.967787 1.370644 1.167042 0.8160189 0.7124131 0.6318812 0.6200742 0.8197885 0.523226 0.6955673 1.060638 1.433514 1.8373 2.074311 2.059868 2.025866 2.085951 2.239107 2.061668 2.331707 2.481938 2.017994 1.627168 0.9476439 0.2663487 0.5584552 0.8882713 0.9910713 0.947395 0.8578995 0.9372926 0.7831844
0.3815137 0.2759246 0.3339752 0.6079364 0.8436209 0.9637187 1.023366 1.075224 1.167929 1.437326 1.79071 1.795416 2.136133 2.132558 2.246415 2.257411 2.145151 1.985468 1.611231 0.6066123 0.2852438 0.3707488 1.371111 1.83706 1.543166 1.804446 2.844963 3.353209 2.737468 2.060292 1.650621 1.344316 1.168641 0.6747959 0.6373304 0.3923109 0.56387 0.7904449 0.7913775 0.7072741 1.027569 1.415639 1.989715 2.827196 2.119256 1.965292 2.352473 2.58967 2.1668 2.273669 2.790008 2.524772 1.338461 0.6643341 0.2384687 0.620859 0.8676232 0.8848175 0.9330891 0.958479 0.9762198 0.7941206
0.5717921 0.5648431 0.6532711 0.8315333 0.9548653 0.9999806 1.01258 1.057455 1.157169 1.458229 1.817131 2.004167 2.257198 2.292289 2.389842 2.320502 2.178656 2.063047 2.008835 1.593792 1.816656 2.559318 2.079237 1.891364 0.7990662 0.9190697 2.917642 2.942434 2.417599 1.742726 1.080884 1.336392 1.266968 0.8158442 0.5789028 0.08694997 0.6180109 0.9261264 0.7311692 0.7503005 0.8988477 1.260137 1.786679 1.796122 1.098634 1.921695 2.733124 4.044763 2.266658 2.076627 3.810121 1.029332 0.9131613 0.2340721 0.207443 0.6789545 0.7575128 0.7381709 0.8710365 0.9958792 1.044043 0.9048985
0.6438783 0.7455299 0.8208722 0.9235579 0.9952897 1.00373 1.018036 1.070418 1.27108 1.485763 1.756244 1.929626 2.467873 2.609096 2.564658 2.428502 2.161113 1.657813 2.23387 2.658179 3.307129 3.757835 2.577379 2.421216 2.086154 2.219755 4.908635 3.387571 2.215951 2.218502 1.410394 1.377264 1.448183 1.327224 0.9956456 0.8170053 1.328667 1.466273 0.2939351 1.618678 0.4657584 1.829942 1.741174 1.058643 2.285193 2.331141 2.555346 2.867886 1.414452 1.316347 2.284073 3.866037 1.98271 0.3800095 0.6091903 0.7687719 1.19545 1.004094 0.8779163 0.986501 1.147497 1.206023
0.7365215 0.753537 0.8150507 0.9424279 0.9985591 1.020589 1.067544 1.142412 1.382356 1.568787 1.903476 2.008596 2.464998 2.831272 3.106501 2.58721 2.132094 2.042221 3.972319 3.250847 3.614624 3.744434 2.682434 2.506212 3.596463 2.286479 1.996893 1.412888 1.346519 2.211806 1.405208 1.061791 1.279566 1.52512 1.102634 1.142809 0.720435 1.500967 0.8179048 0.9200651 1.326356 1.915701 1.479337 1.929925 1.603529 1.563057 2.020458 1.164673 0.8907428 1.394096 5.900844 4.090407 1.456513 0.3873667 0.502282 1.26584 1.11087 1.191058 0.7312414 0.9420946 1.349686 0.3560874
0.7611002 0.7810146 0.8153304 0.8697157 0.9360045 1.034162 1.094912 1.206946 1.462575 1.755044 1.94499 2.11205 2.338214 2.95641 3.955675 2.692731 1.2401 2.429729 4.417484 3.973308 3.325783 3.213798 2.069163 1.513513 3.312332 2.361302 1.145145 0.6790187 0.9660226 1.157778 1.273244 1.248856 1.3387 1.270116 1.153921 3.112466 0.9789069 1.228812 1.3685 1.514397 1.095845 1.178324 1.210724 1.872914 1.587108 0.8738115 1.036052 1.129472 0.6706691 1.237486 0.4874335 1.929641 0.7627081 2.46728 0.2842706 1.267322 0.8920207 0.3413903 0.7066284 0.59418 1.737818 1.49126
0.7524628 0.7445439 0.7359239 0.7653007 0.8736277 1.006919 1.042468 1.226719 1.468348 1.757418 1.969083 2.069927 2.222834 2.453739 2.355389 2.00814 0.7997036 2.09845 4.767314 4.156344 3.152027 2.948827 2.016638 1.826918 2.281327 2.173468 1.119212 0.6078467 0.9829046 1.499696 1.767187 1.260683 1.049484 1.183125 1.444375 1.271634 1.653907 1.33877 1.037048 1.02637 1.714254 3.511871 1.151489 1.286679 3.018618 1.222703 1.275617 1.821525 1.245456 1.503616 2.128546 1.465465 3.010145 0.775927 0.8032687 1.024429 0.8347416 0.7676609 0.419939 1.255215 1.321952 0.7251891
0.7294889 0.6897445 0.6074832 0.5303466 0.704937 0.9624155 1.04764 1.248456 1.27174 1.545201 1.996274 2.040749 2.236269 2.210809 1.579935 2.131299 1.772037 1.539844 3.404615 3.343312 3.047636 2.610985 2.223194 1.954324 1.831394 1.549773 1.105488 0.910542 1.632183 2.62931 1.38274 1.56505 2.294954 1.240012 1.876385 1.100404 3.051697 2.308297 0.205731 0.7151511 0.8094442 1.602182 2.366363 1.563048 1.422244 0.4363868 2.292574 3.68032 0.947131 1.268757 2.318136 1.277651 1.1413 0.8240355 1.052376 1.481522 1.658261 0.8512329 0.9223039 1.100161 1.155981 0.8853729
0.7137386 0.6742338 0.5682051 0.1158472 0.4432007 0.8610375 1.10317 1.350634 1.192393 1.593894 2.238959 2.16665 2.187572 2.445917 2.908786 3.892707 2.575789 1.791884 2.834386 3.084153 2.755068 2.793067 1.970902 1.684441 1.14564 1.193183 0.930199 0.8693798 1.062707 0.9014545 0.9930427 1.487078 3.919013 1.529568 1.509579 1.507708 3.491111 1.887242 0.6275246 0.5904735 0.7835552 0.9844316 2.011817 3.598162 2.14654 1.097248 1.810772 2.087815 0.05685712 0.4304999 1.1269 0.863355 0.1228475 0.9744917 1.244138 0.9691901 0.4002373 1.496912 2.117515 1.656719 0.4324762 0.9024273
0.7071646 0.7080255 0.7661425 0.9422815 0.6139925 0.9125099 1.227328 1.559724 1.989832 3.39761 3.321944 2.268392 2.13994 2.56623 3.361212 3.531333 3.063862 3.778485 3.292517 3.029989 2.672431 2.619923 1.962492 1.618495 1.280376 0.8461761 0.07094408 0.4865574 0.7422416 0.4930447 0.4768321 1.516564 1.016941 2.128717 1.656744 2.977425 2.920861 2.699483 1.345101 0.7992318 0.5176519 0.7349909 1.981355 2.243178 3.704977 1.213277 1.346749 1.868894 5.40977 1.913599 1.22717 1.53295 0.8559795 1.569902 1.38104 1.063702 0.4604902 1.117842 0.1198769 1.138327 1.032746 0.6620156
0.6798116 0.7136941 0.7630157 0.7849497 0.7841076 1.009261 1.296661 1.651646 2.255863 3.094725 2.858449 1.649869 1.302068 2.214947 3.326553 3.605335 3.183168 3.258813 3.192575 2.951978 2.651783 2.375106 1.986086 1.465351 1.257495 0.8073925 0.4106906 0.5762886 0.7730666 0.7230158 0.6188794 1.762803 2.398972 1.641453 1.65566 2.620064 2.520013 2.289615 1.626212 1.002618 0.0504699 0.5614615 1.313329 1.740047 1.109213 1.440202 1.360731 1.604742 2.132083 0.1632017 4.361061 3.328531 2.223279 1.390915 0.8602327 0.7147502 0.8859286 1.566717 3.000489 1.001611 1.071486 1.023659
0.5873738 0.6518721 0.7245574 0.7826604 0.9229065 1.08941 1.318898 1.657655 1.914807 2.088009 1.715738 0.654046 0.1451195 1.545063 2.561179 2.938796 2.966629 3.043497 3.032098 2.898189 2.570554 2.176958 2.007311 1.623754 1.096725 0.8551826 0.6509066 0.6745337 0.8624593 0.8605733 1.054901 1.44874 1.468927 1.746539 1.681516 2.145583 1.757154 1.659255 0.9346373 0.7832878 0.4385889 0.5691485 1.001358 1.001432 1.229898 1.202866 1.317711 1.369431 1.924952 2.103334 3.48688 5.773551 3.147144 1.299923 0.1112065 0.4576794 0.8655896 1.38228 1.665961 1.474651 1.150819 1.070294
0.3870971 0.4873592 0.6349521 0.8340696 0.9670507 1.122939 1.296909 1.535393 1.592481 1.503745 1.213551 1.005936 0.8560766 1.507544 2.154099 2.497122 2.756831 2.812989 2.725237 2.669946 2.523834 2.344229 2.027743 1.593983 0.9890246 0.9106542 0.7256086 0.8986266 0.8969628 0.9612977 1.094989 1.386689 1.675262 1.78616 1.807833 2.034861 1.272547 0.4601045 0.2036027 0.7183804 0.8567623 0.6937417 0.650202 0.009018595 0.7471275 1.305653 1.192023 1.015515 1.678839 2.415661 3.192082 3.596431 2.804462 1.720011 0.829364 0.7497218 0.8794843 1.253403 1.397676 1.537097 1.258464 0.9811504
0.1234116 0.249993 0.5505681 0.7834398 0.9626866 1.118618 1.343965 1.435858 1.416751 1.231049 1.01297 1.112215 1.333868 1.664745 2.0557 2.291097 2.597609 2.682616 2.602876 2.533142 2.483116 2.341006 1.854562 1.627207 1.174303 0.9436826 0.9414977 0.9677453 0.952011 1.008866 1.10615 1.36174 1.706861 1.678112 1.746318 1.730647 1.243055 0.5699738 0.4024264 0.7445842 0.9348158 0.799678 0.5599047 0.4871932 0.7979405 1.078082 1.368205 1.479166 1.92449 2.429177 2.80723 2.760799 2.476959 1.840144 1.261455 1.403592 0.888322 1.186078 1.310636 1.535281 1.345158 1.05331
2.657316e-031 0.123367 0.450615 0.7327059 0.9408528 1.098495 1.312113 1.379603 1.363663 1.25782 1.197083 1.267275 1.515374 1.764216 2.021887 2.186058 2.491395 2.586188 2.502656 2.452761 2.436571 2.342309 1.798229 1.382916 1.193164 0.9800882 0.9913978 0.9553367 0.9877928 0.8040453 0.8633375 1.349245 1.651281 1.642512 1.476471 1.578284 1.316523 0.7655808 0.7222461 0.7298717 0.7256432 0.7660805 0.6814517 0.6122241 0.966476 1.100637 1.435984 1.722861 2.11513 2.422752 2.635952 2.732104 2.278292 1.891008 1.437351 1.353907 1.257669 1.156526 1.266512 1.277694 1.362062 1.070747
