rasters-batsmen/sureshraina.asc
ncols         108
nrows         21
xllcorner     -3.075
yllcorner     -1.575
cellsize      0.15
NODATA_value  -9999
[rows 0 to 20 of 21, columns 0 to 61 of 108]
1.832681e-007 0.2615979 0.8512375 1.32801 1.674417 1.872591 2.112229 2.280722 2.30318 2.15027 2.012395 1.963832 2.019002 2.034136 2.132113 1.955203 1.698909 1.057184 0.3949941 0.04815353 0.7376505 1.185677 1.351703 1.661243 1.750792 1.79711 1.772038 1.717833 1.516422 1.41861 1.193332 1.123446 0.9029535 0.8618802 0.9257734 0.8536329 0.9993073 0.972524 0.7625835 1.090395 0.985503 1.181555 1.403243 1.407442 1.40545 1.587373 1.540075 1.172955 1.207282 0.8698891 0.812959 0.7079322 0.7341867 0.9591641 1.051462 0.922712 0.853069 0.8355637 0.7851189 0.5481275 0.8019176 0.4940313
0.2754524 0.6014422 1.214671 1.641109 1.858365 1.996695 2.188118 2.313383 2.251923 2.17568 1.947249 1.855366 2.043829 2.154114 2.269859 2.096687 1.769371 1.313828 0.8850999 0.7770241 1.322124 1.421918 1.485505 1.752619 1.760637 1.855185 1.790885 1.727354 1.520779 1.413904 1.262856 1.123801 0.8921044 0.8461317 0.825157 1.017877 0.9848384 1.015294 0.8215328 1.071999 0.9231928 1.183782 1.406491 1.467036 1.656396 1.551059 1.519156 1.116765 1.199782 0.9144574 0.6618129 0.5659704 0.6439747 0.8611072 0.9643812 0.9113597 0.8905379 0.8512135 0.7691862 0.5271153 0.5268652 0.4979307
0.9524918 1.230685 1.775389 2.14702 2.141627 2.165508 2.417301 2.358785 2.258649 2.060592 1.585804 1.536192 2.129018 2.361994 2.475382 2.268302 1.952062 1.632652 1.548118 1.75503 1.93649 1.638488 1.610742 1.848483 1.830221 1.877639 1.718164 1.755137 1.531979 1.380996 1.25454 1.127601 0.8744067 0.823315 0.9142031 0.9134449 0.9731736 1.010837 0.9665172 1.040613 1.134559 1.177369 1.408306 1.458329 1.626644 1.428472 1.591515 1.130264 1.209798 0.9270607 0.6552594 0.2759981 0.5080625 0.8836488 0.6826366 0.8759146 0.9653712 0.885545 0.7340972 0.4792072 0.5114752 0.5086274
1.599883 1.895433 2.383653 2.658747 2.631304 2.387794 2.518026 2.413869 2.347033 2.171913 1.564279 1.523192 2.496679 2.894534 2.866849 2.429764 2.036216 1.788068 1.625859 1.773628 1.885265 1.643304 1.69771 1.988516 1.754865 1.847651 1.812568 1.726781 1.56705 1.215186 1.272988 1.140214 0.8546941 0.6557835 0.8426555 0.7816532 0.9767861 1.007067 0.9247682 1.119301 1.118989 1.169493 1.398934 1.462253 1.604631 1.307174 1.235878 1.42675 1.035902 0.9816466 0.8295676 0.3313764 0.6084374 0.6730064 0.07549365 0.8621909 1.182728 0.8944954 0.4506226 0.382973 0.4810808 0.4881791
1.997683 2.346335 2.840006 3.28556 3.178505 2.747294 2.505276 2.470096 2.401715 2.453902 2.829421 3.728204 3.106149 3.480614 3.414745 2.50673 1.979669 1.771623 1.70548 1.884434 1.929652 1.670646 1.79646 1.88604 1.74737 1.833373 1.847617 1.824071 2.063697 1.580964 1.210286 1.227042 0.7181239 0.5087391 0.1430168 0.5007284 1.061838 1.194465 0.5339605 1.06318 1.086877 1.371395 1.314466 1.447638 1.691017 0.8145791 1.003184 1.350733 0.9907639 1.109413 1.034882 1.055837 0.8074327 0.6264101 1.003458 1.496882 2.016992 0.9429561 0.3486774 0.2549378 0.4776268 0.5886753
2.134475 2.510403 3.185841 3.895955 3.629863 3.05383 2.482749 2.414652 2.331007 2.403779 2.820798 3.390904 3.244879 3.314599 3.257355 2.318445 1.831069 1.704083 1.740892 2.249184 2.19546 1.565921 1.700461 2.286406 1.878927 1.763466 1.827809 1.61378 2.32919 2.149014 0.3566608 1.768489 0.9427136 0.6139265 0.2047879 0.7177891 1.283339 1.485376 1.169701 1.115651 0.7818015 1.289132 1.003349 1.418719 1.931511 1.252362 1.506649 1.177478 0.7664356 1.021622 1.122944 1.667158 0.9475796 0.4129159 1.163091 2.200157 3.651191 0.7018639 0.3417336 0.2037776 0.4412955 1.002422
2.031413 2.368401 2.953851 3.599595 3.351867 2.85611 2.357527 2.199848 2.135742 1.871334 1.906979 2.691731 1.798186 2.322173 2.7005 2.14646 1.687893 1.644778 1.57523 2.461888 2.055113 1.179449 1.359372 3.615262 1.644965 1.374334 1.398705 1.356957 1.089077 2.036662 0.9636902 0.8851435 1.002234 0.9531602 1.064324 1.231632 1.845603 1.657862 1.107155 1.325316 1.287417 3.343428 1.411487 2.293895 3.855856 2.622854 1.495049 3.480469 1.515198 1.035471 0.6040344 1.029894 1.050149 1.477225 1.960983 1.664714 1.350778 0.4868161 0.5859321 1.028593 0.2267624 1.273836
1.743426 1.838084 2.189248 2.500825 2.467179 2.342557 2.342605 2.125704 1.974844 1.170702 0.2061209 1.801511 1.901386 2.053502 2.391634 2.146931 1.654482 2.115923 1.182646 1.143798 0.5034324 0.7918823 0.8915713 0.2849991 0.997969 1.272208 2.16469 0.9972181 0.5540573 3.976052 0.561174 0.9039652 0.368427 1.093651 1.100467 1.217124 1.362245 1.952302 1.261211 1.328827 3.613149 1.821247 1.695992 1.676004 1.04892 1.247822 0.6476496 1.964781 0.3676732 1.953801 1.345077 0.5068279 1.882602 1.907649 2.689742 0.04403294 1.461899 2.848133 1.151716 1.763773 0.3545386 0.3545388
1.386101 1.261938 1.668903 1.875888 1.857973 1.913942 2.020795 2.038652 2.171994 1.966105 1.516208 2.01669 2.133734 2.073006 2.10248 2.467654 2.74691 2.951777 2.017653 1.307148 0.9470279 0.7603744 0.6829147 0.6992004 0.9828653 1.452668 0.3175123 1.033764 1.189175 1.362195 0.7789185 0.5240499 1.295076 0.7558424 1.001973 2.352255 0.05768258 1.105199 0.9588088 0.9409176 2.89593 1.578 1.207527 1.761788 1.1982 1.631764 0.8793867 1.636358 1.860608 0.6769475 3.518151 0.9910283 1.836686 2.53281 2.978233 0.901081 0.8186918 0.6905727 0.1597468 1.54215 0.6013954 3.565123
1.322837 1.094717 1.562256 1.548582 1.316752 1.552604 1.955124 2.05685 2.449286 3.358854 3.334924 2.440868 2.001067 1.873678 1.933437 2.087096 1.648135 3.686777 1.874189 1.246209 0.9661116 0.8740021 0.9617728 0.7120371 1.06497 1.738976 0.9540477 1.200205 1.020272 0.8391603 1.90799 0.6038707 0.9792764 1.918497 0.5837701 1.017864 0.1977238 0.9363114 1.098218 1.844706 1.145336 0.796908 1.060904 0.7689337 1.263017 1.290892 3.744912 1.264591 0.8973601 1.639746 3.301445 1.122788 1.997996 1.944198 0.8182378 0.988451 3.365035 1.05386 1.053449 0.5235608 1.011867 1.972476
1.81684 1.892245 1.696083 1.166875 1.192828 1.470039 1.906997 2.16785 2.558425 3.442337 3.065422 2.214934 1.559315 1.288085 1.324008 1.523294 1.120633 1.817379 1.573187 1.124379 0.03742983 1.625256 1.241211 0.951932 0.9682425 1.019573 1.009904 1.053057 1.076797 0.8955733 1.276731 0.5198526 1.388173 1.018885 0.6686683 0.56569 0.3640559 0.3810139 0.7152397 1.176885 1.038351 1.567417 0.5852202 0.8895064 1.003615 0.7547644 0.8483992 1.287267 1.235005 1.403327 1.001588 1.676452 0.9959336 1.689587 1.68397 2.431336 1.98647 1.839314 1.475052 0.657539 0.7610718 1.862252
2.332153 2.863853 4.076762 3.484177 2.089465 1.802336 1.901577 1.964106 2.074561 1.916928 1.051384 1.586177 1.251435 1.044577 1.044797 1.241443 1.311584 1.334019 1.039776 1.374085 1.632599 3.397117 2.05316 0.9213647 0.7384192 0.968188 1.019469 0.9657511 0.9887162 1.907566 0.9488809 0.6322289 1.412689 1.211323 0.12705 0.2636719 0.7941238 0.9466468 0.9643769 1.01016 1.016184 1.543701 0.8113231 1.520126 1.34964 1.152072 0.9166142 3.245696 0.8614221 2.519251 1.239397 1.530251 1.46767 0.8913107 3.377832 1.54126 3.589093 1.435107 1.028805 1.313543 0.9931903 1.597899
2.544628 3.196969 4.614701 3.838895 1.799586 1.712647 1.739288 1.729779 1.476056 1.238986 1.439382 1.432815 1.286769 1.228531 1.133279 0.7295998 0.5087938 1.103661 1.306532 1.478825 2.268554 3.572393 2.177352 0.03260325 0.4942413 0.9306731 0.8804591 0.8911468 0.8952596 0.8292102 0.6436569 0.9010661 1.047853 0.9645138 0.4560097 0.3402097 1.157767 1.226078 0.9023309 1.278999 1.018093 0.8525878 1.36601 1.96255 0.9447293 1.963754 1.813258 2.159221 0.9900275 2.285803 2.899314 2.528371 0.7613238 3.191308 3.589382 3.103517 4.109739 1.015288 0.5101319 1.037225 1.475448 1.358702
2.418252 2.664828 2.578103 0.8388534 0.2881646 1.268017 1.603094 1.589864 1.32401 1.122254 1.313709 1.362737 1.23128 1.141046 1.010383 0.4492483 0.1856799 0.9390436 1.480904 1.672135 2.281616 3.011403 2.088561 0.9108497 0.8129166 1.039735 0.6831358 0.8550196 0.8497363 0.8387658 0.8543414 0.9277255 0.9311963 0.7718298 0.7579992 0.3358473 0.5953405 0.8917993 0.2548765 0.604889 0.9991302 1.201174 1.374908 1.864558 1.855813 1.643831 1.851477 1.938402 1.059322 2.372593 4.598432 1.614166 1.051078 1.484489 2.738983 2.588559 1.679251 1.441266 0.461257 0.988252 1.046577 1.243646
2.165018 2.169561 1.854535 1.077551 0.8143654 1.272667 1.575817 1.600725 1.484727 1.261861 1.26857 1.145329 1.068622 1.093287 1.051069 0.759607 0.7572047 1.115589 1.516132 1.605693 1.943452 2.122634 1.763904 1.29649 1.105247 1.015277 0.7149265 0.7207267 0.8352841 0.8089364 0.889455 0.9471842 0.7464654 0.7826035 0.6705087 0.5269564 0.5699762 0.7421249 0.6776471 0.743704 0.9656606 1.293394 1.351764 1.73194 1.618791 1.72544 1.597344 1.704523 1.748937 2.396516 2.943117 2.435887 2.095177 3.561549 2.631861 2.478518 1.963454 1.400761 0.6412967 0.5771946 0.205868 1.167715
1.909183 1.885576 1.728857 1.417983 1.324876 1.440736 1.564282 1.619802 1.568144 1.464824 1.227387 1.088058 1.017228 1.077119 1.118435 1.08182 1.082141 1.310403 1.519588 1.47363 1.695908 1.737551 1.639729 1.419732 1.256337 1.113081 0.8990474 0.6979088 0.8280757 0.8639019 0.9245871 0.8401505 0.7089615 0.7262167 0.6864908 0.5605009 0.5669417 0.7435669 0.843318 0.8600179 0.9750945 1.327946 1.391559 1.647868 1.550176 1.671028 1.526395 1.871043 1.940251 2.439026 2.695534 2.514339 2.109535 2.273032 2.380548 2.568259 1.996132 1.343424 0.7856813 0.4802083 0.7474042 1.324047
1.623756 1.645118 1.548397 1.503829 1.488318 1.528995 1.580539 1.597143 1.60394 1.488773 1.380613 1.138878 1.129912 1.17479 1.182918 1.091111 1.247093 1.328956 1.240302 1.399128 1.549113 1.569102 1.509312 1.436098 1.319879 1.227096 0.9274324 0.6839061 0.7638803 0.9352102 0.9453467 0.8349009 0.6895539 0.6666364 0.6463106 0.622785 0.5670096 0.7610206 0.8975333 0.8448205 1.059963 1.34603 1.428682 1.62644 1.773574 1.860862 1.553806 1.998734 2.000917 2.16748 2.074228 2.120897 1.959496 2.007281 2.301217 2.63253 2.208148 1.308268 0.8162934 0.8330868 0.9089636 1.484831
1.231682 1.237524 1.345239 1.427368 1.485287 1.53623 1.575653 1.591208 1.578206 1.512064 1.425849 1.172668 1.184835 1.253974 1.370884 1.304417 1.341062 1.180121 1.238802 1.397948 1.46149 1.475473 1.445848 1.43064 1.344739 1.264187 0.9496907 0.6754128 0.6915708 0.8863279 0.8330609 0.8287768 0.6789362 0.6654262 0.6492179 0.6311891 0.5684009 0.7751154 0.8552065 0.8619609 1.224 1.358247 1.418064 1.61443 1.708923 1.851025 1.881496 2.03888 2.022222 2.161077 2.015555 2.083741 1.902563 1.916775 1.925567 2.659492 1.847589 1.302182 0.83434 1.032342 0.9643034 1.565885
0.6586585 0.7974577 1.042119 1.256375 1.400571 1.4931 1.548733 1.575366 1.470556 1.436386 1.470009 1.190806 1.29638 1.435544 1.452968 1.082948 1.086585 1.209943 1.232659 1.360448 1.40506 1.417847 1.402628 1.420778 1.354119 1.286691 0.9660124 0.6702135 0.684134 0.8940414 0.832404 0.8248066 0.6728615 0.6656471 0.6508996 0.6366433 0.7031702 0.785397 0.8672467 0.871543 1.24961 1.367235 1.411777 1.607037 1.770407 1.842438 1.895369 2.061438 2.170468 2.157606 1.908807 2.053664 1.871244 1.94403 1.886561 2.341563 1.842317 1.51087 0.8434853 1.083933 1.04887 1.548436
0.1852536 0.3604234 0.7270216 1.061195 1.287469 1.427427 1.508714 1.499782 1.454552 1.435501 1.449516 1.115548 1.254945 1.508301 1.429195 1.121502 1.114872 1.110722 1.225186 1.334365 1.366506 1.379909 1.371931 1.347498 1.297337 1.30084 0.9776828 0.9540671 0.6789903 0.8993983 0.8314764 0.8224042 0.8090519 0.6646364 0.6520905 0.6406625 0.7110281 0.7928128 0.8750638 0.9515862 1.33879 1.233361 1.408263 1.59727 1.764848 1.681432 1.905269 2.074514 2.114262 2.154048 1.881879 2.031132 1.851634 1.918962 1.860953 2.337896 1.837032 1.525742 1.116777 1.11433 1.254141 1.57059
3.77141e-031 0.1683773 0.5533241 0.9268402 1.193714 1.364689 1.467236 1.473395 1.436838 1.430906 1.412758 1.104696 1.281533 1.279246 1.484407 1.15062 1.133555 1.115763 1.217702 1.315846 1.340026 1.352162 1.348449 1.201507 1.356941 1.310086 1.268447 0.9647809 0.6753685 0.8312887 0.8296852 0.8210427 0.8111857 0.6628639 0.6530762 0.6438017 0.7170337 0.7983803 0.8082212 0.9601784 1.204171 1.235171 1.406394 1.590051 1.760936 1.51935 1.912085 2.082154 2.119265 2.150158 1.862204 2.014242 1.837908 1.902966 1.84144 1.903628 1.833258 1.536831 1.063931 1.133166 1.143071 1.518658
