rasters-batsmen/viratkohli.asc
ncols         108
nrows         21
xllcorner     -3.075
yllcorner     -1.575
cellsize      0.15
NODATA_value  -9999
2.418564e-007 0.3476874 1.088074 1.651237 2.207218 2.424559 2.354812 2.471783 2.652416 2.335995 1.984805 2.130225 1.573191 1.182289 0.923896 0.783063 0.8614319 1.058537 1.26238 1.297854 1.402228 1.500319 1.462426 1.538754 1.874949 1.938679 1.903382 1.837391 1.572956 1.3655 0.8189504 0.6078783 0.6130738 0.6125826 0.7507783 0.8425016 0.6499268 0.7273088 0.9312074 0.9492892 0.8997273 0.7803384 1.343624 1.502932 1.013344 0.9448625 0.7358582 0.7253669 0.5770787 0.5039917 0.8195802 1.23415 1.089499 1.289714 1.377366 1.80979 2.254222 2.160654 2.221293 2.248712 2.280494 2.094694 1.789081 2.021877 2.196833 1.417004 1.457003 1.204039 1.108525 1.228128 1.31777 1.428392 1.467277 1.128904 1.170696 1.085431 1.158639 1.15233 1.120739 1.430411 1.606012 1.642596 1.546299 1.33112 1.279299 1.282892 1.274279 1.692201 1.692295 1.850839 2.161409 2.283712 1.953507 2.000532 2.283357 2.192425 2.309628 2.238741 2.176183 2.14664 2.054104 1.883775 1.665891 1.347227 0.9394792 0.5129361 0.09927627 0.02540735 
0.3866202 0.7262306 1.389261 1.975983 2.392623 2.527998 2.436913 2.548176 2.735642 2.849492 2.389888 2.136617 1.503236 0.9813478 0.7040342 0.4754612 0.6560766 0.955418 1.04227 1.295385 1.414856 1.518919 1.498421 1.654747 1.893903 1.945576 1.971415 1.63498 1.55472 1.406882 0.8707485 0.6043467 0.6735311 0.6107637 0.6786563 0.8257681 0.7759894 0.7221202 0.9284711 0.9573539 0.9156069 0.7999669 1.301507 1.42556 1.024583 0.9148974 0.7204557 0.7140008 0.5744794 0.4951324 0.7576945 1.157749 1.22576 1.288517 1.440706 1.929525 2.399003 2.29606 2.277957 2.23592 2.231247 2.053207 1.760671 2.184725 1.919897 1.430076 1.458342 1.128455 1.097913 1.069356 1.355102 1.347549 1.457254 1.14691 1.210091 1.260354 1.228006 1.2101 1.160458 1.448802 1.401908 1.621142 1.514479 1.326838 1.219656 1.295917 1.216465 1.684991 1.681275 1.768894 2.127327 2.135582 1.962366 2.024829 2.064176 2.228813 2.400943 2.291487 2.248098 2.225211 2.13222 1.957569 1.735731 1.426285 1.063521 0.6846962 0.3524443 0.2526863 
1.234185 1.45618 1.861161 2.255534 2.553194 2.759326 2.508431 2.617309 2.826642 3.045808 2.488845 2.221087 1.520039 0.8397645 0.2891318 0.1189281 0.4791891 0.9058436 1.049137 1.215832 1.439389 1.351652 1.612091 1.691857 1.983894 1.957852 1.970445 1.630897 1.524945 1.360572 0.8454348 0.600923 0.6679142 0.6102889 0.6746702 0.8033071 0.7558002 0.8396467 0.9229248 0.9719499 0.9482812 0.9388564 1.242149 1.292738 0.8788548 0.9242243 0.7036425 0.6437522 0.6397622 0.3620659 0.701074 1.041771 1.138955 1.263979 1.564408 2.11464 2.662192 2.530259 2.345279 2.16534 2.125135 1.821906 1.777439 1.891947 1.924944 1.448793 1.456284 1.060512 1.083492 1.113236 1.316113 1.318954 1.439327 1.221362 1.263566 1.254927 1.345165 1.29935 1.147974 1.400441 1.398639 1.589448 1.608867 1.319522 1.228946 1.246996 1.234853 1.676531 1.477626 1.68212 2.072901 1.876298 1.972358 2.057621 2.115771 2.279238 2.381682 2.386221 2.303408 2.254413 2.000661 2.047436 1.721087 1.281847 1.165063 0.9529951 0.8189855 0.731607 
1.774099 1.901807 2.180432 2.475219 2.673639 2.782295 2.811706 2.99784 3.285872 3.132329 2.646526 2.409871 1.70984 0.9873486 0.3481655 0.1406606 0.4880182 0.9737233 1.094777 1.248898 1.471227 1.388491 1.782871 1.926496 2.006845 1.980322 1.975794 1.621279 1.469251 1.284415 0.635529 0.5982252 0.6635283 0.7316381 0.7914531 0.7814046 0.7265014 0.8058975 0.9079029 0.9383107 1.013665 1.007844 1.165607 1.095701 0.9397376 0.8952721 0.6920553 0.6588411 0.7087256 0.4151315 0.629988 0.5740294 1.001397 1.138728 1.610534 2.382167 3.191183 3.031918 2.362226 1.911596 1.910955 1.793321 1.724766 1.904571 1.934008 1.861113 1.454259 1.064112 1.063347 1.075755 1.154605 1.278288 1.351782 1.550231 1.325262 1.439544 1.613001 1.443589 1.202855 1.470442 1.383958 1.611323 1.25808 1.248225 1.241393 1.277576 1.260193 1.666959 1.461945 1.63937 1.992009 1.850995 1.984045 2.103665 2.190152 2.400064 2.427747 2.413071 2.352966 2.379742 2.127692 2.160028 1.578658 1.454417 1.150528 1.008081 1.009614 1.065186 
1.689155 1.797791 2.246268 2.619732 2.731994 2.67538 2.639532 3.044387 3.281699 3.354902 3.045911 2.681557 2.057893 1.457665 1.088872 0.7374553 0.7840617 1.095946 1.098385 1.272915 1.499605 1.550579 1.746263 1.964655 2.037528 2.02104 1.76629 1.606633 1.355373 1.143385 0.6039934 0.6502859 0.6623573 0.7267809 0.7722766 0.753889 0.6807083 0.7519751 0.8088878 0.9542231 1.136051 1.243183 1.139912 0.5059019 0.5130107 0.8697364 0.9653659 0.6955555 0.663093 0.4043635 0.5022159 0.4218883 0.8528734 1.070928 1.665952 2.603263 4.198615 4.361039 2.329978 1.226021 1.615186 1.714614 1.48511 1.930758 1.945658 1.838223 1.449858 1.071323 1.034622 1.017834 1.163086 1.223876 1.309812 1.48865 1.343375 1.808817 2.065497 1.614392 1.568096 1.451964 1.351993 1.325468 1.216834 1.227631 1.25807 1.325367 1.300214 1.464826 1.429507 1.55861 1.603737 1.809967 1.944872 2.171074 2.300365 2.482264 2.447573 2.440149 2.429948 2.249182 2.266233 2.216087 1.698687 1.350463 0.8821654 0.6819955 0.9440817 1.207887 
1.20635 1.320543 2.256864 2.817973 2.769091 2.310199 2.215796 2.758716 3.297309 3.535599 3.258339 2.979669 2.666586 2.206092 1.502142 1.167015 0.9474924 0.9829114 1.077426 1.256621 1.804092 1.58817 1.918177 2.051556 2.192606 2.091662 1.86715 1.600233 1.094552 0.836982 0.5980366 0.6489335 0.6198605 0.7252578 0.7924311 0.7027324 0.6229284 0.6648465 0.7090092 1.011959 1.276968 1.758609 1.46635 0.444019 0.5221255 0.90518 1.028493 0.7606117 0.7531369 0.4239973 0.2860437 0.1000146 0.5519727 1.087791 1.389127 2.420136 4.173846 4.706319 2.320727 1.367247 1.668511 1.547904 1.542306 1.964953 1.884645 1.67839 1.535226 1.129373 0.9467415 0.8039724 1.096694 1.130967 1.273535 1.279448 1.087959 2.197229 3.438484 1.635786 1.45822 1.401556 1.330384 1.289461 1.238957 1.18147 1.278545 1.400888 1.379314 1.46502 1.357017 1.402502 1.48814 1.750667 1.971055 2.274775 2.462314 2.524276 2.558018 2.46066 2.4267 2.368085 2.500588 2.262672 1.894543 1.414055 0.5289783 0.0862528 0.8653261 1.355597 
1.478954 1.639482 2.676882 3.286488 3.030529 1.75574 1.282365 2.539895 3.373225 3.660616 3.483523 3.259176 2.973403 2.529372 1.784486 1.415462 0.8221769 0.6218591 0.9566273 1.366205 1.64542 1.690717 2.014539 2.110705 2.058357 2.030712 2.096652 1.741196 0.6598235 0.2299421 0.5761191 0.6998986 0.6651758 0.7727152 0.7237793 0.6123703 0.4475918 0.533115 0.4705482 0.8559669 1.195122 1.639621 1.6241 1.543416 1.421378 1.110527 1.239949 1.357818 0.7874544 0.760345 0.4625613 0.4144817 0.6687768 0.9415916 1.357054 1.315128 1.401294 1.365327 2.016443 1.891032 1.700337 1.619178 1.914164 1.975694 1.9105 1.551092 1.414115 1.144044 0.9647007 0.7122169 0.8616323 1.036358 1.150181 1.233768 0.5395015 0.3219877 1.61042 1.237364 1.484382 1.347918 1.436815 1.209573 0.8975255 1.036263 1.309933 1.618839 1.550148 1.143661 1.216231 0.9785112 1.269959 1.720689 2.016095 2.456881 2.66073 2.81232 2.822344 2.442164 2.180584 2.491226 2.907149 2.697261 2.249014 1.657354 1.051559 0.8107123 1.404887 1.599692 
3.062154 3.092141 3.533702 4.118896 4.187005 2.6411 1.989052 2.972364 3.658744 3.729649 3.70185 3.505203 3.269595 2.708239 1.917998 1.500048 0.6641724 0.09310697 0.9288861 0.9027343 1.596752 2.085022 2.328008 2.095401 1.967503 2.23693 2.55594 2.3004 1.272688 0.6870372 0.6904025 0.6824473 0.5011063 0.8757147 0.6554432 0.2048076 0.06165882 0.5879158 0.02373481 0.6961154 1.133608 0.7660148 1.753395 1.877114 1.647346 1.186986 1.349393 1.349804 0.8420071 0.7813194 0.8334981 0.6496404 0.6425189 1.020765 1.261342 0.8681401 1.070637 1.1329 2.267248 1.679157 1.240057 1.567596 1.934147 1.803406 2.026085 1.989943 1.17318 1.351699 0.8614321 0.4256029 0.8555096 0.3544762 1.853965 1.113989 0.355308 0.4116827 0.732879 0.2194415 0.9957061 1.43175 1.695384 0.9192886 0.5355383 1.137124 1.467952 2.231883 1.922626 1.136522 1.103947 0.06883481 1.199108 1.609075 2.087192 2.888073 2.968352 2.654989 3.369458 2.220732 1.935169 2.588191 3.627071 3.443345 2.44364 1.79219 1.601311 1.884493 2.320152 2.08353 
4.877025 4.404292 4.1079 4.765458 5.851803 3.66855 3.339927 3.674971 4.039853 4.037388 3.928705 3.749568 3.771392 2.579037 2.035874 1.611147 1.472926 1.687236 1.195778 0.6825501 1.525229 2.448905 3.558371 1.923045 1.683396 2.26896 3.477659 2.961164 1.989706 1.036435 0.8879232 0.8184258 0.5741611 0.9649941 1.049659 1.129976 1.704329 1.107004 0.3617129 0.6233014 1.767653 1.441182 1.949198 2.742385 2.133671 0.7942839 1.39651 1.180951 0.7285574 1.015312 0.9068152 1.036419 1.141329 1.712576 1.710957 1.001623 0.3560588 1.393707 4.931655 1.148414 0.840061 1.178977 1.579503 1.71094 1.889807 2.242852 1.762692 1.315947 1.201792 1.077714 1.415679 2.06391 2.134405 0.8564301 0.4504774 0.8507701 1.002239 1.241312 0.6359791 1.307888 2.192102 1.126806 0.5626036 1.384578 1.403838 1.880868 1.344927 0.9826807 1.256629 1.637043 4.074004 2.011438 1.583579 2.743268 2.759362 2.681442 2.437672 1.72391 1.132131 2.925406 3.355804 2.655786 2.18622 1.559347 1.326851 1.034443 3.408798 2.234226 
5.98104 5.192001 4.28484 3.922309 2.315773 2.98453 3.697833 4.021434 4.426101 4.47871 4.387304 3.911268 2.694217 1.51519 1.579406 1.256169 1.925084 3.87595 2.931859 1.475582 1.461251 2.400023 2.588595 1.145864 1.290125 1.549276 2.384815 3.741806 1.729191 0.9148089 0.9642157 0.8449048 0.9114177 1.052813 1.578692 1.286551 1.467673 0.4847364 0.7530723 0.7068392 1.306664 1.139715 2.087395 5.139677 1.488983 1.467165 1.561797 1.908957 0.7329577 3.830838 1.092898 1.320346 1.626007 1.226766 2.492275 1.004369 2.229664 1.042733 0.465536 0.1561763 1.21716 1.049286 1.943514 1.387258 2.193037 2.176201 2.664917 1.272723 1.103392 1.184278 1.959826 1.430582 1.638511 0.1987091 0.1825919 0.5117508 1.344123 3.943227 0.1809514 1.182339 2.410704 0.452596 1.197158 1.470744 0.6674365 0.5331568 0.839186 0.9714939 1.17916 1.752605 2.417416 0.6915374 0.9419886 1.054296 1.05553 0.06265415 1.242611 1.0886 1.63737 1.620521 2.045043 1.652241 1.516931 1.475034 1.205615 1.713642 2.197373 1.932089 
5.526934 4.987331 4.172072 3.6341 3.16501 3.44528 3.933961 4.038993 4.694811 5.413377 3.739955 3.820217 2.703136 1.499386 1.280003 0.02148934 1.443919 1.94561 1.874261 1.567268 2.092577 2.665432 2.60982 2.058015 1.021796 2.015619 1.470093 1.360187 0.9947045 0.8750309 0.7277758 0.05880935 0.002596612 0.9810857 1.054502 0.8552905 0.2268616 0.8797772 0.8734869 0.6413263 1.263826 1.611692 1.249719 0.8628759 1.043917 1.330719 1.200038 1.18171 0.9904128 1.238278 2.535516 1.198139 2.235394 2.611573 0.6829913 1.190498 2.778392 0.7008443 0.3058803 0.8563767 0.8166147 0.9157561 1.525134 1.070652 1.220334 2.250345 2.664399 1.726506 1.331845 0.3266426 1.69424 0.711929 1.470547 0.3900215 0.9666249 0.6925493 1.075709 2.219186 0.03310575 2.236481 1.02727 0.4080501 2.25058 2.732545 0.9322358 0.5859203 0.4318596 1.201152 1.087478 1.164386 0.910616 0.9120736 0.7937284 0.7848144 0.8308297 0.816659 0.940383 0.7071097 0.7779807 0.411617 0.9225852 0.8599871 1.058184 1.320536 1.588142 1.666619 1.657327 1.577581 
4.732534 4.446959 4.035188 3.705183 3.546936 3.693196 3.861119 3.952044 4.295053 4.553146 3.769817 2.982442 2.138244 2.062546 1.410237 1.164183 1.502895 1.299553 1.517349 1.154956 2.249462 2.547698 3.295833 2.235317 1.512442 1.717904 1.394568 0.9230281 1.177329 0.06047042 0.9533177 1.062435 0.9346998 0.9457874 1.199413 1.038518 0.8895627 1.213837 1.535823 1.149638 1.424661 1.270921 5.265459 1.565691 1.649836 2.164915 2.053946 1.329063 3.809815 0.9814688 1.102175 2.225164 2.129621 3.742452 1.422077 1.163929 1.11492 1.313815 1.47151 0.9198133 1.462636 3.361996 1.23132 3.300712 0.8862901 1.591035 1.893324 0.8854567 2.364118 1.277523 1.237699 0.6914595 0.4605661 0.2337026 1.641124 0.9431987 1.372107 2.845637 0.7035158 1.743853 1.954085 1.373253 1.003467 1.049411 1.010059 1.237057 1.334717 1.77561 1.039666 0.9292621 0.6785662 2.700458 2.05364 1.423221 1.32455 1.39527 1.406988 0.9668321 0.8482088 0.9895498 0.4640237 0.4808476 0.9140545 1.872645 2.518184 1.634194 1.385185 1.375169 
4.199951 4.063789 3.867095 3.711784 3.608279 3.657 3.49222 3.416491 3.151828 3.295994 2.939774 2.112613 1.264942 1.751119 1.713766 2.103476 2.372533 1.2316 1.927903 5.642934 2.459483 1.696755 1.780981 1.772258 1.392692 1.169854 1.180864 1.113159 1.091808 0.9728956 1.387494 1.503291 0.9388396 0.9026783 0.5866222 0.7786161 0.682503 2.176716 1.456457 1.36711 1.802234 2.631701 2.103869 1.534053 1.894225 2.176201 1.013977 0.6925654 0.8099682 1.155151 0.2696078 0.9084259 2.062763 3.19775 0.6095223 0.381464 0.8382151 2.797267 0.2297813 0.9124694 2.647285 0.2801902 0.4040201 0.9564272 1.587059 0.6339618 0.6966712 0.2426208 1.114662 2.838869 1.530757 0.4408913 0.6465268 0.7616976 0.8240206 0.771382 0.7803671 1.108704 1.043445 0.7326251 1.905867 0.5224338 0.9500212 1.273636 1.340254 2.510092 1.020332 1.59025 2.989552 1.008528 2.21509 2.446082 1.275144 1.292365 1.684479 2.010033 1.750319 0.04797592 1.321093 2.392974 1.2007 0.5303319 0.5642198 1.413147 1.740216 1.203375 1.143931 1.569858 
3.636781 3.569757 3.469117 3.601825 3.546424 3.417248 3.247089 2.763382 2.045572 2.322397 1.74608 2.062952 2.098187 2.201543 2.102213 2.567317 3.818324 2.240817 2.476599 2.874429 3.539356 1.941786 1.540089 1.196725 1.022629 0.4601994 1.332626 1.267194 2.362662 2.157809 1.02608 0.7416031 1.21719 1.553282 1.314134 0.7335174 0.4604847 1.403842 1.813581 0.7706373 1.242718 2.215699 0.586998 1.781721 1.461735 0.8687863 1.563591 3.679552 0.7473975 1.242562 1.15776 1.581774 1.018255 0.3445831 0.9425501 2.025349 1.321124 2.983022 1.241424 2.573519 1.005651 1.732662 2.917171 1.995236 1.021026 1.043166 1.409456 0.4775364 1.034978 0.3714542 1.082526 0.6508452 1.67731 2.04426 0.5200379 0.9953329 0.6136076 0.2850948 1.202784 1.037468 0.8495142 1.300445 0.4081183 0.8679664 1.396176 2.101822 1.009091 1.347992 2.526217 1.541217 0.9561579 2.262035 2.675746 4.639703 1.853749 1.54639 2.443962 1.535702 0.001900622 0.3526642 1.923026 1.168017 1.439925 1.133393 1.043655 0.9589575 0.1352719 0.562917 
3.274834 3.263707 3.236694 3.435079 3.374101 3.40775 3.080661 2.65201 2.311721 2.075057 1.201286 1.934772 2.742652 3.326884 2.523248 1.457353 0.3683302 2.16393 2.16836 2.129451 2.409864 0.6366598 1.090896 1.220634 1.114751 1.637501 3.296491 0.8376851 2.354112 2.281897 1.301066 1.095948 2.036344 2.480265 2.085523 0.9990177 1.136834 2.043207 1.041396 0.208332 0.7498231 1.052598 3.251071 2.602141 2.841018 1.188121 1.151834 2.254364 1.33094 1.897081 1.62117 2.021254 1.181343 1.153562 0.8544666 0.9577898 0.07389394 1.409114 0.7706525 0.8905287 1.810351 1.760011 1.205628 0.817453 0.6298348 1.99561 0.6940116 1.426692 0.6835107 0.6601419 0.8274204 0.8431843 0.5058652 1.021022 0.6900306 0.7929571 1.067021 1.110866 0.715418 1.359397 0.4067834 0.6904128 0.6084012 0.6402591 1.717773 1.350591 1.682164 1.653332 1.527529 2.58251 1.090122 1.644484 1.480959 1.509018 1.954348 1.490854 0.753718 0.9366415 0.7343154 0.9325465 0.8420488 1.009161 0.7484882 3.701731 1.752052 0.9220454 0.0329912 0.4393732 
2.880016 2.918109 3.199379 3.225321 3.204928 3.119263 3.060518 2.771216 2.57323 2.328146 2.050939 2.505514 3.141115 3.843235 2.947522 2.205592 2.811265 3.110776 2.384602 2.163916 2.015413 1.480804 1.056713 1.12967 1.248188 1.557235 1.751857 1.576433 1.620553 1.541016 1.466536 2.166655 3.474687 3.243589 2.919923 1.785278 1.4884 1.061075 1.486274 0.8258502 0.7387133 1.040195 1.310094 2.129699 1.379616 0.4245051 0.4933182 0.4260577 0.8512977 1.440258 1.546162 0.9545007 1.943414 1.237797 1.492745 2.18756 3.348009 1.530285 1.708339 1.042159 1.586452 1.434811 0.5486159 1.739283 0.2983363 1.107193 1.511767 0.9717381 1.088698 0.6876655 0.3099102 0.3429786 0.6182976 1.452487 2.03651 2.75714 1.521214 2.958626 1.205339 0.5935414 0.0527457 0.1817051 0.6487382 0.6049214 1.27689 2.202561 1.687984 0.7167418 1.293751 2.049811 1.465279 1.443735 2.411078 0.2886736 1.241445 1.601248 1.06714 0.5598702 0.4863381 0.2021481 0.2849214 0.911751 1.261539 1.328916 1.63252 0.9921568 0.5580485 0.6032344 
2.379503 2.47199 2.829265 2.952484 3.012498 2.904022 2.779619 2.719508 2.715095 2.471387 2.560587 2.777392 2.869044 2.974388 2.771077 2.735543 3.406168 3.396196 2.655819 2.156221 1.89693 1.581437 1.293679 1.14549 1.256649 1.376929 1.546704 1.462749 1.382916 0.6601177 1.013861 0.5476133 2.908008 3.272225 3.025803 2.192356 1.92527 1.675382 1.537395 0.940195 0.9396986 1.231073 2.393526 3.738407 1.630773 0.4923324 0.1724627 0.1260248 0.274537 0.9637412 1.680959 1.86471 2.431775 1.438662 1.791587 2.111374 2.115004 2.118622 1.419106 1.290102 1.425676 2.171098 2.705438 1.093505 0.4269193 0.7836594 1.402096 1.204177 1.088078 0.6442529 0.3252686 0.3896802 0.8140343 1.332649 2.443704 2.023031 1.427577 1.932323 1.164079 0.7763748 0.03471179 0.2383426 0.4249489 0.784151 1.428854 1.911152 1.702282 1.029254 1.384294 1.97788 2.352715 2.30573 1.596902 1.169577 1.220108 1.150946 0.9862011 0.7095928 0.472642 0.3451215 0.4081484 1.045812 1.320355 1.483092 1.453439 1.088416 0.7900962 0.6920618 
1.718364 2.044845 2.332583 2.742573 2.947852 2.781237 2.731564 2.738017 2.627972 2.740197 2.758777 2.869138 2.670987 2.578935 2.731744 2.742331 2.923142 2.874429 2.572486 2.169353 1.921257 1.692975 1.659866 1.230823 1.319121 1.402358 1.429403 1.542106 1.41873 1.406731 2.199627 2.471828 2.097703 2.22626 2.428547 2.196683 1.772106 1.648149 1.411909 1.020306 1.123375 1.64121 1.990494 2.524228 1.353987 0.5781443 0.2288509 0.2933575 0.4276614 0.576196 1.054251 1.80229 1.875202 1.665359 1.84321 1.856433 1.93718 1.917938 1.852768 1.55025 1.680544 1.809733 1.683186 0.9600874 0.6163209 0.7278003 0.9951404 1.223898 1.163323 0.6630955 0.3294583 0.382925 0.9876089 1.530601 2.200832 2.022619 1.857214 1.90073 1.419779 0.5509285 0.1590259 0.2652034 0.3813924 0.9427064 1.46273 1.563456 1.566399 1.61714 1.587881 2.030213 3.225315 3.528533 1.97232 1.577234 1.477655 1.069447 0.857493 0.7563881 0.6043484 0.4898514 0.5712408 1.113689 1.300583 1.427407 1.310111 1.137942 0.8719023 0.7286812 
1.019222 1.323321 1.827535 2.122078 2.442886 2.642174 2.666493 2.728896 2.645521 2.842405 2.858377 2.913328 2.580949 2.602226 2.656951 2.677901 2.679486 2.619277 2.460256 2.129048 1.948445 1.791025 1.708845 1.230737 1.33228 1.339945 1.544894 1.609112 1.655511 1.706103 2.007218 1.995391 1.398147 1.305458 1.922653 1.929183 1.735683 1.632686 1.340602 1.256298 1.276318 1.494947 1.890921 1.767188 1.19356 0.5838937 0.4263268 0.3465877 0.276989 0.03694343 0.7381016 1.414364 1.430748 1.644192 1.854639 1.852198 1.869519 1.937844 1.824843 1.581639 1.675731 1.588069 1.509965 1.060594 1.076237 0.5900818 0.9888844 1.140314 1.16825 0.5946667 0.3369952 0.6966856 1.238523 1.801671 2.087494 2.093944 2.022532 1.699362 1.286546 0.7664528 0.2938982 0.3054097 0.3507987 0.8766696 1.261487 1.511458 1.381428 1.789314 1.723028 2.151855 2.537535 2.600786 2.121752 1.752621 1.604879 1.255236 0.7742193 0.7716244 0.6456777 0.489663 0.5782534 1.100124 1.285864 1.22831 1.222926 0.9882011 0.7082042 0.6100097 
0.2789973 0.5862132 1.142002 1.761052 2.210639 2.50029 2.590088 2.589195 2.641347 2.573834 2.916729 2.757118 2.490374 2.53931 2.599916 2.586608 2.548156 2.492523 2.384779 2.302709 1.96337 1.8461 1.750923 1.410778 1.47019 1.338194 1.605392 1.578566 1.732011 1.770958 1.924804 1.804074 1.373073 1.36543 1.773256 1.858397 1.9161 1.677353 1.320672 1.29927 1.322842 1.167619 1.419411 1.341708 0.898869 0.668957 0.5503992 0.4985206 0.3738903 0.2612397 0.5851014 0.9874127 1.504348 1.574952 1.839698 1.806491 1.859716 1.905987 2.120638 1.852651 1.508777 1.497296 1.44143 1.093606 1.295388 1.102687 0.9699665 1.17434 1.236232 0.5187901 0.3398186 0.8757314 1.266124 1.82202 2.070277 2.055917 2.061968 1.700907 1.313836 0.5504345 0.3257642 0.3247839 0.401691 0.6358336 1.193606 1.30175 1.308827 1.947861 1.82996 1.991022 2.085625 2.128541 2.013463 1.803428 1.612611 1.247872 0.7589622 0.6542906 0.6719732 0.5179824 0.7899481 0.8718306 1.179851 1.114461 1.002553 0.7319548 0.3434019 0.2479151 
6.090907e-031 0.2532721 0.8745373 1.536358 2.042733 2.291189 2.516257 2.543529 2.50848 2.571877 2.629803 2.768697 2.459434 2.504775 2.549366 2.516968 2.512371 2.418977 2.337527 2.290289 2.187488 1.874848 1.795411 1.6153 1.551062 1.338353 1.616467 1.588411 1.764591 1.782732 1.91668 1.824926 1.601556 1.703622 1.717437 1.844401 2.024853 1.663183 1.631816 1.316571 1.336576 1.241861 1.382159 1.233506 0.8430727 0.6883208 0.6568936 0.5874304 0.4793876 0.4444703 0.6448399 0.9270687 1.456681 1.761747 1.802876 1.777645 2.092358 1.947369 2.13603 1.78606 1.473178 1.260521 1.356323 1.102169 1.370066 1.15856 0.9663055 1.158665 1.158057 0.6679398 0.4136664 0.9724735 1.124672 1.830711 2.066009 2.05467 2.087573 1.702498 1.334384 0.6959088 0.3378374 0.3982978 0.4050683 0.8415189 1.18695 1.294517 1.334722 1.921514 1.829344 1.897441 1.866835 1.920131 1.926862 1.803906 1.45551 1.284276 1.174179 0.6535832 0.6890802 0.6703755 0.8179067 0.857802 1.129295 1.019211 0.8614753 0.5354004 0.1052915 0.02477515 
