rasters-batsmen/yusufpathan.asc
ncols         108
nrows         21
xllcorner     -3.075
yllcorner     -1.575
cellsize      0.15
NODATA_value  -9999
5.380987e-008 0.08317672 0.3292976 0.6208251 0.8841691 1.08967 1.043757 1.122164 1.158967 1.202461 1.141755 1.173994 1.243285 0.7895383 0.5459721 0.5988852 0.8504547 1.142875 1.377507 1.284713 1.401361 1.520824 1.349312 1.330921 1.300524 1.502872 1.353645 1.112306 1.1347 1.205052 1.104367 1.111073 1.172677 1.28301 1.394242 1.439424 1.236445 1.313064 1.254057 1.110345 0.9627249 1.026534 1.016095 1.009842 1.25999 1.002945 1.312846 1.363861 0.883949 0.8507797 0.5587392 0.4159891 0.4012116 0.4567651 0.786064 0.801572 0.8213437 0.8978171 0.5318539 0.482612 0.8760214 0.8978269 1.25715 1.490106 1.079842 1.458025 1.237342 1.153996 1.691821 1.886441 1.932018 2.040125 2.054969 1.833056 1.664634 1.33599 1.51828 1.580092 1.550374 1.457301 1.496056 1.457739 1.471341 1.730054 1.936719 2.145717 1.851136 1.881287 2.141142 2.389859 2.265335 2.279613 2.297292 2.308888 2.267262 2.448914 2.211408 2.203403 2.025524 1.755299 1.656225 1.478523 1.080006 0.9135051 0.6308155 0.3843873 0.0599377 0.01293179 
0.08470871 0.1732439 0.3911924 0.7052075 0.9567765 1.153516 1.097584 1.174918 1.211346 1.250971 1.181111 1.271936 0.9776129 0.6226375 0.2760607 0.242388 0.5785206 1.039278 1.592799 1.342331 1.476732 1.532866 1.646898 1.365809 1.485536 1.300766 1.329948 1.11255 1.138407 1.156309 1.170591 1.128033 1.186668 1.285877 1.386678 1.487909 1.231372 1.306754 1.256055 1.11593 1.040317 0.9629509 1.019309 1.00976 1.30824 1.001193 1.299653 1.346939 1.264884 0.8411428 0.562611 0.4185778 0.331669 0.4413183 0.8271576 0.782491 0.9251806 0.8872206 0.543054 0.5013652 0.880624 1.097427 1.248655 1.484009 1.519385 1.462872 1.4633 1.077484 1.67487 1.87771 1.934138 2.048846 2.06454 1.845508 1.671303 1.344357 1.297611 1.212064 1.544092 1.46222 1.51373 1.488367 1.512047 1.948496 1.950488 2.150635 2.130132 2.078863 2.130054 2.173249 2.251777 2.267609 2.288917 2.306418 2.272339 2.272125 2.217953 2.216362 2.065013 1.799899 1.708705 1.545804 1.165795 1.021851 0.9016589 0.4925211 0.2118787 0.1714036 
0.3083759 0.3940292 0.5744277 0.8491741 1.061474 1.235012 1.36661 1.238089 1.276835 1.318384 1.251339 1.464039 1.200673 0.6079969 0.1474026 0.02206301 0.4996349 1.067598 1.508916 1.646142 1.5902 1.638354 1.661447 1.580219 1.482682 1.342446 1.073866 1.202919 1.138579 1.159371 1.182165 1.198658 1.253888 1.288651 1.375494 1.466188 1.223891 1.10695 1.256575 1.269013 1.047707 0.9715022 0.9625985 1.010442 1.288209 1.33143 1.279522 1.325419 1.244818 0.9530022 0.5689893 0.4223616 0.3282997 0.483443 0.791392 0.6940802 0.8988181 0.8186466 0.5609438 0.5897463 0.5931345 1.15673 1.238608 1.47888 1.523714 1.471193 1.248525 1.073819 1.651283 1.935425 1.936814 2.05918 2.076993 1.859288 1.678619 1.354496 1.296144 1.203306 1.45955 1.464083 1.534793 1.408256 1.567497 1.97984 1.970346 2.155122 2.132542 2.073217 1.844023 2.157466 2.233388 2.249985 2.276039 2.302664 2.279952 2.072137 2.227307 2.220459 2.467707 1.843352 1.698457 1.562947 1.271495 1.168545 1.134941 0.7988634 0.6312187 0.5426763 
0.6748282 0.6386934 0.7725371 0.9291587 1.167701 1.317211 1.439672 1.530153 1.579667 1.56781 1.544717 1.635189 1.348102 0.9918953 0.4350977 0.3690442 0.7561462 1.381839 1.693157 1.808203 1.756671 1.785939 1.764162 1.608505 1.476124 1.432628 1.059985 1.187319 1.125653 1.142596 1.158077 1.225447 1.318914 1.290638 1.300572 1.262929 1.09187 1.047484 1.380578 1.276514 1.128757 0.9830377 0.9758922 0.9609951 1.255816 1.275762 1.244785 1.298384 1.218084 0.9513771 0.4630627 0.3664627 0.3231879 0.3973504 0.734583 0.7624111 0.7567025 0.8092279 0.590651 0.63588 0.9560049 1.146199 1.41667 1.476614 1.60099 1.484351 1.470731 1.068273 1.197627 1.913416 1.939305 2.073008 2.09312 1.814339 1.686933 1.30475 1.292902 1.189322 1.434379 1.45943 1.494506 1.475562 1.648552 2.029402 2.003439 2.157372 2.129767 2.064462 1.842404 2.138643 2.207739 2.222311 2.2548 2.296556 2.292025 2.254483 2.241359 2.223653 2.446728 2.116951 1.564432 1.649075 1.382906 1.533651 1.22565 1.067528 1.037356 0.9385108 
0.9210137 0.9991237 0.950236 1.037468 1.162276 1.383824 1.50504 1.601559 1.659627 1.69646 1.644533 1.551508 1.601173 1.395632 0.9960737 1.065857 1.280665 1.727718 1.91475 2.01444 2.003492 2.004395 2.025312 1.641179 1.459111 1.390196 1.033701 1.177933 1.088363 1.062224 1.196303 1.312174 1.339575 1.286264 1.270457 1.233155 1.085718 1.053759 1.127481 1.277644 1.13944 0.9968526 0.9998903 1.238976 1.195719 1.154801 1.225248 1.268265 1.189216 0.9442341 0.4793875 0.3738269 0.3175783 0.3141595 0.7775759 0.6626525 0.7107981 0.8006729 0.6367978 0.6893173 1.124979 1.134236 1.398916 1.480354 1.615542 1.504773 1.394936 1.059515 1.176434 1.880068 1.940775 2.152209 2.170783 1.838946 1.694632 1.323215 1.287285 0.8511358 1.131226 1.437544 1.518101 1.624164 1.77431 1.968132 2.050921 2.152466 2.108292 2.050686 1.848933 1.872205 2.171075 2.174588 2.216597 2.286369 2.312358 2.294433 2.267583 2.455315 2.410654 2.280537 2.071576 1.738873 1.495507 1.453582 1.402503 1.391708 1.283777 1.235518 
1.011126 1.078735 1.182686 1.122951 1.247068 1.373717 1.555493 1.664944 1.766336 1.761109 1.733374 1.683279 1.803881 1.735993 1.419237 1.558954 1.664155 1.9818 2.133252 2.465524 2.435748 2.391241 2.150561 1.759462 1.420634 1.158393 0.9333068 1.184427 1.200838 1.259177 1.396079 1.389681 1.362228 1.264014 1.215835 1.004895 1.074057 1.058484 1.143279 1.151605 1.211634 1.006187 1.03815 1.296721 1.08401 0.7936903 1.272003 1.250419 0.9969593 0.9297385 0.5748668 0.3816007 0.2617066 0.2411991 0.5088897 0.5409897 0.6538637 0.7966069 0.7632096 0.924086 1.093082 1.122392 1.550577 1.493681 1.701674 1.528839 1.387697 1.050947 1.026531 1.826823 1.880606 2.159235 2.122837 1.869376 1.702247 1.354559 1.221399 0.8556454 1.081812 1.384276 1.477955 1.800301 2.00279 2.158196 2.115939 2.127184 2.063913 2.028027 1.882478 1.905113 2.11885 2.080206 2.167714 2.299851 2.347936 2.357756 2.315359 2.423856 2.350052 2.075783 1.979405 2.030892 1.82472 1.57154 1.52717 1.548173 1.476786 1.643144 
0.9712439 1.034667 1.144713 1.281173 1.241302 1.381713 1.623163 1.94549 1.804841 1.811679 1.797863 1.776809 1.95518 1.907994 1.935336 1.800706 1.8634 2.087863 2.436473 2.485632 3.119517 3.090697 2.178153 1.752939 1.358603 0.9953554 0.837788 1.116449 1.406936 1.991681 1.687366 1.461412 1.319739 1.225581 1.002463 0.9976538 1.0161 1.059147 1.113884 1.133088 0.9502289 1.048171 1.005601 1.503705 1.308499 0.06060424 1.38165 1.258989 1.022885 0.900077 0.4635428 0.3789512 0.2220178 0.238611 0.2770806 0.1851521 0.7949256 0.8001171 0.7343823 0.8777233 1.126883 1.117394 1.513552 1.576222 1.364802 1.559836 1.126017 1.047229 0.9536569 1.7352 1.894982 2.152989 2.015496 1.901621 1.726162 1.433756 0.9441049 0.8427402 0.7770913 1.16867 1.435885 1.949421 2.504086 2.536448 2.173656 2.040189 2.023864 1.865514 1.944196 2.103956 2.056027 1.852919 1.968686 2.258449 2.359073 2.4587 2.393981 2.369523 2.185737 1.959683 2.042948 2.022792 1.971212 1.804478 1.580471 1.781519 1.645566 1.819571 
0.8089486 0.8784555 1.029439 1.18915 1.361577 1.57294 1.807173 1.94595 1.997681 1.865678 1.831231 1.999903 2.004812 1.959958 2.072411 2.102662 2.015161 2.311933 2.401927 2.259959 3.129768 2.955045 1.90483 1.628947 1.47444 0.9218471 0.7073618 0.9350644 1.138925 1.770683 1.817646 1.467427 1.312187 1.081959 0.9725742 0.9937471 1.001821 1.050821 1.111236 1.237709 1.133187 0.9761239 0.9281385 1.537137 3.518059 1.60573 1.884739 1.373133 1.031293 0.8414958 0.4504343 0.341179 0.2885812 0.3107803 0.447728 0.671705 0.9428582 0.8225705 0.7675752 0.7049547 1.05327 1.072562 1.501454 1.761051 1.479416 1.613466 1.130684 1.042841 0.9268654 1.293228 1.939219 2.104463 1.384307 2.000445 1.706996 1.690635 1.067426 0.7863464 0.7232843 1.027382 1.257113 1.913048 3.5561 3.043246 2.058588 1.842405 1.881064 1.793235 2.000879 2.456595 2.07323 1.295872 1.280097 2.296345 2.347322 2.668302 2.526872 2.280212 1.900115 1.914423 2.14773 2.589815 2.317353 1.611632 1.54549 1.865501 2.034184 2.050282 
0.5101457 0.6040046 0.884652 1.074963 1.236628 1.536884 1.805127 1.960764 2.261339 1.849769 1.952562 1.891575 1.988601 1.949044 2.125036 2.143369 2.243277 2.367568 1.966681 1.784239 1.695703 1.016699 1.556895 1.30038 1.47298 1.015226 0.401311 0.7748867 0.5399868 3.225776 2.153044 1.332925 1.13662 0.9360071 0.9282722 0.8748896 0.9760694 1.013155 1.132722 1.57381 1.198972 0.8865493 0.7796772 0.3647789 1.518503 1.948966 1.97164 1.044614 1.306641 0.3103071 0.6885744 0.4505796 0.3687911 0.3578627 0.3600768 1.059527 0.9725375 0.3468342 0.7948417 0.6759245 0.7592704 1.010587 1.074232 1.863721 1.772685 1.297578 1.081786 1.038514 1.020443 1.092362 2.027793 2.6243 4.183213 2.560477 1.373831 1.146673 0.9383469 0.7603472 0.7127614 0.8587912 1.017819 1.451 3.020231 2.673231 1.445304 1.508395 1.704397 1.641271 1.741864 3.5676 2.113085 1.322893 1.605492 2.234254 1.348481 3.836253 2.658701 2.156394 1.31367 1.419332 2.088904 3.727841 2.637361 1.314672 1.36816 2.187269 2.545256 2.26428 
0.1799826 0.207963 0.7828357 1.00701 1.158945 1.62697 1.848841 2.325968 2.278927 2.079615 1.785303 1.802759 1.856972 1.822231 1.871344 2.330563 2.722812 2.279955 1.227871 1.202669 1.898125 1.850789 1.575111 1.582566 3.254253 1.353388 1.936663 1.924382 0.7550837 1.242056 0.5778244 1.192976 1.163319 0.9407815 0.826063 0.8316834 0.966768 0.9151787 1.015572 1.524684 0.9549779 0.9799499 0.5175357 0.3449298 2.283948 2.144941 1.830862 3.749875 1.509544 0.750941 0.1342879 0.4820818 0.2328648 0.4939693 0.4306374 1.407497 3.897061 1.366869 0.2423707 0.6930456 0.6761529 3.20437 1.438894 1.766127 3.707168 1.24137 0.9402024 2.950792 0.891776 0.8892174 2.232297 4.155086 2.592952 1.484462 0.5720375 0.8180383 0.8025671 0.6800545 0.71162 0.8304259 0.9948922 1.05541 0.7815261 1.289084 0.8834293 1.232363 1.552114 1.539524 2.870534 2.614073 1.29222 2.020428 2.311183 2.612133 2.276965 2.896222 2.399579 3.029353 1.682113 0.9514288 1.715817 1.915885 1.249377 0.5934761 1.210184 3.251423 3.39407 2.301841 
0.119819 0.120689 0.7318571 1.023201 1.166563 1.723132 2.18899 2.449613 2.385549 2.054506 1.11831 1.512367 1.553526 1.467205 0.9855433 2.026373 3.792148 3.202282 1.462877 1.041438 2.919664 2.270076 1.129238 1.25672 1.779609 2.199522 1.863179 1.02419 1.193002 1.120811 0.9253434 1.111284 1.688177 0.8631631 0.517285 0.7480367 0.799835 0.4649982 0.821337 1.268196 0.5677372 1.067078 1.021846 1.330807 2.449955 1.493628 1.635804 1.375558 1.175828 1.278005 1.382534 0.7644784 0.7892897 0.5609016 0.4060889 0.5711237 0.3280461 1.053514 0.7401325 0.9563589 0.6075944 2.326064 2.46611 0.1365423 0.8052124 0.6911774 0.2503504 2.154355 1.747789 0.298454 1.53395 0.9604074 0.6383447 0.6771331 0.2214698 0.602195 1.134727 0.786401 0.7279013 0.8492283 0.809313 0.8451439 0.622849 0.5897543 1.371772 3.835001 1.626312 1.574839 2.351447 2.808429 2.556872 2.287562 1.613786 1.6629 1.653393 1.381089 1.81868 2.952819 0.7911001 1.588845 1.714348 1.138832 0.941425 0.5474089 1.168834 2.307968 2.520354 2.006196 
0.4364912 0.5093238 0.8735074 1.149353 1.435174 1.815287 2.173652 2.656235 2.6514 2.491248 2.723661 3.322036 1.61564 3.023208 1.261841 2.620712 3.905324 3.752754 2.429535 1.503461 1.623158 0.9695147 0.5793107 1.021076 1.355181 1.440756 1.194712 1.274606 1.162981 1.173682 1.106189 1.089132 1.04393 0.760314 0.4158102 0.6679788 0.55357 0.6377223 0.5344805 1.831915 2.288906 1.041923 2.383467 1.189442 1.841318 1.68971 0.8591003 1.957449 2.238159 0.5323328 0.9396664 0.903438 1.57144 0.973118 0.3489054 0.2642981 0.3445598 1.596721 0.4090767 1.18127 1.008683 1.418982 1.101538 2.307567 1.043046 0.4482464 0.8135419 0.91137 1.024095 0.7085207 1.64675 0.3860547 1.351289 0.7801592 0.4769579 0.9703818 0.4582428 1.26452 1.604097 1.696328 1.231281 0.9634019 0.7037206 0.7739542 1.364765 3.604746 1.629442 0.5508975 2.131938 3.881865 3.251737 2.2981 0.6175833 0.6160329 1.315912 0.5872334 1.205312 2.51566 2.579457 2.687832 1.546857 2.517515 1.034957 0.02397484 1.014502 1.890057 1.989949 1.857718 
0.8067924 0.9185745 1.138239 1.394792 1.885516 2.257498 2.606151 2.883219 2.99567 3.0275 2.963405 2.857272 2.219246 3.121812 1.922024 2.73517 3.228285 3.583786 2.985408 1.183955 1.246551 0.8708513 0.8285632 0.9886783 0.9599312 1.223491 1.32352 1.20239 1.147123 1.141039 1.806477 1.102968 0.9482532 0.7261896 0.7174845 0.3883203 0.3732274 0.6314639 1.239038 5.415862 1.00845 1.243797 2.27169 3.400036 2.323417 2.385382 5.153367 0.9606056 0.826121 1.066769 2.043447 1.517781 1.022909 1.256996 1.948909 1.105417 1.044819 1.829987 0.9137626 0.9774261 0.3271652 2.767661 0.3456114 0.5502636 1.002487 0.3348324 0.5699973 0.6463941 0.7932949 0.9278303 1.562092 0.7478858 2.785693 0.5068495 0.6558812 0.7387825 0.05858298 0.8771676 0.06170183 0.9538953 1.325301 1.54002 3.152978 2.71428 0.8909567 1.746828 1.703476 1.268047 1.956052 3.148984 2.005843 1.812631 0.5432558 0.5502709 0.2841134 1.745775 0.6095718 2.215202 3.814514 3.090087 1.590156 0.7016057 0.6097757 0.7023731 0.1211159 2.109847 1.691805 1.233689 
1.113842 1.215982 1.398152 1.639103 1.930739 2.517293 2.843795 3.169595 3.454102 3.728987 3.799553 2.906542 2.407132 2.36335 1.773549 2.290158 2.38654 2.24791 0.1325586 1.14096 0.6120232 0.5141186 0.995162 1.144576 0.4839509 0.5943885 1.412568 1.150027 0.9914759 0.2483037 0.8097148 0.8589687 0.4091672 0.6799871 0.8969679 0.6608336 1.01987 1.94879 1.763285 0.05690321 1.077095 1.177813 2.144881 2.279263 5.523352 2.843107 2.85872 1.623338 2.555839 1.823487 2.525733 2.883048 0.7084428 1.028196 1.173074 0.6141083 1.699269 3.045843 1.972743 1.44735 0.1858467 0.9104995 0.9562752 0.6226478 1.036412 0.9848738 1.735286 0.8625469 1.753227 0.7679973 0.7069142 1.130896 1.766581 0.9049911 0.7780439 0.9818226 1.828058 0.806887 0.8269488 1.059238 1.157528 1.584917 1.02682 1.394314 0.8599601 2.224487 1.808772 1.543306 1.045634 1.87222 1.069062 1.484235 0.8350495 0.2744745 0.9718137 1.008653 1.696798 2.15058 1.934665 1.244648 1.895346 0.2017277 0.8973768 1.154279 2.508387 3.829261 1.459983 0.850858 
1.281024 1.398393 1.576625 1.810831 2.094442 2.419675 3.01503 3.364654 3.744677 4.015811 5.979696 2.917534 1.201558 1.90638 1.327882 1.530861 1.893693 1.210475 1.213449 1.146024 0.775485 0.7524252 1.031564 1.500336 1.251708 1.336648 1.323404 1.395666 1.338386 0.7432519 0.7780153 0.6992356 0.293173 0.6937469 0.7036754 0.1133585 1.255166 2.503367 1.639341 0.6870674 0.8953063 1.034928 1.831985 2.228619 2.626265 2.010421 1.26596 2.28564 5.362766 4.37273 2.132211 2.02592 0.9204524 1.486876 1.548912 1.635505 2.523511 3.829748 2.5287 0.520035 0.9453112 1.514259 0.9412515 1.097483 0.9036176 0.891408 1.994129 1.591641 1.198892 0.9392697 0.6427128 1.910905 2.008447 2.133862 1.104206 0.9836258 0.3530848 0.9499791 1.267244 1.936972 1.307763 2.524126 0.4997433 1.391049 1.038686 3.650998 1.317076 1.153673 1.556311 1.993366 0.8728913 2.428099 1.391186 0.7918314 0.8038843 0.9706782 1.495551 1.905573 1.693484 1.875167 1.177423 0.9037067 0.7308876 1.166771 2.665485 2.277202 2.077906 1.730494 
1.319011 1.451898 1.641944 1.882933 2.165403 2.480441 3.092238 3.400861 3.694971 3.980305 4.170997 2.994442 2.116272 1.960573 1.701452 1.889321 2.344432 1.177516 1.331989 1.255081 0.7473017 0.8901838 1.054769 1.2605 1.504155 2.433591 2.455477 2.034501 1.674447 1.30676 1.095322 0.811607 0.9056768 1.014825 1.12013 0.8880342 1.775735 2.94581 2.071142 1.208838 0.9903063 1.016508 1.766766 2.256871 0.9892677 2.3046 1.350123 2.37856 2.97299 4.762241 3.995692 3.507912 1.27196 1.765663 1.535747 0.8378838 2.637782 3.366564 2.015761 0.4472837 0.6268803 1.347664 3.622844 1.907366 0.9211901 0.7419567 0.34588 1.089124 1.032077 0.6876775 0.8494524 1.379094 1.894734 1.923782 1.893197 2.968077 3.299835 0.7142282 1.270648 1.795085 1.7163 1.081598 0.9511862 1.660015 1.655972 3.050647 1.311864 1.938317 2.119181 3.150931 3.833136 2.875097 1.668515 0.5364109 0.4401185 0.4521855 1.092536 0.7844161 1.024618 1.109149 0.8473623 0.4789373 0.0293602 0.682384 1.94447 2.193123 2.127701 1.993163 
1.209938 1.358675 1.578134 1.847435 2.14429 2.453392 3.044121 3.316199 3.466747 3.556316 3.419582 3.007128 2.332299 1.90076 1.315347 1.273728 1.500973 1.277415 1.363054 1.09127 0.8959912 0.8141742 1.051628 1.092861 1.237474 3.121126 5.570982 3.215339 2.035353 1.584952 1.298092 1.129239 1.161323 1.688463 1.850943 1.624938 2.208236 3.223031 2.494992 1.50302 1.157519 1.121382 1.983053 2.260254 1.848881 1.658748 1.255304 1.526894 0.3829459 2.225269 3.208651 2.461348 1.491403 1.849004 1.663681 1.931519 2.118385 1.226628 0.693462 0.524726 0.5637645 1.366411 1.947483 1.05231 1.197056 0.7376691 0.9168292 1.063751 0.9138053 0.9161587 1.119781 1.576409 1.83136 2.265731 2.208034 3.268733 3.400795 3.017888 2.588559 2.018452 1.673571 1.117692 1.843358 3.668602 2.789458 0.3976611 1.360533 1.859466 2.194911 3.476393 3.47572 2.602456 1.89956 1.162621 0.6694558 0.7867619 0.8465918 0.7417722 0.9001995 0.9791205 0.8632072 0.5481557 0.4186916 0.9956881 1.597705 2.021826 2.073219 1.988843 
0.9384773 1.102859 1.377559 1.707107 2.041984 2.357885 2.680208 3.116194 3.237799 3.223345 3.185143 2.822186 2.301485 1.855419 1.335426 1.227971 1.395892 1.414048 1.40882 0.991069 0.9202735 0.95728 0.9941764 0.7173746 0.00830296 1.520232 3.037942 2.768271 2.071331 1.664816 1.454957 1.27156 1.275653 1.596296 1.758764 1.805488 2.091878 2.295875 2.029052 1.614928 1.291108 1.382033 1.801992 2.034978 1.961053 1.698629 1.072521 1.288614 1.272943 2.061499 2.716478 2.152325 1.86615 1.974005 1.734805 1.897115 1.907445 1.251941 0.9533467 0.6119474 0.9830127 1.430857 1.433893 1.232955 1.228441 0.9612241 0.9921322 0.7601879 0.8252152 0.8045675 1.207335 1.619949 1.835404 2.395027 2.446321 2.68697 2.860102 3.218072 3.130097 1.926404 1.925378 1.318933 1.822756 2.502681 2.125686 1.414963 1.471339 1.753643 2.322088 2.989798 2.961389 2.504303 1.993207 1.678017 0.7534192 0.8434291 0.8559524 0.9363575 0.9806982 0.8950361 0.8126003 0.7568526 0.3958597 1.065557 1.50047 1.607891 1.473418 1.77125 
0.5368411 0.7115384 1.066842 1.487927 1.881319 2.213995 2.773229 2.930786 3.004914 3.142385 2.94822 2.699594 2.275677 1.95875 1.524623 1.459227 1.410845 1.441492 1.166368 0.9984678 0.9252702 0.97245 0.9952861 0.8280573 0.6415537 1.26237 1.997431 2.133917 1.944862 1.680697 1.424441 1.357685 1.485723 1.511414 1.704548 1.810452 2.002576 2.014372 1.710055 1.48043 1.149852 1.33119 1.829828 2.031384 1.954729 1.672208 1.185157 1.398386 1.736254 2.12381 2.546491 2.145225 2.01705 2.001807 1.758926 1.893483 1.92032 1.543582 1.354453 0.6651442 0.7718486 1.323869 1.491358 1.388631 1.284985 0.9531773 1.035432 0.7645571 0.8145888 1.003576 1.243354 1.644402 1.998249 2.456696 2.35743 2.473499 2.606081 2.60849 2.676245 2.217582 1.676451 1.99007 1.706161 1.936402 2.149624 1.908187 1.681676 1.954418 2.37013 2.670208 2.754546 2.398353 2.019194 1.81763 0.9801549 1.043717 0.8827501 0.9843899 1.049113 0.8915577 0.8109353 0.5270588 0.5541221 0.6355173 1.161168 1.345388 1.093738 1.097661 
0.1535082 0.3262684 0.7529014 1.258224 1.706752 2.058995 2.613295 2.764627 2.984439 2.961889 2.821102 2.630957 2.282614 2.07039 1.67945 1.598648 1.623212 1.411377 1.150247 0.9945406 1.222328 1.218712 1.061911 1.068718 1.112891 1.342546 1.681597 1.801849 1.779417 1.593228 1.444568 1.514826 1.673275 1.448551 1.702857 1.641542 1.762644 1.715833 1.599306 1.553126 1.204133 1.442911 1.503951 1.716312 1.616466 1.494903 1.322115 1.60373 1.9519 2.247303 2.417006 2.092806 2.060015 1.99731 1.898338 1.906153 1.964494 1.629156 1.47918 0.7806664 1.19646 1.308398 1.505631 1.42264 1.337894 1.197021 1.070799 0.7642967 0.8141037 0.7511602 1.191159 1.452405 2.051618 2.501783 2.308034 2.355375 2.431317 2.353342 2.462268 2.336761 1.724199 1.999097 1.600556 1.757898 1.865915 1.816352 1.970454 2.02581 2.322098 2.380542 2.567086 2.309532 2.014473 1.877368 1.284473 1.085985 0.9019806 1.021569 1.08237 0.8981894 0.8157656 0.5381257 0.4389164 0.8743597 1.019947 0.9820188 0.5060837 0.3829766 
3.306746e-031 0.1601381 0.5916014 1.11169 1.571184 1.923869 2.473215 2.781655 2.853002 2.519809 2.744319 2.597672 2.30018 2.106768 1.768244 1.688374 1.426321 1.410027 1.038975 0.9888727 1.261278 1.328011 1.126625 1.163864 1.27624 1.375124 1.562677 1.634999 1.666043 1.487467 1.599619 1.548513 1.684613 1.743019 1.553239 1.603939 1.700716 1.637201 1.539044 1.535022 1.194323 1.462006 1.509267 1.718982 1.551188 1.530425 1.394953 1.731832 2.063353 2.245484 2.147933 2.067025 2.066707 1.951098 2.082576 1.917062 1.726388 1.668988 1.483295 0.8957244 1.221104 1.298697 1.512415 1.433213 1.318632 1.249983 1.00115 0.76353 0.7486094 0.7494191 1.199671 1.383339 2.083162 2.521639 2.537147 2.086926 2.319111 2.328403 2.247032 2.21097 2.080159 1.741293 1.783579 1.913734 1.837392 1.850188 2.048564 2.07609 2.303102 2.279997 2.473114 2.243821 2.000487 1.900421 1.328543 1.11675 0.8556976 1.043374 1.099964 0.6394943 0.6250592 0.5333939 0.496101 0.6464167 0.8425533 0.7154082 0.1520179 0.03706754 
