rasters-batsmen/yuvrajsingh.asc
ncols         108
nrows         21
xllcorner     -3.075
yllcorner     -1.575
cellsize      0.15
NODATA_value  -9999
[rows 0 to 20 of 21, columns 0 to 61 of 108]
5.595974e-008 0.08356956 0.2491182 0.3030886 0.1844482 0.02494529 0.03559744 0.2068571 0.3468135 0.2915002 0.2622107 0.3295428 0.2516661 0.2798335 0.3238336 0.4444986 0.4592465 0.3984838 0.3403787 0.1758042 0.05234953 0.4766837 0.9313642 1.044808 1.294156 1.300881 1.052227 0.9188564 0.730961 0.585633 0.3339451 0.131419 0.1378891 0.2006171 0.2041453 0.334844 0.5637062 0.6849913 1.244125 1.660003 1.864257 2.243177 2.149407 1.874326 1.725495 1.662379 1.459995 1.249849 1.269886 1.034647 0.6711254 0.5685425 0.5861349 0.6377079 0.8055964 0.6444314 0.6552603 1.091948 1.161788 1.63587 1.579344 1.675643
0.09039833 0.1792203 0.3409098 0.395056 0.2858905 0.1340889 0.1442162 0.3002703 0.4062923 0.3946247 0.2351052 0.2358758 0.1655322 0.2111165 0.2909107 0.4561468 0.4025471 0.3365408 0.238563 0.161429 0.2794446 0.5957873 1.041832 1.447972 1.443025 1.408467 1.064518 0.8647842 0.5966055 0.4875655 0.2847021 0.1267079 0.1360176 0.1904549 0.1980495 0.3038935 0.3327423 0.5967599 0.9611343 1.553047 1.831269 2.263488 2.075374 1.383643 1.221788 1.340243 1.197813 0.9856584 1.138052 0.9878852 0.6507612 0.5606002 0.5729622 0.6192028 0.7827348 0.6300648 0.5778499 1.019705 1.098774 1.370571 1.58472 1.708309
0.3310986 0.4113816 0.5439214 0.5945798 0.5402169 0.4566343 0.4435162 0.5034202 0.5131117 0.4246646 0.2706582 0.1261657 0.05614327 0.1287734 0.3015333 0.4037304 0.3947261 0.2097982 0.1416327 0.10523 0.4990639 0.7585083 1.096019 1.591139 1.85587 1.727225 1.04024 0.6362259 0.471529 0.3385527 0.2014205 0.1187208 0.1267408 0.1709573 0.1886001 0.3081319 0.2419117 0.4149186 0.8836536 1.337539 1.679812 2.402089 2.401834 0.7392836 0.5276202 1.376387 0.5883614 0.5695277 1.009875 1.111061 0.6707432 0.5308681 0.5135717 0.5889786 0.7656204 0.6671973 0.5357603 0.7107915 1.137443 1.178638 1.547387 1.751274
0.6301647 0.7040166 0.7956696 0.8592541 0.8524795 0.8193255 0.7921917 0.7598363 0.6758963 0.5131022 0.2939235 0.09210784 0.007678101 0.07710874 0.2988147 0.4554866 0.4487525 0.2846675 0.2492645 0.6967524 0.5574526 0.4012987 1.219322 1.655031 2.41449 2.258346 0.7756371 0.238216 0.08536707 0.1835833 0.05319156 0.1201878 0.06770025 0.136272 0.212105 0.1951104 0.2158985 0.3745136 0.6298792 0.9241032 1.069476 2.971477 3.162244 2.289339 2.442517 2.2261 0.4108758 0.4996747 1.047544 0.8850121 0.6814184 0.6715205 0.3176021 0.5820996 0.8243167 0.6711352 0.4370013 0.4822742 0.9691443 1.017356 1.483326 1.771184
0.9409916 1.019508 1.100091 1.145115 1.139781 1.107626 1.0676 0.9951791 0.8562409 0.6478341 0.4212744 0.2020748 0.0835574 0.1490972 0.3914441 0.5690745 0.6378638 0.8160757 1.023582 1.577939 2.253937 1.558198 1.406199 1.040249 3.001863 3.333546 2.473705 1.360481 0.4898524 0.3052002 0.2327896 0.2574284 0.1516565 0.1741897 0.1607327 0.1782615 0.5295441 0.8948256 0.3403315 2.635529 3.191835 3.930568 4.120974 2.962338 4.28625 4.16444 1.189971 1.098444 1.430609 1.155174 1.053565 0.64496 0.03604233 0.8355829 0.7689365 0.7372243 0.5931583 0.1374684 0.7729016 1.016155 1.552575 1.509901
1.213705 1.307822 1.389233 1.407706 1.32725 1.199428 1.199959 1.208898 1.087581 0.8722086 0.6333238 0.4448903 0.3703303 0.4332034 0.5892636 0.8642376 1.004383 1.206051 1.462251 2.107144 3.404941 2.163332 1.485267 1.376306 2.029753 2.562882 3.741488 2.319153 1.115743 0.5944868 0.3771416 0.4292657 0.5174872 0.1068072 0.05805228 0.1280929 0.2693417 0.9294506 1.213575 2.2277 3.68747 5.544624 5.776886 1.231991 3.128427 2.222802 1.485405 1.862769 1.577402 1.43746 1.264805 0.9251704 0.8546527 0.9085586 0.7576666 0.781064 1.196125 0.2638548 0.893666 1.015004 1.262476 2.333349
1.458024 1.582239 1.690922 1.703829 1.464847 1.044748 1.168568 1.3897 1.321038 1.110906 0.884931 0.7284034 0.7743143 0.7136962 0.8889607 0.9847876 1.101587 1.332457 1.467742 1.757055 1.963737 2.4033 1.057558 1.559332 2.002805 2.043516 2.096215 1.744114 0.9838054 0.5855539 0.2981603 0.5399305 0.5742062 0.4403439 0.1098808 0.4625334 0.8910256 0.815899 1.09666 1.417178 3.412975 4.45684 5.040888 2.999378 2.663552 4.052139 2.386213 2.262567 2.492647 2.731611 1.284739 0.9259761 1.371733 1.16396 0.8469263 0.9437274 2.350044 1.707496 0.9477786 0.9488192 1.665206 0.2126338
1.670996 1.842129 2.031003 2.190951 2.153879 1.686229 1.650301 1.740754 1.60341 1.364465 1.173973 1.009285 1.030196 0.9565392 0.9964368 1.042814 1.141001 1.254366 1.306992 1.389841 1.781814 1.574243 1.178268 1.545571 2.648003 1.720752 1.167697 1.166608 1.105979 0.6959422 0.3710025 1.407983 0.9136292 0.8170496 0.6481073 0.7232178 0.9197973 1.880347 0.8009176 1.12168 2.776878 3.183539 2.42416 2.126484 2.049228 2.970339 1.727735 1.859581 2.100957 3.082369 3.332582 0.1895684 1.868393 3.908811 1.526389 0.6651481 2.058207 3.496956 0.977196 0.5532853 0.9763644 1.109368
1.840905 2.060356 2.349813 2.760749 3.37049 3.629042 2.809358 2.267203 1.936137 1.674449 1.395161 1.180962 1.13285 1.013984 1.000198 1.000038 1.089523 1.187758 1.097547 1.000896 1.521461 1.165835 0.4209536 1.265082 1.776631 1.143131 0.8657437 1.008284 1.030224 0.893029 0.9489979 1.390597 1.082328 1.055097 1.127828 0.9164053 0.9437 0.823144 0.4922457 0.8696496 0.8040807 0.672279 0.9388903 0.8759758 1.272757 2.819616 1.820856 1.254749 1.267113 2.065326 1.47886 1.78256 2.246325 1.909058 0.2609727 0.4897882 0.5454651 1.07037 0.771769 2.388009 0.1011543 2.408828
1.952462 2.195778 2.523146 2.988046 3.603399 3.835808 3.214459 2.65401 2.283116 1.967277 1.623286 1.44332 1.234538 1.059496 1.033538 1.050511 1.13093 1.159313 1.040209 1.150818 1.321842 1.395681 1.682461 2.048001 1.113885 1.208995 1.193127 1.043603 0.9620445 0.9916436 0.8860113 0.9015912 0.8632078 0.9436709 1.026497 0.1309452 1.052327 0.4548336 0.6834235 0.4648525 0.8773453 0.7903453 2.730905 0.8667988 1.41492 2.147442 0.3777526 1.787144 5.363504 2.247393 0.2902792 1.118566 1.143595 0.8943679 0.4616227 0.4122206 0.4007174 0.9986065 0.723731 0.5758145 0.8169667 1.443801
2.019281 2.253617 2.545624 2.894607 3.228227 3.326098 3.152502 2.972588 2.733485 2.320335 1.883582 1.546584 1.295548 1.152313 1.124333 1.135244 1.201111 1.231017 1.238007 1.268384 1.354064 1.320286 1.087669 1.86534 1.343612 1.252651 1.28554 1.22657 0.9993558 1.474044 0.141309 0.5543481 0.9760351 0.9880355 1.125324 1.351052 2.960826 1.269773 0.5771174 0.8943424 0.9307452 0.9835082 1.304617 2.286156 2.885342 3.655725 0.592167 1.400547 1.410502 2.297857 0.7444417 0.7926117 0.1034771 0.9854902 0.9095854 0.5880099 0.8657209 0.07192778 0.4535618 0.8708653 0.3157073 0.5751539
2.006853 2.222491 2.471523 2.73558 2.971764 3.157347 3.37931 3.532192 3.26083 2.724217 2.184096 1.742157 1.476231 1.297327 1.118697 1.089093 1.104941 1.122797 1.143801 1.175818 1.214189 1.255813 1.290454 1.410722 1.352034 1.273885 1.336894 0.8686899 0.9575026 1.093352 0.8047431 0.7547467 0.8391809 0.2585787 1.024856 1.36946 2.514113 1.58304 0.7662691 0.7830487 0.434334 0.7993686 1.75285 2.250825 1.32079 4.958144 2.025168 2.079731 2.901653 1.620797 0.7837585 0.7214764 0.8814261 2.204585 0.7293904 4.474434 1.492376 1.880062 1.445956 1.130607 1.327112 1.585127
1.941772 2.1408 2.366859 2.611565 2.87742 3.216686 3.686815 3.985412 3.671465 3.007878 2.394095 1.93985 1.616161 1.413597 1.30006 1.291529 1.115931 1.128192 1.140176 1.146689 1.131532 1.065146 0.891492 0.8411857 1.055041 1.255806 1.079947 0.7542744 0.8103694 0.6972973 0.4807657 0.5124552 0.2573486 0.2496706 0.9650452 1.300294 1.171182 1.370692 0.8487815 0.8596363 1.008021 2.676911 1.018926 3.133324 2.531047 1.609104 2.648112 3.28453 4.131097 2.822272 0.4975569 1.110219 0.8699637 0.2980956 1.231796 1.592996 0.918681 2.538187 4.724248 3.162424 2.630455 1.228267
1.823815 2.011178 2.229883 2.479451 2.774035 3.148601 3.581662 3.816568 3.563831 3.02125 2.460715 2.039893 1.72176 1.502337 1.366559 1.293208 1.118505 1.122489 1.119881 1.09763 1.026256 0.8277822 0.3195211 0.07222502 0.6929613 1.064687 1.004689 0.7373866 0.6478203 0.519752 0.201336 0.1492318 0.29992 0.3739985 0.9073374 1.307611 1.290197 1.28816 1.085184 1.012905 1.560672 2.355389 1.115666 1.902222 1.996601 0.958219 2.012163 2.978113 4.869947 3.954081 3.160704 1.46673 1.010729 1.141269 2.183508 1.72665 2.200616 2.621025 3.01386 3.107286 3.653318 1.993118
1.645264 1.822547 2.038787 2.290227 2.577406 2.897001 3.194316 3.337672 3.171066 2.813058 2.364846 2.026408 1.777333 1.556897 1.411936 1.328332 1.115835 1.111997 1.097025 1.0573 0.966782 0.7766364 0.4638116 0.3903195 0.6883692 0.8169019 0.9427965 0.6200994 0.53861 0.4626229 0.3499167 0.3308559 0.4286177 0.4585319 0.9283633 1.332181 1.23053 1.449309 1.363578 1.122529 1.420391 1.704678 1.520748 1.734176 1.873394 1.981299 2.418126 3.157948 3.780699 4.398789 5.14059 2.241757 1.361527 1.16372 1.358462 1.624453 2.499232 2.802551 2.759093 2.922956 2.765403 2.413349
1.395908 1.561509 1.777694 2.029879 2.299244 2.560093 2.763548 2.867526 2.764747 2.522286 2.228087 1.992806 1.789062 1.793152 1.44251 1.354838 1.290588 1.102109 1.081348 1.039412 0.9637588 0.8458533 0.7151384 0.6868833 0.8276906 0.8184324 0.8590812 0.5315024 0.5164141 0.4373564 0.4334476 0.4632015 0.4897949 0.4917392 0.7339566 1.101362 1.132807 1.416391 1.214007 1.026149 1.305279 1.564448 1.56918 1.446848 1.607198 1.712179 2.026333 1.937344 2.647381 3.421079 3.319942 2.50755 1.48342 1.387426 1.175304 1.547401 2.441636 3.213165 2.552059 2.947297 2.853402 2.319604
1.072925 1.223729 1.445756 1.709301 1.976088 2.210025 2.420199 2.480958 2.422295 2.273409 2.077306 1.915602 1.825328 1.811914 1.461151 1.374626 1.3076 1.09586 1.074892 1.039381 0.9861872 0.9201119 0.8621492 0.9312892 0.9331589 0.8415386 0.7897692 0.5176525 0.5097218 0.4461248 0.5221381 0.5182137 0.5321136 0.5109936 0.7431164 1.089777 1.373235 1.429601 1.216263 1.265043 1.256469 1.520349 1.492105 1.166084 1.582231 1.57033 1.536111 0.1392063 1.20396 2.456436 2.633072 2.112035 1.571712 1.477502 1.100035 1.144892 1.986037 2.847513 2.769137 2.546129 2.90746 2.439118
0.6983393 0.8309209 1.066626 1.357164 1.643056 1.880767 2.039742 2.16517 2.148254 2.024015 1.976903 1.830615 1.732312 1.817915 1.471176 1.389434 1.323437 1.093618 1.075321 1.048168 1.012727 0.9749931 0.8482803 1.030273 0.8503348 0.8592834 0.7888309 0.5139533 0.5093822 0.5037603 0.5531247 0.5516171 0.5604365 0.5240585 0.9415237 1.085582 1.303322 1.429913 1.211567 1.188781 1.22937 1.485837 1.379957 1.592114 1.558183 1.535846 1.705107 1.387908 1.67774 2.474571 2.360692 2.214006 1.55427 1.472562 1.392121 1.113382 2.113771 2.949874 2.71316 2.756788 2.905717 2.739928
0.3371587 0.4496466 0.7002442 1.022465 1.336517 1.590894 1.820793 1.911751 1.891428 1.84566 1.849947 1.794878 1.68288 1.755778 1.475539 1.400622 1.40122 1.094421 1.079622 1.059699 1.03612 1.013462 0.8855483 0.9318076 0.8803906 0.8726317 0.7927441 0.5144575 0.5114213 0.512929 0.5159197 0.5737463 0.5799304 0.719784 0.9570474 1.085454 1.300653 1.420751 1.140948 1.18106 1.140555 1.446556 1.453836 1.585575 1.561273 1.940076 2.250911 2.214702 2.191289 2.378716 2.524921 2.136124 1.885706 1.468673 1.413884 1.355794 2.111924 2.552248 2.892769 2.735685 2.974253 2.78334
0.08408418 0.1783744 0.4302215 0.7648956 1.092832 1.356794 1.569169 1.67468 1.713228 1.787028 1.788504 1.717072 1.810039 1.73405 1.476469 1.471676 1.415354 1.366271 1.085604 1.007118 1.055136 0.9222955 0.9076709 0.9599047 0.8962782 0.8204885 0.7988627 0.516859 0.5149246 0.5203578 0.5253706 0.5892891 0.5938767 0.7355388 0.9700803 1.371324 1.299829 1.413723 1.142974 1.17394 1.108473 1.352682 1.310587 1.588444 1.965435 2.047736 2.350269 2.606153 2.456628 2.453168 2.503348 2.096173 1.869766 1.454394 1.423333 1.374927 2.112919 2.523987 2.864786 2.509949 3.36112 2.81011
1.68031e-031 0.08069879 0.310729 0.6228604 0.9337365 1.216199 1.402309 1.517382 1.57253 1.669978 1.694922 1.648226 1.768002 1.710707 1.466556 1.478992 1.428041 1.383407 1.092 1.016266 1.070285 0.9335895 0.9831954 0.9186776 0.9062006 0.8260705 0.8054366 0.5201524 0.5199551 0.5263221 0.532089 0.6006932 0.604224 0.7478091 0.981032 1.386089 1.299109 1.108974 1.070262 1.088133 1.083279 1.326889 1.236723 1.662018 2.337031 2.136553 2.386198 2.817122 2.599568 2.450111 2.506896 2.07824 2.117818 1.438533 1.416577 1.66593 2.115122 2.05557 2.846453 2.93322 3.007453 2.825577
