rasters-bowlers/amitmishra.asc
ncols         108
nrows         21
xllcorner     -3.075
yllcorner     -1.575
cellsize      0.15
NODATA_value  -9999
4.596991e-008 0.07369599 0.2960134 0.6326404 1.018701 1.391635 1.71168 1.962324 2.141308 2.277449 2.315425 2.290191 2.200881 2.044433 1.820168 1.542016 1.270771 1.082117 1.089034 1.263852 1.479128 1.47766 1.345979 1.222142 1.171688 0.9740293 0.9642183 0.9511568 0.9347475 0.9771059 1.027984 1.019262 0.8843383 0.8917672 0.9120896 0.8715033 0.9633567 1.054269 1.079442 1.09821 1.161124 1.15509 1.145172 1.187061 1.171851 1.312945 1.867217 1.888916 2.068805 1.987288 2.188942 2.414502 1.810643 1.756435 1.328833 0.9179055 0.6310266 0.7740402 0.8546538 0.9324488 0.8593249 0.862543 0.7980974 1.14691 1.216874 1.212401 1.077634 1.141516 1.148763 1.540856 1.506106 1.463598 1.475196 1.809135 2.485726 2.367788 2.359462 2.971509 2.847667 2.675386 2.684699 2.387154 2.400938 2.287621 2.287768 2.286762 2.156169 1.831461 1.87952 1.859902 1.588876 1.551223 1.509303 1.255088 1.214704 1.167896 1.113109 1.045978 0.9639973 0.8335562 0.7243959 0.5980584 0.4574779 0.3115381 0.176001 0.07050282 0.01106818 0.002576126 
0.07191361 0.1530115 0.384555 0.7308292 1.125208 1.504433 1.82917 2.083682 2.266217 2.406851 2.446242 2.420644 2.327247 2.159778 1.91275 1.595131 1.268451 1.038162 1.048584 1.260782 1.503179 1.500255 1.557265 1.225107 1.174117 0.9838988 0.9749539 0.961667 0.9436598 0.8632884 1.021359 1.00824 0.8720263 0.8125244 0.7662295 0.8601742 0.9593543 0.9992824 1.093828 1.178836 1.176242 1.167541 1.152972 1.185461 1.166285 1.621532 1.849738 1.838444 2.101725 2.028008 2.199534 2.37665 1.719848 1.70283 1.302193 0.920409 0.6377168 0.7758976 0.854116 0.9328146 1.078848 1.08547 0.8036115 1.146931 1.213018 1.203561 1.190567 1.135848 1.144475 1.525245 1.504327 1.46834 1.481169 2.125208 2.343356 2.342216 2.570776 2.911087 2.622304 2.63594 2.651487 2.370287 2.146435 2.278264 2.27944 2.278936 2.149693 1.83461 1.879776 1.617659 1.599136 1.336907 1.305921 1.270453 1.230103 1.18405 1.130873 1.024734 0.9489808 0.8594902 0.7535295 0.6298353 0.4907127 0.344587 0.2072755 0.09912719 0.03713337 0.0266956 
0.2813236 0.3744353 0.6037408 0.9362356 1.312164 1.674713 1.987946 2.236793 2.418767 2.564521 2.608836 2.590161 2.504826 2.346007 2.108173 1.82001 1.485414 1.260838 1.258211 1.432177 1.623141 1.557212 1.582325 1.450668 1.217702 0.995392 0.9879131 0.9754764 0.9566056 0.8749518 0.9020297 0.9956968 0.8559254 0.8551435 0.6875787 0.8403706 0.9505168 1.006197 1.114457 1.147593 1.198164 1.185205 1.16302 1.181572 1.386681 1.59754 1.822584 2.110758 2.150035 2.274598 2.225704 2.17519 1.720152 1.612125 1.049013 0.9215168 0.6442465 0.7767323 0.9256229 0.9327628 1.151904 1.021014 0.8109432 1.147811 1.146289 1.191646 1.175161 1.125649 1.136822 1.449651 1.445274 1.478334 1.492188 2.122702 2.678106 2.298609 2.503165 2.992633 2.564481 2.590317 2.328374 2.352089 2.138244 2.268601 2.271067 2.146217 2.143217 1.838887 1.639305 1.621882 1.602063 1.354334 1.322128 1.285835 1.245385 1.20029 1.108378 1.046768 0.9757529 0.8923675 0.7937729 0.6784601 0.548225 0.4105676 0.2799408 0.1752136 0.1124563 0.0972602 
0.5883438 0.694865 0.9130351 1.215592 1.555135 1.885828 2.177147 2.414752 2.594672 2.747908 2.801627 2.797399 2.731372 2.598023 2.39545 2.155652 1.880673 1.6901 1.649579 1.720355 1.800725 1.632306 1.61149 1.456074 1.297333 1.279553 1.002198 0.9919678 0.9734936 0.891063 0.9065888 0.8688704 0.8964673 0.8265329 0.7771063 0.7527689 0.8744481 1.013942 1.094789 1.238547 1.231753 1.212836 1.335263 1.172769 1.362718 1.39787 1.71349 2.106826 2.209604 2.359605 2.284148 2.152592 1.630164 1.196618 1.041857 0.9224159 0.7133619 0.7757188 0.9226916 0.8625772 1.153977 0.9639228 1.029313 1.276275 1.142873 1.176309 1.150567 1.104195 1.122289 1.37805 1.455097 1.499415 1.821417 2.237081 2.606416 2.435036 2.392113 2.547365 2.494576 2.53938 2.303141 2.108605 2.129901 2.258776 2.141091 2.140285 1.795407 1.844564 1.647419 1.627194 1.604933 1.372468 1.338354 1.300555 1.387525 1.335852 1.126228 1.068791 1.003929 0.9287753 0.8405942 0.7378913 0.6221016 0.499531 0.3822661 0.2860425 0.2244861 0.2029681 
0.9328882 1.050644 1.253679 1.521448 1.819742 2.114546 2.381495 2.607371 2.786759 2.917814 3.019214 3.035714 2.996261 2.89565 2.762611 2.540045 2.316489 2.142478 2.047022 2.008021 1.744654 1.703642 1.732429 1.665203 1.286903 1.246815 1.014242 1.007817 0.993586 0.9123776 0.9144639 0.8657886 0.7050192 0.7881706 0.7792721 0.6615031 0.8385166 1.020963 1.159766 1.308758 1.284421 1.267584 1.316139 1.119332 1.319201 1.375445 1.670024 2.075365 2.44103 2.530528 2.39906 1.932303 1.528489 1.006759 1.029538 0.9717324 0.7018803 0.7736623 0.8485777 0.9289902 1.094537 0.9858835 1.109481 1.274321 1.139535 1.165682 1.020437 1.053969 1.127275 1.371896 1.484127 1.851454 2.172552 2.513524 2.480458 2.240069 2.443926 2.397143 2.415833 2.486356 2.276368 2.09428 2.121161 2.131239 2.135823 1.80378 1.807174 1.851908 1.657415 1.635667 1.610127 1.58112 1.489673 1.440615 1.390111 1.338979 1.14128 1.088411 1.030482 0.9646864 0.8884186 0.8002847 0.7014304 0.596899 0.4960917 0.4110553 0.352375 0.3248509 
1.262574 1.387925 1.576249 1.813085 2.075247 2.338871 2.585398 2.803164 2.985794 3.129567 3.252454 3.293924 3.284027 3.214696 3.101917 2.908047 2.701459 2.515137 2.322789 2.234819 1.858363 1.758941 1.762764 1.665932 1.384934 1.208652 1.146774 1.01278 0.9828728 0.9381602 0.8162646 0.8658777 0.7001701 0.6526958 0.6880969 0.6150178 0.7380738 0.9643452 1.292582 1.576184 1.431386 1.466978 1.254378 1.085408 1.20171 1.299053 1.448501 1.997342 2.292923 2.568291 2.659398 2.051355 1.594718 1.004355 1.018829 0.6086661 0.6796807 0.7195502 0.8470669 1.11059 1.113445 1.032874 1.124406 1.151551 1.134263 1.165884 1.028979 1.004053 1.12425 1.412353 1.549622 1.878244 2.177842 2.560446 2.438483 1.999089 2.030836 2.140692 2.344848 2.202695 2.245345 2.075437 2.10774 2.125192 1.814653 1.821997 1.927372 1.861049 1.672626 1.647004 1.616963 1.624773 1.494639 1.441085 1.38736 1.335486 1.151407 1.103185 1.052484 0.9963189 0.9320666 0.8583649 0.77608 0.6891072 0.6044394 0.5308262 0.4760546 0.4441727 
1.545696 1.67554 1.852113 2.065738 2.301276 2.54252 2.77576 2.991081 3.181643 3.341992 3.488972 3.556476 3.575537 3.532937 3.425697 3.236042 3.01865 2.803771 2.600427 2.351496 1.943516 1.791737 1.780616 1.671579 1.389712 1.182101 1.047297 1.014269 1.108788 0.9715912 0.995666 0.872031 0.7056944 0.6444883 0.5201377 0.3963594 0.6788148 0.8740024 1.252849 1.893753 1.312509 1.408082 1.143401 1.046804 1.054478 1.415473 1.256875 1.334231 2.235858 2.101957 3.39766 1.636059 1.256975 0.8873167 1.145191 0.7191777 0.6822724 0.7463428 0.8016292 1.061829 1.117803 1.161981 1.18439 1.141303 1.172137 1.151166 1.07261 1.191295 1.174509 1.51236 1.913121 1.940013 2.290083 2.667092 2.225233 1.272589 1.409318 2.027317 2.31995 2.175534 2.00751 2.044875 2.092674 1.824969 1.845341 1.948418 1.940896 1.870842 1.832789 1.70469 1.667114 1.622954 1.498326 1.437249 1.377504 1.201282 1.154375 1.11086 1.067528 1.020815 0.9678184 0.9070885 0.8392377 0.7672724 0.6963676 0.6328079 0.5822332 0.547944 
1.896674 2.031597 2.203533 2.405347 2.62631 2.715312 2.942812 3.161569 3.36459 3.54443 3.691443 3.802508 3.841313 3.829843 3.716934 3.519121 3.279149 3.035431 2.789293 2.479447 2.003642 1.892101 1.762318 1.664584 1.417529 1.341561 1.164767 1.206679 1.201288 1.220598 1.036352 0.8206616 0.7329206 0.689753 0.5162151 0.1684707 0.8867609 0.806219 0.9547413 0.9380538 1.157891 1.335757 1.028813 1.044715 1.575449 1.765792 1.142791 1.004482 1.780784 3.31403 3.739362 0.8357212 1.176393 1.633856 1.304875 0.9553716 0.7788865 0.8717544 0.9755876 0.7989391 1.158584 1.474633 1.143082 1.250694 1.076413 1.102144 1.147783 1.339439 1.180831 1.55887 2.023994 2.117468 3.185719 3.045867 2.48131 1.35943 1.547264 2.104996 2.362428 2.11943 1.924177 1.989973 1.99164 1.878724 1.990061 1.978372 1.957092 1.784838 1.751642 1.717931 1.677312 1.625462 1.562914 1.428429 1.358462 1.19382 1.147948 1.109605 1.074058 1.036612 0.9938253 0.9440954 0.8878824 0.8276417 0.7673826 0.711787 0.6650507 0.6298622 
2.066883 2.202658 2.36856 2.559955 2.769824 2.990146 3.213204 3.432114 3.640004 3.827341 3.977265 4.070999 4.066795 4.037158 3.988285 3.750234 3.492997 3.236758 2.967929 2.645072 2.216426 1.833417 1.649539 1.600473 1.434715 1.430943 1.439123 1.480191 1.424364 1.32733 1.13012 0.9988822 0.8908174 0.7883698 0.7572134 0.9527946 0.7769986 0.5975161 0.5186047 0.8780748 1.424648 2.149382 1.218537 1.001211 1.191771 2.933541 1.1183 0.9825078 1.371037 2.844755 2.28123 2.309526 1.438952 0.8887536 0.9184936 1.138267 0.04696574 1.384391 0.806232 0.5322005 1.394863 0.6808931 0.9443967 1.006007 0.6059273 1.044012 1.624842 1.348879 1.145418 1.78976 2.380237 2.724349 3.296503 3.341079 2.953268 2.777501 2.540619 2.500319 2.177504 1.945084 1.72491 1.828998 1.895627 2.032163 2.021973 1.971783 1.925468 1.800924 1.769144 1.739988 1.698904 1.637158 1.556234 1.413937 1.327783 1.174566 1.130209 1.098411 1.071673 1.043574 1.010002 0.9692746 0.9218894 0.8701105 0.8173608 0.7674382 0.7236957 0.6884094 
2.172411 2.309253 2.472826 2.659986 2.865876 3.084819 3.311271 3.540279 3.766649 3.981402 4.162216 4.260553 4.154299 4.005015 4.098146 3.996906 3.766546 3.556093 3.328006 2.975363 2.276623 1.695765 1.358428 1.4366 1.479969 1.45345 1.480759 1.635689 1.778951 1.490493 1.167103 1.109938 0.9790043 0.7525818 1.043138 1.325178 0.7708267 0.5436206 0.5064048 0.8642653 1.750645 1.912913 2.156573 0.5006607 0.7449256 1.124286 1.465062 2.501829 0.8860329 2.824085 0.6008787 2.060135 0.1702665 0.7553362 0.9848149 0.4710896 1.208141 0.7886671 0.6318944 0.230485 0.2974751 0.9532378 1.228115 1.775115 1.909879 1.093677 1.042536 1.028451 1.197493 1.718271 4.261938 2.917387 2.900547 3.188192 3.536497 3.502221 3.153971 2.878539 2.164815 1.443643 1.31722 1.791562 2.283108 2.269545 2.142081 2.010956 1.929346 1.81122 1.792928 1.779852 1.742314 1.665548 1.55581 1.433394 1.283176 1.141428 1.100553 1.077888 1.061544 1.043004 1.017659 0.9839843 0.9427595 0.8963892 0.8481811 0.8016074 0.7596592 0.7244204 
2.215704 2.354179 2.518669 2.706627 2.914086 3.136497 3.369767 3.611088 3.85901 4.111796 4.361418 4.573918 4.630417 4.44398 4.406727 4.16169 3.885422 3.738307 3.580568 3.200638 2.553443 1.596209 1.014876 1.286805 1.495603 1.377595 1.341925 1.480445 1.832107 1.46286 1.272214 1.137233 0.9333811 0.773336 1.302273 1.504367 0.8659147 1.276645 0.6163263 3.568969 1.074865 1.683348 1.141412 2.840143 2.109464 1.261036 0.8540725 2.672776 1.144372 5.610004 1.039905 0.6091572 1.632711 0.8211527 0.6917117 0.7828759 0.5188823 0.87723 1.205049 0.5194113 0.5863847 0.8135543 0.5644515 1.393098 0.9839113 1.359599 1.373924 1.043538 0.925052 1.377489 3.089949 2.10919 2.465343 3.724759 4.268547 3.803535 3.749631 3.181962 2.096567 0.8344412 1.071527 2.036725 3.056867 2.714576 2.260155 2.011638 1.904208 1.811099 1.829269 1.850947 1.81994 1.71679 1.56284 1.395535 1.172054 1.095714 1.06181 1.051525 1.04683 1.037486 1.018988 0.9902413 0.9525022 0.9085701 0.8620058 0.8163976 0.7747735 0.7392485 
2.197332 2.338056 2.506468 2.699724 2.913483 3.143018 3.38464 3.637126 3.903168 4.191505 4.522677 4.954702 5.562061 5.807622 4.97987 4.300035 3.956576 3.914724 3.887092 3.533026 2.871572 1.956166 1.467729 1.552853 1.616783 1.409915 1.120531 1.064664 1.308591 1.270638 1.166376 1.357442 0.651237 0.5141324 1.749118 2.008079 1.509972 1.381809 0.8686902 3.389955 1.682954 0.8376529 0.8189647 1.82608 1.273628 1.156906 1.076679 1.04206 0.8195308 0.3610915 0.9505622 0.3732002 2.405221 0.8873211 0.3107137 1.004753 0.1063766 0.9387376 0.9623546 1.838864 0.8396544 1.026291 0.7149367 1.338455 0.538092 2.057691 2.286793 1.360566 1.473337 1.49815 1.541336 1.201063 2.597694 5.383668 4.033975 3.600466 3.94226 3.153611 2.528039 1.074666 1.302344 2.476312 3.956978 2.904548 2.178439 1.90375 1.829955 1.795551 1.875803 1.948422 1.920549 1.777519 1.569921 1.355444 1.144915 1.047553 1.023 1.026715 1.032431 1.030281 1.016364 0.9899563 0.9527847 0.9081792 0.8602414 0.813065 0.7700869 0.733681 
2.115311 2.258715 2.434128 2.637411 2.862368 3.102494 3.35297 3.612504 3.885227 4.183715 4.535405 4.993658 5.545905 5.69721 4.991776 4.274032 3.961479 3.973761 4.009482 3.949142 3.242198 2.379718 1.973393 1.841754 1.856046 1.799406 1.241992 1.243058 1.061508 1.29382 1.323658 2.245095 1.917512 1.458291 1.600035 1.658533 0.9228367 0.9815351 1.097642 1.375267 2.092947 2.671215 1.048503 2.641056 1.233944 2.264344 0.7931395 1.989981 0.9857196 0.7355551 0.4565043 0.803505 2.020864 2.990244 1.259606 0.9397871 2.116052 5.095443 0.7842372 0.8396263 0.4490685 0.9439008 1.008371 1.466691 1.045046 0.8052983 1.287864 0.9450861 2.239985 2.55167 1.02891 1.550166 1.863374 3.432221 2.197057 3.189128 3.515172 1.819786 3.509219 2.492887 1.632474 1.958897 2.437263 1.996147 1.626351 1.561848 1.616805 1.75035 1.885901 1.990014 1.960075 1.793661 1.55857 1.321985 1.109525 1.019961 1.000781 1.012766 1.022885 1.024088 1.011497 0.9842378 0.9443102 0.8955894 0.8429673 0.7914563 0.7453184 0.7074308 
1.965469 2.111504 2.297382 2.516464 2.758801 3.014113 3.274624 3.53696 3.803118 4.080851 4.398604 4.71058 4.980961 4.969836 4.548863 4.079848 3.87973 4.001352 4.670084 5.260026 3.255903 2.351026 2.078635 1.760813 1.412446 3.180855 3.786561 2.080424 1.578177 1.453346 1.212713 1.178148 1.784053 1.429995 1.104633 1.065706 0.53128 0.6914467 0.2016565 1.116366 1.425811 4.151964 5.603582 3.860848 1.205263 3.062359 1.517015 1.073634 0.6291521 2.872452 0.9640957 1.567425 1.395804 0.2343456 1.87342 0.6766229 0.8789939 1.882215 1.194401 1.170964 0.9388996 1.644891 0.4365597 0.5475046 1.297755 0.8939969 1.708119 0.8720622 1.155491 1.377542 0.5348024 0.6815833 1.849455 3.067065 2.803533 2.326609 2.198797 1.525931 2.397208 1.187221 1.093117 1.487869 1.319061 0.6943024 0.8812951 1.30499 1.546934 1.66314 1.808364 1.897221 1.871075 1.730067 1.522268 1.305824 1.10496 1.027182 1.000547 1.008773 1.019519 1.01987 1.00469 0.9728914 0.9264604 0.8697485 0.8087172 0.7498394 0.6987479 0.6590981 
1.743165 1.890854 2.091197 2.333564 2.601719 2.879124 3.15327 3.417448 3.670123 3.912394 4.155762 4.340405 4.440222 4.374735 4.10228 3.804284 3.641732 3.729751 4.426991 4.738887 1.378759 1.793454 2.046805 1.794258 1.388413 3.665727 4.788242 2.783229 1.947106 1.55382 1.381974 1.169936 1.214084 1.198196 1.015158 0.8273331 0.6850303 1.012663 1.104048 1.157012 0.1948807 2.013935 3.170843 3.324946 2.80124 1.28336 2.935111 2.51358 1.319859 0.8977131 0.4021851 0.9046913 1.043758 0.65918 0.7683336 0.7923786 2.118701 2.348238 1.929184 1.556601 1.140541 0.8605774 0.9352244 1.150426 0.9394733 0.6959872 0.9628028 0.7625112 1.151094 0.8693195 0.4002939 0.7619279 1.297631 2.944581 2.7713 1.960117 1.57137 1.595784 1.810639 1.294486 1.336432 1.373116 0.8438182 0.01778918 0.519348 1.103318 1.434238 1.563999 1.691151 1.754186 1.73592 1.637043 1.481851 1.248905 1.123109 1.048149 1.014274 1.016446 1.021953 1.016538 0.9945903 0.954358 0.8973758 0.8283632 0.7547489 0.6852613 0.6276786 0.5867237 
1.447429 1.594273 1.813348 2.088258 2.393092 2.702041 2.996352 3.265923 3.50686 3.717067 3.900934 4.007193 4.028336 3.939191 3.755852 3.514005 3.276119 3.000244 2.697774 2.683055 1.689562 1.831174 2.093091 2.097478 2.189919 2.87873 3.088309 2.600082 2.011204 1.647411 1.417544 1.203209 1.114132 1.031421 0.89156 0.8463863 1.275023 2.976564 2.117659 3.105947 1.150856 1.279619 2.483724 2.279386 0.7184607 1.217952 0.8121407 1.164657 1.475222 1.752851 2.841165 0.4752358 0.3224376 1.929812 0.08873145 0.9601839 3.862962 3.288105 2.148653 1.529564 1.076559 0.8573612 1.064265 1.100798 0.9657872 1.089597 1.062601 1.689054 1.164006 1.033068 0.6410745 1.043049 1.231792 1.520267 2.347563 2.24875 2.108013 2.204533 2.127092 1.743097 1.584835 1.441668 1.060656 0.6519833 0.8378197 1.155254 1.413545 1.49714 1.59836 1.643917 1.632058 1.565043 1.455789 1.251688 1.152966 1.087189 1.055629 1.03302 1.026877 1.011154 0.9787186 0.926392 0.8547848 0.7689117 0.67825 0.5949332 0.5299498 0.489322 
1.088728 1.230309 1.471606 1.78862 2.141705 2.492455 2.814784 3.096047 3.332274 3.544735 3.669285 3.732919 3.727335 3.644654 3.503562 3.279564 2.991474 2.554656 2.042733 2.25785 2.268797 2.159781 2.208096 2.257501 2.300363 2.494694 2.394546 2.281285 1.982971 1.698473 1.446074 1.173771 1.060462 0.8969438 0.5569256 0.09144446 1.445068 1.433277 1.836235 1.678314 1.229225 1.41267 1.677276 2.632989 1.934105 1.50782 0.9750701 1.112395 1.345725 1.256988 1.143434 1.187675 1.397563 1.382087 0.8745733 1.148078 1.535914 1.931922 1.917054 1.553049 1.384608 0.9685865 0.9336058 1.072771 1.055624 1.24268 1.385829 1.49424 1.233766 1.123267 0.6844398 1.2052 1.519835 1.753855 2.227395 2.291375 2.690871 3.596048 3.144319 2.177946 1.959664 1.58892 1.353991 1.158716 1.223998 1.354725 1.502744 1.475177 1.546058 1.577283 1.568813 1.522367 1.445831 1.256372 1.181381 1.125496 1.091447 1.047496 1.02866 1.000414 0.9549543 0.8876148 0.7978351 0.6909285 0.5791297 0.4793983 0.4071847 0.3698378 
0.69955 0.8302354 1.094388 1.459273 1.86807 2.267231 2.622987 2.921363 3.160258 3.359336 3.466189 3.515889 3.506256 3.436961 3.332665 3.138219 2.893093 2.594658 2.362448 2.391268 2.399179 2.37985 2.294676 2.28789 2.234551 2.300604 2.077324 2.103469 1.932352 1.701349 1.460716 1.148727 1.113717 0.9758708 0.8097552 0.903177 1.560183 1.978619 1.798838 1.648057 1.486416 1.544458 2.021986 2.275513 1.863413 1.377964 0.8862453 1.131726 1.240344 1.453088 1.289484 1.232661 1.313552 1.342408 0.9724278 1.257639 1.62378 1.88165 1.967112 1.842937 1.459718 0.9691242 0.8986247 1.109505 1.063934 1.381485 1.436527 1.466706 1.502211 1.17075 1.065394 1.119201 1.641813 1.875923 2.079799 2.407513 2.897823 3.49473 3.283413 2.423751 2.125835 1.726668 1.551141 1.424263 1.429638 1.510669 1.580351 1.645187 1.530903 1.548299 1.539047 1.504189 1.448768 1.259076 1.201448 1.153455 1.117515 1.089952 1.023957 0.9828686 0.9233175 0.839461 0.7296037 0.5994122 0.4644155 0.3475512 0.2696704 0.2391285 
0.3405775 0.4561804 0.7384024 1.146618 1.606957 2.051132 2.438556 2.754813 3.027356 3.191705 3.295607 3.344117 3.340575 3.288465 3.19251 3.068544 2.891099 2.712247 2.586188 2.548455 2.477195 2.456134 2.309376 2.305684 2.189054 2.194213 1.905818 1.998115 1.826446 1.679672 1.469341 1.194069 1.239799 1.065001 1.060814 1.270413 1.547521 1.737189 1.741752 1.657982 1.555928 1.321304 2.237611 1.962598 1.759832 1.461616 1.076462 1.141119 1.256254 1.438225 1.251779 1.070436 1.219884 1.029408 0.9922002 1.372408 1.75928 1.799384 1.95111 1.929383 1.479237 1.026632 1.086522 1.028832 1.401525 1.418081 1.450764 1.464589 1.148683 1.181347 1.04841 1.265081 1.714664 1.944414 2.114033 2.424451 2.748757 2.772956 2.809599 2.349741 2.187514 2.000748 1.672666 1.621918 1.577336 1.628241 1.654675 1.683519 1.692974 1.540479 1.529243 1.501265 1.305792 1.259899 1.21289 1.170023 1.132512 1.09753 0.9683385 0.9158605 0.8437084 0.7463688 0.6221317 0.5073086 0.3516715 0.2205245 0.1397575 0.1181203 
0.08838303 0.1895644 0.478582 0.9106149 1.401253 1.872747 2.279983 2.606433 2.879922 3.047313 3.153422 3.206565 3.213225 3.179222 3.110786 3.034455 2.907372 2.788648 2.699193 2.647225 2.531889 2.50261 2.324646 2.308481 2.153243 2.127099 1.85907 1.689638 1.776513 1.659725 1.594448 1.318296 1.137256 1.142021 1.267815 1.375793 1.512362 1.681155 1.689347 1.656597 1.587358 1.673102 2.199672 1.920412 1.590915 1.131626 1.092689 1.241318 1.24371 1.435762 1.310393 1.474319 1.251349 1.014971 0.9976236 1.344493 1.818958 1.8153 1.959394 1.943392 1.485558 1.091165 1.158692 0.9485327 1.432068 1.090966 1.457695 1.465258 1.134508 1.18195 1.141046 1.311976 1.271271 1.981631 2.124772 2.332724 2.609816 2.43305 2.413018 2.222886 2.052139 2.051481 1.743548 1.664383 1.671612 1.656681 1.71717 1.723002 1.716394 1.702379 1.678013 1.50708 1.299216 1.260989 1.220229 1.17968 1.139846 1.098389 1.050242 0.8853537 0.8042973 0.6971184 0.5620443 0.4058559 0.2481742 0.1187657 0.04378738 0.0330901 
1.894755e-031 0.09251142 0.3732023 0.7985508 1.285171 1.755013 2.160797 2.517394 2.757402 2.926323 3.03561 3.095025 3.112567 3.095259 3.05008 3.01436 2.919307 2.831574 2.760077 2.608299 2.567494 2.533507 2.327584 2.305101 2.125775 2.084516 1.796311 1.623085 1.738406 1.708583 1.605494 1.34493 1.174569 1.192074 1.337669 1.413013 1.54471 1.642446 1.654195 1.584847 1.601696 1.627061 2.073649 1.969197 1.572294 1.285924 1.164541 1.239947 1.237546 1.450111 1.30705 1.382427 0.9357296 1.008721 1.3159 1.35555 1.780072 1.805096 2.292062 1.952106 1.913899 1.385343 1.160628 0.9411131 1.522123 1.093305 1.461949 1.467382 1.124865 1.180863 1.154687 1.343619 1.298854 2.001939 2.180337 2.050152 2.523918 2.266612 2.201448 2.122438 2.019858 2.072877 1.994471 1.718156 1.733473 1.7128 1.708327 1.817493 1.741976 1.721923 1.696203 1.664141 1.432567 1.387164 1.223629 1.184187 1.142471 1.09621 1.040999 0.8575749 0.7714387 0.6601523 0.5226956 0.3663895 0.2107659 0.08467395 0.01311888 0.002975913 
