rasters-bowlers/ashishnehra.asc
ncols         108
nrows         21
xllcorner     -3.075
yllcorner     -1.575
cellsize      0.15
NODATA_value  -9999
1.167683e-007 0.1790007 0.5812491 1.056323 1.446452 1.718655 1.82843 1.905212 1.920678 1.883605 1.500515 1.014837 1.176921 1.121806 1.030212 0.9671033 1.081375 1.129702 1.044912 0.857427 0.9063961 1.055386 1.080099 1.356082 1.693091 1.521859 1.568862 1.117805 1.085644 0.7931889 0.7559257 0.713621 0.7328292 0.9904231 0.9600131 0.7093099 0.6032599 0.5915375 0.7191755 0.8541815 0.8063594 0.9476466 0.9669203 1.442402 1.544755 1.616179 1.598782 1.429182 1.485513 1.432275 1.654275 1.679655 1.490414 1.959512 1.756134 1.919191 2.024027 2.313716 2.249284 2.176814 2.132067 1.898938 1.878786 1.61449 1.515924 1.431211 1.450851 1.518494 1.476356 1.565973 1.841523 1.372483 1.003595 1.110125 1.171362 1.069789 1.131274 1.087254 1.374719 1.870427 1.6514 1.798473 1.56621 1.799245 2.044502 1.71333 1.738664 1.565167 1.42703 1.523412 1.842267 1.708092 1.785848 1.799374 1.76239 1.810625 1.746211 1.528906 1.45987 1.143353 0.8509767 0.8716993 0.4687093 0.3462033 0.3711089 0.1941509 0.03675817 0.008972906 
0.187387 0.3804014 0.8382831 1.230009 1.597377 1.846241 1.941544 2.001846 2.001213 1.944776 1.837367 1.127247 1.139785 1.061569 0.9545675 0.8873776 1.00101 1.068948 1.157786 0.8733187 0.9374303 1.148648 1.117373 1.375526 1.699193 1.583604 1.558648 1.20654 1.109151 0.8144088 0.7691591 0.7152943 0.7186411 0.9491717 0.9081207 0.6738614 0.6320851 0.5585366 0.6916072 0.8353379 0.8686969 0.9680905 1.019793 1.491688 1.6141 1.727623 1.696609 1.51095 1.478256 1.413907 1.624389 1.378908 1.479655 1.934337 1.751341 1.924744 2.040065 2.324042 2.254963 2.166456 2.107268 1.86968 1.825036 1.588005 1.84057 1.728438 1.478111 1.465838 1.475694 1.542913 1.593245 1.342904 1.005628 1.132908 1.091106 1.334582 1.386366 1.1217 1.360546 1.833943 1.859179 1.593636 1.574418 1.651087 1.993366 1.512135 1.704604 1.55089 1.484441 1.55413 1.49749 1.752185 1.799688 1.847609 2.086645 1.853307 2.030128 1.513831 1.428433 1.139133 0.9392795 0.8978046 0.4951241 0.5680501 0.4214609 0.2633179 0.1201287 0.09058803 
0.7179328 0.8733177 1.242889 1.638368 1.803779 2.00286 2.12353 2.114787 2.097965 2.022986 1.886375 1.235404 1.102074 1.198222 1.012659 0.9600672 0.8833686 0.9844835 1.120976 0.9033805 0.9884389 1.201019 1.224934 1.399896 1.702681 1.623627 1.543148 1.285094 1.142174 0.8456721 0.7905086 0.7206481 0.7018892 0.8960506 0.8374832 0.6225563 0.6937261 0.4731058 0.6582164 0.8087215 0.9785156 0.980507 1.177125 1.565972 1.73852 1.764048 1.753811 1.571913 1.450495 1.38181 1.578099 1.363588 1.463552 1.895777 1.741915 1.932989 2.061417 2.329423 2.267138 1.828113 2.076966 1.883606 1.621521 1.796177 1.810971 1.735408 1.727861 1.495976 1.478378 1.507577 1.535952 1.295738 0.9983232 0.9713983 1.194303 1.293459 1.475608 1.099706 1.009138 1.573869 1.856922 1.683007 1.584177 1.631861 1.814693 1.493624 1.672379 1.500497 1.572957 1.228862 1.453739 1.717798 1.811732 1.930346 2.230525 2.114978 2.154805 1.485987 1.029574 1.13342 1.131053 1.171788 0.723789 0.6102964 0.480383 0.3011277 0.2491101 0.1456283 
1.324897 1.429965 1.68566 1.951308 2.170127 2.160168 2.249274 2.236701 2.20932 2.171339 1.992239 1.534238 1.071114 1.100755 0.863855 0.7550249 0.700692 0.8643128 1.087592 0.9638956 1.076143 1.282269 1.288295 1.484886 1.856141 1.588026 1.459332 1.294602 1.240866 0.8926233 0.8255268 0.7328179 0.5830266 0.782988 0.7391681 0.5424483 0.6197404 0.4048491 0.5132585 0.8419473 0.946892 1.021392 1.202318 1.664995 1.994616 2.039541 1.835363 1.519007 1.220718 1.556586 1.295256 1.34312 1.434078 1.780953 1.728376 1.945997 2.08347 2.315807 2.291279 1.866189 1.713393 1.966976 1.416868 1.699243 1.771523 2.004859 1.916961 1.553531 1.422592 1.508857 1.428806 1.077657 0.9724584 1.048358 1.390804 1.832099 1.626748 1.355827 1.104713 1.322956 1.847746 1.728241 1.776246 1.642674 1.744266 1.490515 1.271164 1.33415 1.599649 1.338565 1.211874 1.63433 1.82387 2.040739 2.220075 2.545123 2.119655 1.817227 1.040732 0.9079913 1.119207 1.208411 1.12409 0.9773126 0.5127946 0.3381082 0.304498 0.1925782 
1.818495 1.944235 2.040239 2.204542 2.340252 2.444839 2.357313 2.394682 2.376204 2.263552 2.077029 1.593057 1.060771 1.016312 0.7007127 0.4666905 0.4073137 0.7058571 1.084154 1.278731 1.233554 1.456264 1.370366 1.456471 1.802543 1.691668 1.470395 1.303172 1.276773 0.9618252 0.8261165 0.65351 0.7547696 0.7078321 0.6051969 0.4018867 0.4933186 0.4801497 0.583348 0.6875743 0.8985446 1.066618 1.154891 1.555505 2.553405 2.731461 1.86196 1.254989 1.131842 1.46989 1.288843 1.306254 1.361847 1.95641 1.91065 1.967652 2.073742 2.264825 2.330905 1.933047 1.695921 1.611838 1.279733 1.513811 1.955826 2.003643 1.970247 1.835675 1.714192 1.403831 1.295089 1.100162 0.9717075 0.9341714 1.649608 3.063991 1.743446 1.299981 0.8953425 1.13059 1.789615 1.84536 1.786917 1.440694 1.466887 1.599328 1.270399 1.321818 1.666687 1.350575 1.303034 1.546688 1.741673 2.596421 2.589351 2.573015 2.213039 1.406549 1.109047 0.906441 1.133415 1.160449 0.9939084 0.9898255 0.8418052 0.3217014 0.1972396 0.2064923 
2.155023 2.249808 2.280308 2.377668 2.453378 2.511485 2.567246 2.50958 2.51169 2.385231 2.208227 1.705245 1.181254 0.9815078 0.6015717 0.1899631 0.07237579 0.5910734 1.17468 1.534654 1.642934 1.62539 1.567215 1.510576 1.724161 1.630209 1.319212 1.303045 1.377795 1.351325 0.9300898 0.7007448 0.7225531 0.6254595 0.3921006 0.1604219 0.2923773 0.52061 0.6737684 0.773757 0.8979086 0.9553705 1.024599 1.210394 2.306765 3.187858 1.670945 0.4717792 0.7712375 1.277748 1.304635 0.9970721 1.349782 1.770246 1.983684 2.023997 1.984404 2.011726 2.514439 2.000183 1.579806 1.449537 0.9360995 0.9839805 1.882714 1.950887 2.108238 2.073729 1.888546 1.344449 0.4392706 1.147102 0.8944349 0.6126373 0.8817592 1.551918 1.241695 1.275992 0.9027544 1.118168 1.532774 2.122405 1.934995 0.5717391 1.306464 1.864612 2.251933 1.998351 1.744036 1.367493 0.9753364 1.059007 1.269677 3.909967 3.171787 2.442316 1.839778 1.35484 1.13775 0.9980363 1.023286 0.8797606 1.351669 1.086982 0.6947116 0.2460998 0.2733166 0.3187593 
2.366793 2.437956 2.431678 2.486085 2.515029 2.526973 2.553092 2.63197 2.561402 2.537534 2.397864 1.889678 1.512084 1.01308 0.6248623 0.2852494 0.07284079 0.6098846 1.406828 1.993114 2.192774 1.824272 1.692773 1.494133 1.618663 1.45772 1.231166 1.302899 1.443914 1.523906 1.108015 0.7683707 0.5217453 0.5215154 0.3141794 0.1885848 0.37138 0.6310558 0.8514693 0.807366 0.7203719 0.8280539 0.8295878 0.9394249 0.1673935 1.541685 1.741445 0.8995872 1.261428 1.428963 1.34438 1.16124 0.7087311 1.57733 2.00446 2.452479 1.972825 1.883025 4.256931 1.702309 1.065779 1.198412 0.3727046 0.9450874 1.858512 1.42743 4.91288 1.11466 3.241768 1.750619 1.528326 1.654533 1.184808 0.3831496 0.5578566 1.040609 1.019554 1.111458 0.6415398 0.9912615 1.298635 4.629766 1.985719 1.254204 1.235411 2.275573 5.970377 2.022133 1.805468 1.557238 0.2466097 0.5808023 0.207008 2.046174 2.391454 1.831827 1.408476 1.057045 1.373242 1.375721 0.7816217 0.780443 1.247813 1.173086 0.5209461 0.1292824 0.148342 0.3175291 
2.495197 2.551039 2.601328 2.560218 2.547475 2.487812 2.444696 2.537754 2.6937 2.719697 2.618996 2.154099 1.73775 1.159824 0.7520201 0.3613355 0.3320931 0.8468037 1.483797 3.055779 3.047411 1.917311 1.618905 1.471821 1.410529 1.18686 1.090137 1.188157 1.491671 2.017361 1.511875 0.8684382 0.3974068 0.2560013 0.07928243 0.4349417 0.8417447 0.9003391 0.9547844 0.8965155 0.7527823 0.568512 0.7094105 1.039161 1.026526 1.523271 1.962569 2.867375 3.821064 1.418888 1.378356 1.666277 1.867224 1.620574 1.47696 4.092805 3.871463 1.925008 2.253589 1.991698 2.486646 1.846763 2.174241 3.003547 2.520454 0.2666762 2.602046 0.9458465 0.6117205 2.645914 1.468012 1.020971 1.269568 1.002706 1.249856 0.7402363 1.818041 1.025251 0.5479494 1.060321 2.102018 0.4873881 0.7309772 1.19463 2.079524 1.494685 1.082313 1.017028 1.350503 1.343211 1.182389 1.579694 1.698542 1.301163 2.492378 1.371646 2.436255 0.7576608 0.8059305 1.761174 1.075761 1.801802 1.127391 1.579523 1.116914 0.02932832 0.747193 0.3829405 
2.569777 2.618084 2.665905 2.692396 2.644817 2.39537 2.160857 2.325405 2.614088 2.990042 3.015034 2.501458 1.777328 1.303505 0.8145105 0.06609736 0.6634815 0.9359862 1.215991 1.490823 2.061141 1.441095 1.441714 1.530898 1.466529 1.159213 1.043405 0.6870181 1.238879 3.480009 1.94868 0.936646 0.4371969 0.2400743 0.2302473 0.9438683 1.425683 1.23399 0.9107476 0.7819782 0.7026299 0.5799908 0.3870822 0.9992408 1.014666 1.24759 1.615509 2.131022 2.76613 0.675657 0.9470262 2.766044 2.835412 1.825976 1.234199 1.829865 2.125292 2.063673 2.487971 1.879867 0.2512448 0.9063248 2.566916 2.709929 1.638808 0.4091594 1.123253 1.145076 0.2395863 0.9988007 0.198543 1.774227 0.8971613 1.377039 0.1910404 1.881496 0.698175 1.036134 0.4466027 1.079649 0.9310541 0.6664823 1.184233 1.654149 1.962187 1.774859 1.118017 1.714695 1.192528 0.8135915 0.1191183 2.268378 1.703574 1.042161 1.652964 1.257919 1.067142 1.228322 1.500234 1.60121 1.750997 2.681413 0.9131988 2.139501 1.025728 0.9446715 0.2510811 0.3423891 
2.46964 2.65129 2.695385 2.772919 2.88606 2.534144 1.246318 2.107267 2.317379 3.345792 3.671869 2.821858 1.930861 1.463082 1.297941 1.12934 1.360726 0.3790929 0.8907893 1.162559 1.319919 1.118221 1.382375 1.675047 1.540746 1.327151 1.167525 0.9294022 1.321901 1.786535 1.199392 0.8962696 0.9329542 0.7036324 1.276271 1.302931 1.754142 1.356267 0.8947005 0.3257974 0.9819195 1.013041 1.199527 0.30929 1.371878 1.740336 1.188617 1.191495 1.94232 0.322899 0.9977474 0.9966108 2.032468 3.536061 1.403091 1.008729 0.1332535 3.333935 2.211092 0.4089354 1.005995 0.9313102 1.356856 0.5771548 1.249165 0.4184968 1.083722 1.0286 0.3004314 0.6731957 0.2594626 0.1126895 0.5545314 1.538972 0.5758869 0.3250523 0.7246799 0.99005 0.9472272 0.9470135 0.6609061 1.199943 1.177393 1.190353 1.049382 0.9703515 1.357619 1.04186 1.692395 1.25924 0.1201768 2.081172 1.023842 0.6531368 1.214033 1.44333 1.19439 3.870456 1.212403 1.300266 0.4792073 1.529709 1.468553 0.8124769 0.6320125 0.6185075 0.3645082 0.3479642 
2.63566 2.658057 2.674143 2.802272 3.252861 3.864123 2.094509 2.580125 3.036783 3.536113 3.649783 2.78461 1.763748 1.345538 1.640732 1.698237 2.314628 2.563422 1.909789 0.1075114 0.9774683 1.537946 2.436364 2.067116 1.526332 1.362847 1.170767 1.812496 2.746678 0.8938904 0.5229921 0.02703204 0.3315119 0.7303808 1.97679 2.251425 1.265666 1.781482 0.8997733 0.980053 1.176911 1.628215 2.317548 2.294984 1.155972 1.251054 1.253062 1.251631 1.359108 1.476228 1.768219 1.443959 1.060131 1.733971 2.844781 0.9925478 0.4352457 1.312038 1.780363 4.731634 2.015692 1.886214 0.6160322 1.172184 0.792248 2.203822 0.2484749 2.137724 0.4630273 0.9553725 0.3735254 0.1293558 1.620693 0.4758062 1.24875 1.039265 0.7919413 0.7778813 0.8764855 0.4171534 0.9813151 1.074754 3.710175 0.9581009 1.752052 2.106392 2.595678 1.375174 2.67874 1.128858 0.7665164 1.298816 1.28225 1.36358 1.411529 1.402011 1.075857 1.270333 1.503122 1.488265 1.278369 1.38722 1.331318 0.7710344 0.4960006 0.6889538 0.3732856 0.3638021 
2.408078 2.447222 2.487278 2.557266 2.714703 2.341447 1.905547 3.041803 4.694019 3.901536 3.126626 2.288557 1.690282 1.093373 1.606933 1.191028 3.245435 4.057692 3.264559 1.08322 1.057307 1.799717 3.629169 2.142977 1.480353 1.119743 1.250551 1.712933 1.3914 0.8868456 0.4893483 0.8247867 0.3690734 0.5030352 0.08331605 0.608374 0.9732696 0.8224826 0.4838498 0.720988 1.154564 1.324672 1.659529 1.043027 0.4009446 0.658452 0.746628 0.9603605 1.195289 2.345515 1.494692 1.951598 0.8418404 1.392263 2.336559 2.718359 1.005068 2.932156 1.526796 0.9600317 1.343249 2.551107 2.641655 2.781956 2.192602 0.8353593 3.911827 2.587816 3.112322 0.5138316 0.4005537 0.2192329 2.154476 0.08918151 1.053706 1.459688 0.8131539 1.331584 0.4063644 1.165613 2.537313 0.7050052 0.2903709 1.400314 2.625155 3.645155 1.020827 2.604466 1.743819 1.696103 1.287827 1.326229 1.462564 2.160303 2.224719 2.06111 1.810127 1.639917 1.675952 1.635028 1.379054 1.189836 1.319562 1.14429 0.805066 0.7553966 0.682344 0.3732766 
2.321874 2.356621 2.367851 2.328279 2.130727 1.601415 1.617503 3.327587 4.737185 3.369768 2.228116 1.707716 1.665648 1.767958 2.225916 3.164666 5.199762 4.133606 0.9190559 1.154182 1.131711 1.76288 2.262136 1.893174 1.00803 1.473227 1.620099 1.734758 0.9822651 0.6572068 0.07478539 0.4542167 0.6992499 0.5329725 0.2077896 1.078838 0.1034122 0.6422344 0.661525 0.7620745 0.9998998 1.261019 1.353223 1.726807 3.626969 0.956882 0.3318129 0.4436463 1.609985 3.554319 3.231215 2.907271 1.581533 0.08329214 0.9945372 2.301349 1.092672 0.9797554 1.763345 1.740313 0.7786895 2.187862 3.387694 1.442458 0.8646846 2.724964 0.393324 2.233435 0.7584064 0.8707396 3.268759 1.365133 2.185457 1.287187 1.485116 2.804273 1.236134 0.7325375 1.46228 2.170865 1.590169 0.9047449 0.7721473 1.566112 2.084457 2.681597 2.282851 1.94432 0.6306235 2.000936 1.786169 1.79749 2.124324 3.223097 3.686728 3.026623 3.01118 2.281023 1.810294 1.905983 1.414451 1.184782 1.476436 1.077192 1.164098 0.8136693 0.7901822 0.7126123 
2.215997 2.241311 2.259039 2.206196 2.017639 1.556824 1.685228 2.926167 3.406969 1.466028 1.085775 0.2580833 1.20154 1.660745 2.271325 3.771172 4.942706 4.939636 3.432137 1.685911 1.588552 2.479534 2.607959 1.653701 1.447619 1.715363 1.785238 1.282372 0.3279254 0.4011624 0.1385938 0.5022122 0.8107548 0.6741448 0.4576261 0.5295441 1.542501 0.03776984 0.577283 0.95008 0.9866103 1.176778 1.492879 1.607662 1.969937 1.370913 0.8188861 1.035897 1.759485 3.405878 2.962286 2.120282 0.9805738 0.8006988 1.091005 1.769965 1.161243 1.656624 3.568549 1.650988 0.4997338 1.102027 2.239416 2.171712 1.240462 0.2139813 0.5485157 0.7318107 0.294219 0.9422722 1.866897 1.533656 1.099713 2.045557 3.81812 2.580848 2.311142 2.038367 2.155451 1.758448 1.598636 1.366326 0.9386531 1.205221 1.426091 1.507615 2.052556 2.287013 3.899213 3.971853 1.259526 1.737021 2.401756 3.174047 3.466888 3.531031 3.883003 2.839191 2.120879 2.12727 1.796502 1.474441 1.39698 1.117692 1.028033 0.9854581 0.8325216 0.4458119 
2.096661 2.113049 2.134746 2.145282 2.090708 2.162243 2.39986 2.925414 3.423295 3.095475 2.505499 1.491215 1.19503 1.310472 1.000652 3.846785 5.65784 4.862176 3.87824 1.311995 1.761687 4.040814 4.037523 1.874275 1.863786 1.666296 1.535864 1.058526 0.8068741 0.6232291 0.5156199 0.6862504 0.806331 0.875406 0.9365163 0.9592623 1.096661 0.9467625 1.044171 1.402833 1.470596 0.6483076 1.524009 1.782089 1.816929 1.677605 1.930313 2.002792 2.927574 3.643363 2.751838 2.043065 0.7596534 0.8983873 1.035239 1.283115 1.403202 2.137651 2.535413 1.508698 0.9834566 1.139683 1.78516 1.620736 0.905149 0.622097 0.5179011 0.6774059 0.5506674 0.1069671 1.600802 0.8331202 1.095496 1.991949 2.312853 2.877048 3.505057 3.726212 3.190797 2.056397 3.688567 2.360234 1.402217 1.386042 1.24332 1.005908 1.685968 2.500467 4.125742 3.887342 1.733436 1.975672 2.375391 2.764955 3.110358 3.213566 3.221071 2.743297 2.233962 2.379164 1.806475 1.549053 1.444161 1.140063 0.6265661 1.003567 0.8324998 0.8072397 
1.983419 1.96896 1.977766 1.972175 2.199774 2.319632 2.546457 2.905955 3.159132 3.734351 5.80831 3.71214 2.028711 1.8206 2.072992 3.100188 4.16018 3.968772 3.224945 2.336726 1.998717 1.532482 2.232314 2.043269 1.861944 1.675214 1.530501 1.043675 0.8854676 0.8984278 0.875973 0.8168402 0.9109785 1.164639 1.142607 1.930324 2.183853 1.726756 1.5842 2.200406 3.753207 2.397533 1.820495 1.83941 1.981005 2.501465 3.818968 3.365245 5.066335 4.417979 2.877239 1.91584 1.326671 1.1745 1.061512 1.102455 1.469889 1.835897 1.951478 1.38021 1.127858 1.174541 1.741897 1.535309 0.8075161 0.85478 0.5676786 0.5282461 0.6429502 0.6338423 1.085906 0.9867217 1.221773 1.829306 2.395376 2.954712 3.442531 3.655498 3.108427 2.77088 3.094293 2.487579 1.748137 1.582085 1.576504 1.471524 1.839776 2.329043 2.964672 2.9303 2.486554 2.218374 2.413914 2.400678 2.874956 2.927168 2.741178 2.504459 2.205889 2.438545 2.141815 1.602737 1.41902 0.9100383 0.6026415 0.3623098 0.789678 0.7636101 
1.851938 1.963507 1.979067 1.935436 1.86207 2.016401 2.392329 2.693272 3.086709 3.758436 4.58635 3.726156 2.564779 2.223462 2.251209 2.652882 2.987985 3.063509 2.719906 2.268705 1.598003 0.9910444 1.453142 1.754061 1.711797 1.640291 1.482954 1.039106 0.9418024 0.9322002 0.9594213 0.9162267 1.013879 1.456934 2.107082 4.406392 4.003291 2.394453 1.955104 2.111568 2.630313 2.382378 2.00189 1.926634 2.350504 2.61961 3.301253 3.36442 3.799841 3.548758 2.867397 2.101768 1.598774 1.344187 1.083515 1.108422 1.464485 1.500369 1.507166 1.155489 1.245507 1.222715 1.72009 1.499134 1.089204 0.9307942 0.5237395 0.4030457 0.5868772 0.987004 1.106699 1.289749 1.559914 1.851883 2.415653 2.935014 3.053208 3.363073 2.905879 2.715517 2.728528 2.423626 1.961328 1.704345 1.752188 1.893053 2.067064 2.366496 2.521583 2.567684 2.459197 2.505128 2.491404 2.432173 2.543602 2.776783 2.468781 2.317437 2.139827 2.449333 1.763992 1.384965 1.399283 0.8918186 0.5543193 0.508098 0.4714425 0.666674 
1.658255 1.90436 1.916875 1.690312 1.281079 1.404694 1.938049 2.500785 2.883495 3.232559 3.332674 3.0928 2.498559 2.102309 1.825656 1.970743 2.110261 2.448832 2.364568 2.047851 1.181933 0.1452302 0.7340047 1.448509 1.536404 1.580888 1.410432 0.9782717 0.9621726 0.9281599 0.9822826 0.993093 1.131247 1.644635 2.288594 3.239223 3.232225 2.463742 2.061314 1.961092 2.266783 2.273954 2.023665 2.243033 2.390858 2.620058 2.839372 3.034364 3.268929 3.000156 2.606579 2.195148 1.662614 1.494684 1.007044 1.369117 1.439142 1.431786 1.175103 1.161491 1.296842 1.265614 1.435853 1.203946 1.10024 0.9698231 0.3457348 0.4082334 0.4269381 0.7548397 1.023609 1.722231 1.698277 1.908717 2.442068 2.697279 2.86857 3.042077 2.980217 2.650536 2.5058 2.341427 2.11556 1.914932 1.857012 2.114217 2.205759 2.374361 2.345223 2.546501 2.407387 2.526338 2.343847 2.373609 2.43036 2.664523 2.588396 2.182289 2.070427 2.159378 1.732995 1.567754 0.9572315 0.837557 0.7168816 0.4137057 0.2315985 0.5013942 
1.246161 1.479746 1.631712 1.493322 1.110123 1.191112 1.758443 2.33367 2.644422 2.779115 2.744627 2.665354 2.239202 1.706094 1.139222 1.298446 1.627877 1.942842 2.07338 1.94585 1.358283 0.9813278 1.102526 1.308547 1.447216 1.529833 1.388601 1.012127 0.9232531 1.137015 1.045496 1.059186 1.286608 1.661745 2.038002 2.556987 2.506281 2.252565 2.028826 1.971872 2.312012 2.286201 2.163294 2.271917 2.380936 2.508478 2.770633 3.015247 2.870188 2.788811 2.576309 2.490132 1.817112 1.61009 1.031116 1.460554 1.48289 1.391425 1.116075 1.00452 1.320897 1.577089 1.418885 1.181451 1.109605 0.6640295 0.6174542 0.3496388 0.4244746 0.7634867 1.053384 1.818087 1.78301 1.951867 2.569974 2.633707 2.70307 2.945522 2.958487 2.585435 2.525731 2.253634 2.136437 2.258503 1.787048 2.021811 2.28484 2.370661 2.413934 2.47484 2.357873 2.40695 2.30934 2.319199 2.353762 2.372965 2.51607 2.450312 1.735213 1.714712 1.679235 1.511486 1.145458 0.7553113 0.5948696 0.4300681 0.2361341 0.1904535 
0.4173333 0.7969933 1.301419 1.47561 1.430782 1.473619 1.817 1.930856 2.464386 2.498833 2.435713 2.410417 2.069368 1.611133 1.176615 1.137134 1.202046 1.593578 1.874372 1.726031 1.577006 1.442633 1.412641 1.358583 1.419186 1.452021 1.373569 1.310844 0.9175587 1.210811 1.103631 1.10255 1.30647 1.606877 1.820114 2.199428 2.146477 2.060192 1.948173 1.913357 2.298001 2.286388 2.521159 2.275576 2.357515 2.591851 2.666476 2.715131 2.78181 2.42054 2.512443 2.514251 1.888078 1.438616 1.047866 1.472767 1.467394 1.363871 1.078587 1.04088 1.333179 1.605247 1.117808 1.169031 1.11664 0.6639835 0.6982782 0.3495183 0.4230957 0.6413252 1.073133 1.56594 1.845122 2.171353 2.578965 2.588779 2.684962 2.88852 2.919363 2.569052 2.481558 2.226062 2.153317 2.561759 2.128249 2.071304 2.118808 2.380714 2.388288 2.437833 2.49223 2.37581 2.485591 2.31884 2.12334 2.309714 2.468364 2.134865 1.644497 1.702562 1.615648 1.443697 1.072461 0.668624 0.4727763 0.2657081 0.04768142 0.03598981 
8.744356e-031 0.385589 1.060632 1.456402 1.529556 1.681424 1.677086 1.880769 1.784003 2.137127 2.262573 2.284632 2.034715 1.730708 1.389938 1.176059 1.222997 1.515453 1.789991 1.765151 1.692988 1.648399 1.532956 1.589877 1.417459 1.439419 1.365117 1.320242 1.164265 1.147864 1.201085 1.175619 1.29966 1.545016 1.787603 1.90507 1.891204 1.922562 1.812236 2.030496 2.293593 2.286767 2.548865 2.565895 2.330319 2.547806 2.598099 2.625373 2.507561 2.326636 2.466603 2.332894 1.931883 1.748391 1.442066 1.480034 1.456232 1.34174 1.121207 1.021443 1.339834 1.62342 1.404648 1.162068 1.122309 0.6635536 0.7108284 0.4182353 0.4219185 0.4360479 1.087301 1.597302 1.888919 2.197959 2.326499 2.563464 2.631005 2.846979 2.892244 2.406905 2.447362 2.205455 2.110169 2.621703 2.420243 1.925871 2.132968 2.392569 2.606122 2.655974 2.472485 2.347526 2.400105 2.273303 2.301452 2.261231 2.403799 2.253026 1.890255 1.632723 1.553717 1.380851 1.16827 0.7831001 0.4013519 0.187409 0.02204694 0.003328769 
