rasters-bowlers/ashokdinda.asc
ncols         108
nrows         21
xllcorner     -3.075
yllcorner     -1.575
cellsize      0.15
NODATA_value  -9999
1.807938e-007 0.282006 0.9816114 1.518277 1.835559 2.014668 2.015728 2.096195 2.161625 2.209554 2.494789 2.57411 2.761225 2.583076 2.942492 2.630387 2.629047 2.625075 2.460704 2.312608 2.209489 2.417375 1.988676 1.536925 1.449147 1.223353 1.289183 1.065383 0.9484003 0.891339 0.9082273 0.6876959 0.5610664 0.563977 0.5678437 0.8380964 0.7828285 1.085905 1.102708 1.120197 1.043963 1.120306 1.420347 1.455223 1.199397 1.385729 1.432948 1.820133 1.83592 1.835227 2.012486 2.274348 2.439519 2.819761 3.114524 3.172281 2.958291 2.661224 2.755265 2.750412 1.923768 1.970281 1.780488 1.661546 1.482177 1.10808 1.086839 0.8124471 0.8012399 0.7544676 0.9158799 1.159345 1.205389 1.085135 1.52666 1.549748 1.626208 1.503619 1.507385 1.496751 1.400637 1.513995 1.848736 1.530951 0.926982 1.010803 1.005985 0.9861782 1.111324 0.7335532 1.255901 0.9848678 1.063277 1.203412 0.9323058 0.9260997 0.9603926 0.6693635 0.6941664 0.7055045 0.654658 0.6560248 0.5830027 0.4408947 0.254644 0.1608147 0.03317133 0.01038744 
0.2773264 0.5763872 1.136566 1.713516 1.983067 2.119051 2.103509 2.180137 2.255694 2.306847 2.550177 2.622708 2.795583 2.53617 2.864914 2.631327 2.632327 2.629197 2.477731 2.444842 2.216868 2.398071 1.972585 1.559503 1.486256 1.441211 1.31356 1.073622 0.9272648 0.8475914 0.8568652 0.6646253 0.5580744 0.5695512 0.7583349 0.8373744 0.7822299 1.063424 1.084015 1.107932 1.044788 1.116854 1.395379 1.497526 1.529613 1.379615 1.643832 1.82285 1.836213 1.840689 1.987483 2.307539 2.422997 2.559083 3.147093 3.265012 3.390905 3.175598 2.890352 2.821248 1.967665 2.235672 1.743397 1.787234 1.315188 1.103706 1.077775 0.8058647 0.7919438 0.7519041 0.9163819 0.8743491 1.13872 1.093984 1.529072 1.81148 1.435245 1.520134 1.521267 1.505053 1.400523 1.501828 1.529157 1.226798 1.081077 1.016451 1.004703 0.9053121 1.100311 0.9528456 1.255064 0.9869701 1.064073 1.207714 0.9412284 1.003519 0.9770742 0.6925364 0.7129941 0.719416 0.6657858 0.6689453 0.6027344 0.3838425 0.293886 0.2270526 0.1451321 0.1116952 
0.8446734 1.096604 1.479954 1.941063 2.175334 2.249336 2.260834 2.274714 2.514771 2.567357 2.491868 2.682242 2.836999 2.548028 2.8373 2.632039 2.638749 2.640659 2.501264 2.455757 2.38405 2.190773 1.894256 1.583394 1.541853 1.457927 1.359558 1.082018 0.8343855 0.8115281 0.559553 0.5324173 0.5592782 0.5808318 0.7635076 0.7770233 0.7735435 1.033809 1.059584 1.094315 1.000569 1.110488 1.361796 1.473002 1.512543 1.166764 1.646881 1.884498 1.89488 1.78914 1.963195 2.272078 2.389143 2.557293 3.273181 3.402246 3.62785 3.54541 3.098058 2.910048 2.334457 2.190043 1.895284 1.694013 1.290212 1.098871 1.011925 0.7955975 0.7778829 0.8130471 0.9176646 0.8183139 1.146946 1.104037 1.255303 1.808001 1.455468 1.543023 1.539347 1.513139 1.39739 1.48315 1.515102 1.222715 1.087186 1.023418 1.002216 0.8252557 1.012214 1.237924 1.255271 1.399849 1.000129 1.205213 0.9521044 1.012206 1.04772 0.7206954 0.8545379 0.733974 0.6742656 0.6758147 0.6163781 0.4105742 0.4332822 0.3537662 0.3882308 0.3896995 
1.267151 1.450186 1.699131 2.000903 2.481443 2.511977 2.246149 2.499593 2.726876 2.743019 2.621378 2.75919 2.761316 2.557982 2.708661 2.483951 2.646799 2.66733 2.652558 2.464002 2.304027 2.160833 1.956701 1.680221 1.652966 1.605819 1.444332 1.087463 0.73675 0.5816262 0.4381071 0.5204359 0.5707282 0.7990314 0.7734818 0.8338263 0.7591167 0.8983045 1.176531 1.07714 1.040506 1.09729 1.1593 1.489915 1.494065 1.441655 1.717256 1.870023 1.886334 1.795914 1.695274 2.235914 2.340665 2.52053 3.139616 3.590975 4.222432 4.155441 3.494233 2.994154 2.333449 2.119042 1.584045 1.290496 1.072441 1.09376 1.002466 0.7786481 0.6907364 0.8008399 0.8590144 0.8409206 1.15387 1.045927 1.259308 1.804474 1.485327 1.575014 1.50001 1.518291 1.388328 1.454657 1.207923 0.9361091 1.02458 1.029299 0.9256081 0.7465123 0.9922417 1.234866 1.256806 1.396593 1.003662 1.200659 0.9642585 1.022416 1.05172 0.862341 0.8766369 0.7487683 0.6767461 0.6659563 0.602383 0.4133152 0.4798078 0.6411089 0.6204762 0.5388209 
1.481086 1.596062 1.737324 1.941394 2.482778 1.507467 1.933854 2.880495 3.310566 3.016548 2.775216 2.724179 2.813337 2.565758 2.77301 2.559298 2.640317 2.711316 2.744267 2.463741 2.197722 2.104633 1.835962 1.712931 1.72524 1.919418 1.553772 1.048326 0.5848795 0.1710868 0.3623246 0.5300487 0.5973784 0.8069841 0.8318635 0.7769226 0.9320189 0.8993413 1.113113 1.05707 1.086397 1.064234 1.138939 1.445147 1.173689 1.451145 1.76243 1.847618 1.868369 1.793743 1.805974 2.073591 2.295349 2.431048 3.046271 3.830436 4.899705 5.122663 3.96529 2.988776 2.423943 2.034919 1.589312 1.195162 1.062248 1.090263 1.081719 0.7494183 0.4707718 0.7808449 0.8702505 0.8777013 1.159853 1.050601 1.258424 1.801633 1.765629 1.621834 1.533614 1.517527 1.428922 1.214113 1.198148 0.9497041 1.037947 1.032106 0.850623 0.735406 1.326673 1.160204 1.397605 1.715318 1.009088 1.195021 0.9708304 1.086616 1.055106 0.8898748 0.9467598 0.7581406 0.7281163 0.6302549 0.4898179 0.3648166 0.4260812 0.7164437 0.8223113 0.6491392 
1.570932 1.626658 1.660688 1.637285 1.555894 1.34583 2.004045 3.936188 4.819264 3.170288 2.885828 2.961027 3.260613 2.857983 2.822884 2.502101 2.563511 2.16011 2.995946 2.464661 2.078695 2.098319 1.797052 1.606903 1.543951 2.013056 1.598188 0.9785533 0.6245164 0.2341183 0.4880173 0.5907744 0.6260383 0.8837823 0.8470109 0.7756658 0.8907564 0.7821845 0.8544765 1.066872 1.02311 1.024518 1.119878 1.391023 1.166191 1.459732 1.635624 1.816435 1.835715 1.739691 1.943402 2.373946 2.245226 2.233793 2.732836 3.439314 5.011234 5.352373 3.646406 2.791226 2.339713 1.872869 1.450951 1.087684 1.05396 1.137787 1.055617 0.7488613 0.5952429 0.7456294 0.8920308 0.9946923 0.9411114 1.040908 1.252659 1.642179 1.77926 1.703287 1.575233 1.497588 1.373615 1.115107 1.187017 0.9717253 1.053117 1.034729 0.9081398 0.714967 1.024574 1.155167 1.394186 1.70708 1.017712 1.367272 1.190125 1.07924 0.9781923 1.010842 0.9685372 0.8257216 0.7138793 0.6121582 0.3515761 0.2091657 0.3616943 0.7362916 0.9199828 1.117389 
1.605669 1.625892 1.598613 1.447823 1.027705 1.428903 1.659357 2.073164 2.089311 2.732575 3.482871 3.330978 3.023749 2.92078 2.777904 2.5196 2.40593 2.60172 2.372228 2.473837 2.373687 2.187232 1.709452 1.242634 1.278623 1.197388 1.225112 0.8326111 0.730721 0.586325 0.8478007 0.6410841 0.6778655 0.798602 0.6531485 0.8044341 0.909338 0.4772126 0.6169697 1.059491 1.146242 1.088254 1.011554 1.112969 1.21148 1.436453 1.568781 1.678202 1.734599 1.600838 1.107675 2.741954 1.967363 2.01276 2.098752 2.417614 3.379341 3.070531 2.701115 2.534402 2.276745 1.752832 1.555636 1.281724 1.200674 1.150871 1.014555 0.659968 0.5663781 0.6639919 0.940118 1.038706 0.9955002 0.9448267 1.219054 1.870582 1.941887 1.992219 1.61007 1.412484 1.124866 1.06696 0.9435517 1.004823 1.184313 0.9704015 0.8919298 0.681123 0.7999715 1.145545 1.640761 1.699826 1.031995 1.363697 1.183333 1.201996 1.039608 1.022143 0.9953219 0.8493387 0.7272281 0.5784947 0.1787439 0.03998837 0.3265265 0.8257708 0.8278975 0.8469307 
1.618432 1.632903 1.650438 1.557419 1.443272 1.504998 1.200402 1.216851 1.202513 2.193227 5.824404 3.83368 2.909156 2.828299 2.729963 2.402536 2.016813 2.595761 0.1511176 3.856302 2.284431 2.184665 1.372251 3.123757 1.677034 0.8203675 0.3323644 0.5048041 0.6940437 0.4797539 0.5835034 0.7855899 0.5555276 0.76029 0.5761521 1.231645 1.022756 0.3429826 0.482608 1.148168 1.242592 1.220211 0.3179663 1.083448 1.148977 1.474424 1.049116 1.816071 1.483545 1.572966 1.500534 1.364176 1.588667 1.8997 1.934682 1.896748 2.891467 2.10034 1.609566 3.105246 2.231903 1.686456 1.491992 1.487054 1.407115 1.260282 0.9892011 0.4257858 0.285549 0.5091928 1.099466 1.111811 1.042178 0.7037413 1.133086 1.560999 2.659287 2.228446 1.547933 1.037797 1.042843 0.8659508 1.041626 1.100749 1.191904 1.023767 0.8611835 0.7044722 0.7760068 1.184568 1.613504 1.692768 1.278458 1.366702 1.18904 1.174257 1.005354 1.051285 1.025444 1.000304 0.7781571 0.6881638 0.3184339 0.1371164 0.6831638 1.293921 1.309803 1.537799 
1.612008 1.667508 1.690546 1.758292 1.90917 2.028303 1.686131 1.341342 1.348688 1.23582 3.058185 2.859696 2.705159 2.75816 2.713695 2.167885 2.532091 2.927471 3.200148 2.900937 1.464749 2.215228 3.041463 2.047833 1.724796 0.9413083 0.5623128 0.05172803 0.3688809 0.184493 0.5261458 0.9569623 0.6035082 1.085665 1.120468 2.076245 1.149269 0.6557091 0.4907864 1.266327 1.7806 4.772947 1.052219 1.09562 1.101315 1.33534 2.522192 1.27093 1.188628 1.711552 1.844575 1.37183 1.379614 2.20544 3.544489 3.697348 2.532878 2.458705 1.872925 2.182966 1.422463 1.322825 1.057618 1.490918 2.308121 1.346815 1.008092 0.444322 0.7001685 0.4779959 1.244928 2.989925 1.008271 0.7775469 1.03543 0.9910417 1.746722 2.323681 2.643596 0.8105756 0.9809653 0.8815933 1.058856 1.277064 1.141321 0.9540099 0.9907265 0.8895425 0.7304886 1.466125 1.578782 1.631921 1.302548 1.459445 1.260285 1.248923 1.079705 1.141646 1.059713 1.101254 0.5690802 0.799831 0.6719228 0.4630083 1.100679 1.515472 1.354676 1.630264 
1.573901 1.593407 1.629023 1.828249 2.3543 3.50126 2.250668 1.079646 1.175174 1.135462 1.692854 2.082808 2.341193 2.99163 2.970205 1.237731 2.695212 3.437486 3.316167 2.266227 1.891717 1.970405 1.122347 1.795242 1.332472 0.7862603 0.7822707 0.5834877 0.6411987 0.796738 0.8721314 0.8861095 1.024533 1.988512 1.484372 1.355671 1.109128 1.323917 1.03755 1.357286 1.702752 2.030131 1.228201 1.053448 1.075492 1.287371 1.521376 2.270429 2.083989 0.6185023 3.505101 1.338937 0.9665538 1.560368 3.158845 5.998952 4.715721 3.571139 1.99692 3.232316 1.841348 1.35853 0.3823764 1.116258 1.929499 3.01427 1.07801 1.375563 0.9496561 0.0324632 1.028678 1.080552 0.2121614 0.3979776 1.017458 0.5921699 0.5453067 1.734138 2.400435 1.024541 0.7532458 0.9739711 1.050354 1.515499 1.083356 0.8723933 0.6130876 0.7404155 0.9850764 1.291065 1.517645 1.802852 1.333772 1.146649 1.190194 1.231693 1.322637 1.28723 1.193871 1.058811 0.5950179 0.8589671 0.819915 0.6234763 1.289485 1.459287 1.508519 1.677747 
1.499428 1.436552 1.337493 1.524064 2.121538 2.975159 2.406903 1.51392 1.284897 1.240519 1.169413 1.146642 1.878872 3.626419 4.008518 5.621776 3.721865 3.717004 2.969977 2.032158 1.046953 1.123527 1.25364 1.422468 1.367894 0.8072182 0.7894452 0.8876978 1.091464 1.184078 1.025429 0.9596296 1.853634 0.8065689 0.3561654 0.8108819 1.083832 1.083112 1.040809 1.034044 1.003753 0.8264214 0.8590592 0.3697375 1.474968 1.649798 1.333355 1.638855 3.439228 2.228283 1.596141 1.216155 0.6107184 1.344734 1.989034 3.650326 3.966373 2.890652 1.566252 1.932462 0.9864904 1.734558 1.396981 0.8702999 1.508073 3.581147 1.296506 2.816897 1.662039 0.6472066 0.8605198 1.630628 0.02524041 0.6544788 2.360276 0.9989016 1.114396 0.2927905 0.1924661 0.237943 0.288563 0.8076836 0.9375988 2.056351 1.377618 0.1038701 0.5098293 0.5125238 0.331223 1.171521 1.191285 2.0388 1.272351 0.8321301 1.132555 1.202209 1.484439 1.606388 1.210194 0.8653538 0.606248 0.787328 0.8201186 1.107141 1.3412 1.797673 1.700849 1.679372 
1.240443 1.19335 1.040307 1.105955 1.653582 1.861104 1.664789 1.463995 1.367749 1.019753 0.8428065 0.2533316 0.0118787 0.2285105 3.2949 3.359134 3.401856 3.874358 3.113486 1.845268 0.6823484 0.8753495 1.062878 1.186729 1.302395 1.277398 0.9120304 0.9919304 1.13965 1.89086 1.015512 0.8448691 0.7171157 1.264897 1.055057 0.9605334 0.9524755 0.9886779 0.6191044 1.181792 0.7097582 1.119452 0.9836007 0.4198752 0.5873728 2.771711 2.013329 3.131407 2.375578 2.880931 0.2237787 1.729795 1.818888 1.36376 0.8725624 1.149974 1.95182 1.427256 1.587949 1.347348 1.052122 2.683366 0.7208948 1.033113 0.8849398 1.235757 0.5022225 2.03726 0.8645331 0.4906914 2.575441 2.745973 0.5840781 0.4996072 0.9959026 1.405746 1.53676 0.6366392 0.2779935 0.2442816 0.8189529 0.9989189 0.6277307 0.4677532 1.036567 0.4579356 0.6253461 0.7628788 1.791145 2.256309 1.571312 1.970491 1.207811 0.7550637 1.193948 1.027195 1.459028 2.72719 1.261906 0.558437 0.6636218 0.3598394 0.5928073 1.278144 0.9135547 1.908651 1.810518 1.611698 
1.207591 1.171215 1.091304 1.142666 1.328795 1.412887 1.294074 1.070327 0.9965833 1.004796 1.031087 1.414191 2.39886 2.35816 2.694414 2.304228 2.099796 2.729129 2.302393 1.484938 1.017949 0.8681509 1.080304 1.093956 2.797888 2.423967 1.177607 0.9879967 1.06462 0.749696 1.943272 0.650412 0.6729865 0.6588197 1.103501 1.026585 0.192079 3.254492 1.634896 1.900553 1.60482 1.626086 1.113547 0.7638359 0.9703619 2.065193 1.070748 3.284841 3.058869 1.175063 0.124819 1.698575 5.572507 1.975852 0.9885752 1.613485 1.313267 3.25244 2.216002 1.686256 1.014379 1.04396 0.5009111 1.005547 1.494962 0.8998693 0.2278504 0.3289549 0.768112 3.214705 0.6236278 1.784276 0.6152358 0.7660258 0.49395 0.9313319 2.438808 2.199503 1.273841 1.684261 0.5405371 0.9091858 0.484395 0.7248849 0.3263091 0.8349918 0.9513469 0.0650471 1.488835 5.214719 2.543957 1.840935 1.36351 0.4146889 1.506447 0.8899003 0.4214306 1.181285 1.480231 0.839206 0.5938783 0.5779823 1.405671 1.009987 1.403504 3.523838 1.292333 1.302088 
1.06344 1.087341 1.132412 1.169598 1.205622 1.200426 0.9997358 0.8811293 0.7126499 0.9780024 1.182233 1.430841 1.164478 2.14117 2.63354 2.916989 3.027028 3.635151 1.837455 0.8626116 0.7260412 0.9478366 1.007642 1.403538 2.387274 3.498205 0.8043382 0.8865459 0.6154697 0.4726196 0.7892478 0.2221722 1.776776 1.150105 0.9760126 0.8263345 2.426626 3.035952 3.224366 1.107729 1.062512 2.16535 1.242076 0.8448541 0.8346066 1.250111 1.221096 2.464156 2.189027 1.770119 3.8174 1.551677 3.088534 3.048029 4.963124 0.9213039 0.9552674 1.460326 1.009574 1.079949 1.134509 2.590585 2.117755 1.007225 3.353859 1.371066 1.142072 2.397743 1.935702 2.407627 0.3334332 0.6977669 1.435083 0.1290704 1.059227 0.2685139 2.235597 1.012567 1.468877 3.305368 0.9707267 0.7447711 0.6763518 0.1515021 0.02051858 1.864885 1.990314 1.11621 0.9187086 1.57832 2.099648 2.058401 1.011967 1.502479 0.2038359 1.008484 0.5866913 0.838261 1.592207 2.330132 5.055021 3.280942 1.64731 0.4652762 0.4726427 1.601644 2.368342 0.66426 
0.9976867 1.063446 1.051246 1.098791 1.079096 0.985769 0.8834304 0.5203196 0.1768972 0.7741141 1.079952 1.46976 1.671193 2.457245 2.091456 2.818692 3.123066 2.867025 1.924638 0.6127816 0.6519764 0.9928513 1.234177 1.514777 1.928497 1.63443 1.156017 0.8654399 0.8452246 0.6902359 0.6605092 0.9905434 1.526921 1.10283 1.178174 1.714711 1.758385 2.112649 2.504485 1.455639 0.9043439 1.17446 1.052417 0.02153285 0.6498736 0.5361279 1.114133 2.22979 2.799977 2.816869 2.197959 1.476887 1.721483 2.884709 1.001879 1.378233 0.8766867 1.859093 2.40942 1.167392 0.3460338 2.133789 3.303321 0.07864228 1.265466 0.4641986 2.276068 1.174091 0.9384992 0.6198525 0.6043779 0.4648463 0.7183908 1.29177 1.839778 0.1639761 0.9434994 2.513688 0.08939889 1.462987 3.414412 1.209722 1.024946 5.385377 0.5396761 2.844342 1.458178 1.562457 2.899613 1.173081 1.883054 1.994347 1.633675 1.96924 2.458892 1.481708 0.9584242 0.9920922 1.463022 2.384895 3.006086 2.191175 1.408074 0.9541004 1.253638 1.122444 1.104163 0.7987987 
0.8923612 0.9240946 0.9889244 0.9962994 0.9649768 0.9506524 0.8869393 0.5244969 0.1864959 0.8175351 1.140079 1.665765 2.325068 3.101743 3.308692 4.588192 3.867454 3.054724 2.282659 1.344846 0.9928204 1.112892 1.329297 1.491104 1.652171 1.482508 1.243677 0.9476421 0.8687596 0.6781285 0.5018623 0.5454903 0.3578363 1.284188 2.353387 2.345311 0.9007608 1.784543 1.993354 2.604337 1.616481 1.149579 0.977448 0.1648706 0.8663718 1.448102 1.494894 2.003181 2.301607 3.054343 3.356234 1.189074 1.741658 1.473771 2.028978 1.507247 1.469791 2.221301 2.349571 1.720756 1.410275 1.945778 2.013942 1.314881 1.42879 1.506293 2.656127 1.851234 1.073941 0.7937987 0.5558857 0.6699525 1.067986 2.319896 1.219118 1.757136 1.8347 1.288161 1.029554 1.678928 2.104459 1.114015 0.8588005 1.314166 1.379194 1.401282 1.736433 0.2722435 1.568298 1.742876 1.793744 1.748943 1.012107 2.628886 5.834667 2.760758 1.340401 1.246047 1.547284 2.191666 2.644825 2.171001 1.346178 0.9166228 1.151617 1.226056 0.9644821 1.088136 
0.774345 0.8148059 0.8604026 0.887454 0.8343625 0.9011129 0.7820756 0.8709228 0.8208959 1.18564 1.53646 2.025887 2.683128 3.402582 3.952537 5.136521 4.15714 3.329611 2.616865 2.047966 1.320562 1.428545 1.312857 1.44024 1.533636 1.386672 1.267659 0.8931283 0.6919594 0.735643 0.5879731 0.3894628 0.9762136 1.18074 2.01528 1.845382 1.52762 1.487026 1.627516 3.027523 2.122945 1.017193 0.961272 0.8154595 1.818521 2.727506 1.730784 1.805295 1.548073 3.536738 5.02326 2.300914 2.950745 2.702342 2.332619 1.809109 1.486137 2.141613 1.774166 1.243111 1.311555 1.548296 1.583873 1.782303 1.758745 1.540302 2.768803 3.129308 1.595546 0.9608459 0.7881646 1.156187 1.431139 2.334539 2.210477 2.490543 2.141462 1.439617 1.394341 1.758595 1.446545 1.649925 1.165245 1.471625 1.721279 1.192598 1.418425 1.62103 1.350709 1.554288 1.757231 1.773959 1.751269 2.475832 3.297041 2.496573 1.630967 1.7532 1.854294 1.94592 2.474067 2.172449 1.163435 0.8993922 0.9513203 0.9616231 1.058921 0.941211 
0.5607876 0.6171901 0.7019364 0.7339481 1.063778 1.072138 1.177223 1.092885 1.224476 1.562568 1.866578 2.292645 2.709234 3.4474 3.850647 3.927824 3.750675 3.27228 2.813259 2.320912 1.897197 1.815961 1.318748 1.397685 1.410932 1.341079 1.229254 0.883876 0.8092426 0.9045565 0.9942346 1.57421 3.011878 1.793239 1.670381 1.385609 0.9314665 0.8754165 1.074582 1.507708 1.427331 1.043016 1.033491 0.9829825 1.327802 1.518526 1.427083 1.602324 2.30695 3.252449 4.09768 6.429916 3.288704 2.902458 2.523787 1.98372 1.535485 1.649041 1.588934 1.367209 1.540392 1.507792 1.481863 1.655247 1.91929 1.9339 2.37578 2.417917 1.539459 1.133497 1.054587 1.21165 1.651778 2.052017 2.099585 2.116202 1.88867 1.452517 1.598033 1.507064 1.329722 1.659757 1.458665 1.432377 1.491628 1.401229 1.70362 1.809326 1.326771 1.486172 1.725191 1.906895 2.030474 2.305829 2.455645 2.30299 1.652537 1.888117 2.10327 1.950783 2.124779 1.960593 1.169105 0.8606269 0.9347366 0.9014732 1.014686 0.8984988 
0.305223 0.3793286 0.60471 0.8770039 1.010876 1.084732 1.267688 1.369077 1.441454 1.836787 2.088657 2.425753 2.800676 3.193084 3.484407 3.521311 3.36971 3.083707 2.89221 2.472893 2.247842 1.939242 1.319163 1.366619 1.371406 1.25922 1.2264 1.083164 0.9446232 1.058511 1.30199 2.079164 3.133951 2.495596 1.65365 1.130311 0.3519876 0.2765737 0.2220607 0.8971738 1.121245 1.083811 1.055987 1.154723 1.116109 1.174004 1.36725 1.036825 1.851997 2.966135 3.583867 3.913755 3.366258 2.853112 2.510847 1.946277 1.486206 1.182645 1.538381 1.655662 1.653792 1.71994 1.765814 1.721543 1.854788 1.891151 2.07754 2.018463 1.731252 1.247722 0.9923526 1.183793 1.695221 1.910108 2.001023 2.003735 2.00062 1.660285 1.646811 1.608178 1.363891 1.600781 1.74379 1.403645 1.42704 1.373026 1.511798 1.839005 1.460935 1.512349 1.711944 1.983772 2.096614 2.2535 2.169085 2.10005 1.774457 2.028003 2.189962 1.922951 2.078239 1.742581 1.231866 0.8079084 0.8383592 0.7615263 0.7996449 0.6884016 
0.0835773 0.1965741 0.4861646 0.7566276 0.9568226 1.227707 1.584964 1.500697 1.593303 1.77046 2.220951 2.401237 2.727548 3.051134 3.208053 3.256794 3.163936 2.990076 2.910972 2.387848 2.367918 2.031509 1.317265 1.346943 1.348786 1.234942 1.201721 1.07729 1.019071 1.152685 1.514846 1.899314 2.156972 1.981189 1.545304 1.104201 0.8198015 0.5041566 0.4165845 0.6921948 0.9390354 1.08417 1.142756 1.135878 1.035155 1.110282 1.6471 1.716197 2.121767 2.817493 3.122382 3.264067 3.119903 2.812549 2.479024 1.949057 1.347372 1.059597 1.411645 1.635684 1.67905 1.557938 1.845588 1.754025 1.867101 1.827798 1.924081 1.871526 1.726511 1.324834 1.032027 1.455035 1.749525 1.860237 1.936305 1.946751 1.90405 1.574457 1.729848 1.621118 1.934202 1.597516 1.703386 1.387818 1.392182 1.360156 1.525719 1.742947 1.468071 1.498222 2.12656 1.948824 2.108759 2.015775 1.91819 1.995053 1.728131 2.056396 2.1708 2.216444 1.778409 1.634902 0.9764091 0.7385313 0.7206758 0.5544222 0.310506 0.299579 
2.042943e-031 0.1094097 0.3844 0.6836055 0.9187703 1.471711 1.636626 1.581696 1.682515 1.848287 2.295269 2.408382 2.655282 2.911429 2.889624 2.912132 3.01846 2.908405 2.758154 2.421647 2.240524 2.111514 1.314642 1.334651 1.19297 1.435759 1.229172 1.238822 1.064893 1.181509 1.493198 1.746731 1.714388 1.679424 1.438509 1.157673 1.091998 0.8788059 0.7787069 0.8065688 1.003804 1.057874 1.157089 1.132323 0.995559 1.063962 1.823133 2.192259 2.383151 2.785562 2.886574 2.846637 2.773907 2.73286 2.457358 2.002327 1.674129 1.468873 1.512879 1.650617 1.688432 1.553084 1.856477 1.76046 1.78568 1.77218 1.844035 1.805115 1.720942 1.350047 1.049839 1.568906 1.752553 1.830744 1.694838 1.908614 1.879801 1.555011 1.731945 1.769473 1.957956 1.594004 1.71704 1.377302 1.373065 1.283509 1.869827 1.692048 1.473024 1.62822 2.156023 1.955637 2.104794 1.898813 1.842219 1.934911 1.946397 2.064534 2.192662 2.159171 1.725915 1.357606 0.9288038 0.6765043 0.6214204 0.3996688 0.09399035 0.02933717 
