rasters-bowlers/axarpatel.asc
ncols         108
nrows         21
xllcorner     -3.075
yllcorner     -1.575
cellsize      0.15
NODATA_value  -9999
1.65899e-008 0.02656212 0.107906 0.2359746 0.3919975 0.5547749 0.7079637 0.8425832 0.9557761 1.086631 1.157666 1.212784 1.255573 1.289173 1.316256 1.339018 1.359061 1.454589 1.462884 1.468257 1.466182 1.451467 1.569751 1.532745 1.424438 1.356865 1.29395 1.25409 1.204182 1.236852 1.015853 1.096684 1.160128 1.379887 1.357406 1.365292 1.399218 1.422415 1.26214 1.455416 1.665499 1.594159 1.53072 1.577619 1.564465 1.241062 1.271229 1.024843 1.099809 1.014632 1.033244 1.016821 1.0792 1.02833 1.476295 1.830632 1.846191 2.127145 2.033858 2.496248 2.328559 2.050907 1.662201 1.367247 1.09149 1.194494 1.168231 1.287371 0.9587723 1.250908 1.399258 1.385282 1.478095 1.420423 1.582392 1.73724 1.674369 2.065604 2.106541 2.124964 2.074146 2.195347 2.321296 2.433078 2.555877 2.581924 2.332172 2.535957 2.511397 2.485997 2.398534 2.353093 2.308012 2.260677 2.207147 2.142354 2.06024 1.905959 1.763494 1.587042 1.373468 1.124442 0.8498109 0.5704561 0.3176313 0.1257018 0.01958103 0.004545178 
0.02544808 0.05397875 0.1370051 0.2661107 0.4222086 0.5840587 0.7355433 0.867996 0.9788079 1.06897 1.176078 1.228122 1.267958 1.298843 1.323704 1.345235 1.365797 1.452748 1.468249 1.482906 1.48987 1.480522 1.446651 1.532875 1.452789 1.29812 1.194611 1.126283 1.079579 1.138686 0.9909883 1.112992 1.213463 1.439694 1.422865 1.419791 1.429673 1.422586 1.367644 1.43677 1.689635 1.401009 1.518721 1.562968 1.542156 1.162079 1.258563 1.032776 1.043767 1.025146 0.8411705 1.009329 1.070203 1.142655 1.610168 1.777882 1.810557 2.183765 2.0561 2.512954 2.237817 2.00688 1.63266 1.348015 1.212023 1.177213 1.14374 0.9375529 1.019593 0.9766405 1.409668 1.416987 1.450315 1.620595 1.541944 1.70557 1.832829 1.987605 1.985197 1.93303 2.071191 2.240784 2.421029 2.619735 2.715934 2.529958 2.528449 2.636351 2.583085 2.535981 2.445961 2.393303 2.345999 2.300305 2.251253 2.192797 2.117938 1.967615 1.830743 1.658418 1.446998 1.197737 0.9202554 0.6356525 0.376092 0.1774171 0.06588949 0.04723096 
0.09861499 0.1306601 0.2122708 0.3353799 0.4826173 0.6348149 0.7773534 0.9022264 1.006861 1.091969 1.195336 1.242785 1.278322 1.305065 1.326041 1.344492 1.425576 1.442116 1.467264 1.49665 1.519977 1.522978 1.491374 1.414561 1.436261 1.2291 1.056645 0.9318951 0.8860959 0.9932905 0.9534406 1.136584 1.295492 1.389752 1.528171 1.501313 1.467192 1.419063 1.34503 1.40235 1.483279 1.392177 1.845572 1.548188 1.512955 1.267919 1.239763 1.042326 1.064458 1.101771 1.016459 0.9422114 1.112824 1.135038 1.552943 1.694764 1.751886 2.1567 1.849917 2.482515 2.203791 1.929086 1.523799 1.16786 1.197718 1.151698 1.169816 0.9238204 1.002615 1.301337 1.365909 1.516868 1.495503 1.657526 1.561544 1.524518 1.698038 1.873867 1.884057 1.872156 2.060141 2.300291 2.566236 2.830065 2.954084 2.816046 2.715265 2.750532 2.656387 2.58179 2.5292 2.426756 2.378599 2.336802 2.295176 2.246547 2.137157 2.040363 1.913901 1.751646 1.550127 1.310785 1.043079 0.7672593 0.5138739 0.3169001 0.2014659 0.1736131 
0.2060899 0.2420152 0.3194352 0.4312637 0.5632315 0.6996099 0.8280983 0.9415761 1.037358 1.115584 1.177805 1.255879 1.28591 1.306954 1.321766 1.333904 1.397387 1.415521 1.45238 1.504676 1.556722 1.584472 1.563725 1.47663 1.313265 1.165881 0.8819927 0.6422814 0.6052838 0.789595 0.9081953 1.179364 1.418213 1.533744 1.707271 1.574521 1.506807 1.408672 1.309517 1.249692 1.422879 1.370289 1.80713 1.833567 1.596951 1.738649 0.9994914 1.291108 1.094249 1.112894 0.8586654 0.9791367 1.082362 1.128144 1.475579 1.540858 1.684317 2.121289 1.901926 2.458029 1.800153 1.482052 1.41698 1.157015 1.177123 1.111822 0.7716972 0.9504839 0.9304647 1.293085 1.394137 1.510006 1.507568 1.665115 1.632746 1.408115 1.572828 1.659013 1.733616 1.779843 2.033339 2.368558 2.798394 3.141357 3.212927 3.134798 2.930032 2.865054 2.719956 2.615234 2.545969 2.448792 2.402145 2.367312 2.336828 2.302185 2.205228 2.123176 2.011232 1.863653 1.67783 1.456033 1.207766 0.95169 0.7148077 0.5265785 0.4089181 0.3678972 
0.3283019 0.3672069 0.4386234 0.5367969 0.650928 0.769042 0.8813825 0.981823 1.067558 1.138063 1.194062 1.266891 1.290563 1.3045 1.310509 1.311453 1.350141 1.361843 1.410223 1.49809 1.600139 1.67414 1.679101 1.588073 1.389664 1.038173 0.7333547 0.2946879 0.1910931 0.4725952 0.8555282 1.253059 1.567441 1.906419 1.916412 1.817478 1.555208 1.386069 1.218917 1.174477 1.35949 1.352611 1.644617 1.828253 1.534028 1.618215 1.00152 1.23768 1.143413 1.137642 0.8787668 0.9340166 1.038207 1.155672 1.273836 1.131655 1.226606 1.923429 2.086936 2.388285 1.815274 1.147921 1.087853 1.155694 1.140497 0.7918646 0.7839707 0.7280966 0.8707469 0.981698 1.425241 1.5743 1.608798 1.805787 1.673581 1.372038 1.413432 1.387306 1.402984 1.652113 1.982787 2.419523 3.007424 3.466394 3.68854 3.477588 3.123041 2.949463 2.755899 2.625968 2.544025 2.454087 2.412119 2.388123 2.411832 2.318963 2.278623 2.215302 2.120922 1.990541 1.82305 1.622137 1.397613 1.166294 0.950819 0.7749891 0.6565098 0.6010866 
0.447196 0.4875925 0.5523715 0.6371431 0.734178 0.8347946 0.9315413 1.019271 1.095141 1.158041 1.207902 1.275865 1.292942 1.299102 1.294373 1.313814 1.281276 1.26687 1.319895 1.464576 1.653492 1.810537 1.864213 1.774873 1.545676 1.190589 0.7801576 0.2449411 0.0977719 0.5018225 0.9110643 1.300569 1.821618 2.475148 2.634637 2.000939 1.585692 1.337693 1.167879 0.9832629 0.9436474 1.198122 1.69901 1.877446 1.583343 1.401364 1.113347 1.134635 1.206208 1.214677 0.8890583 0.9776492 0.9570218 1.027573 1.296689 1.061748 0.8285291 1.978245 2.372283 2.244783 1.992855 1.488291 1.218544 1.197758 0.8464005 0.8037732 0.6682526 0.6297107 0.9148076 1.069014 1.471267 1.647655 1.988168 1.95111 1.731657 1.330799 1.032737 0.9075439 1.120807 1.51422 1.915661 2.403 2.96954 3.739978 3.988113 3.653949 3.190438 2.96109 2.745356 2.604863 2.517361 2.509631 2.439709 2.429049 2.435344 2.371954 2.357559 2.31719 2.242247 2.129135 1.979009 1.797607 1.595423 1.387642 1.192772 1.02922 0.9105452 0.8417407 
0.5505728 0.5911288 0.6496337 0.7228759 0.8054792 0.8912797 0.9746604 1.051338 1.118526 1.174688 1.219108 1.251449 1.294434 1.293548 1.278784 1.27243 1.204112 1.128619 1.166482 1.404616 1.734217 2.036789 2.175189 2.074459 1.790703 1.41479 0.9746757 0.7367103 0.6864212 0.7833529 1.025354 1.308247 1.961397 3.229879 3.668815 2.322512 1.50684 1.195297 1.122778 1.009002 0.8414346 1.339618 2.007849 2.09455 1.591935 0.5530143 1.158438 1.005173 1.312829 1.532241 1.0001 0.4381513 0.913923 0.749603 1.838174 1.260121 1.798632 1.606883 4.692649 2.542043 2.098361 2.365133 0.4627628 1.563653 0.1918958 0.8417711 0.3545088 0.353928 0.9221413 1.270366 1.606218 1.771099 2.243507 2.285288 1.992367 1.321825 0.6365407 0.1667162 0.8983326 1.456666 1.916686 2.157264 2.760794 3.436682 3.705282 3.446888 3.049479 2.876566 2.720448 2.587872 2.498957 2.447654 2.395328 2.404871 2.4436 2.423126 2.444208 2.431806 2.376847 2.278328 2.141001 1.973563 1.787739 1.597622 1.418407 1.264119 1.144827 1.084983 
0.6322673 0.6721804 0.7254259 0.7896923 0.861238 0.9356471 1.00863 1.076592 1.136863 1.187646 1.227781 1.256414 1.296598 1.290847 1.27025 1.250923 1.166024 1.037892 1.053168 1.381662 1.880192 2.449016 2.748606 2.552956 2.100708 1.648091 1.291946 1.035637 0.9200733 0.9750594 1.040366 1.199206 1.626308 2.731414 3.137955 1.865217 1.184952 1.043787 1.014244 1.125887 1.766719 3.762834 2.478642 2.596462 2.040159 0.5658015 1.365149 1.795279 1.117469 1.560711 2.526303 0.1959573 1.285473 3.464276 1.949779 2.509762 0.2362686 0.1451704 0.1607828 0.6823444 0.9958702 0.9703174 0.9607131 0.8526435 1.31255 0.87048 0.5023742 0.6008255 1.012356 1.7179 1.740464 1.768059 2.36622 1.941009 2.380565 1.336297 0.9407539 0.6640431 1.082725 1.618701 1.771435 2.072349 2.43431 2.94516 3.071018 2.986801 2.762265 2.760059 2.615447 2.499928 2.408302 2.346144 2.331161 2.338617 2.427213 2.47309 2.545109 2.566706 2.52998 2.439776 2.335796 2.173023 1.993826 1.811855 1.640027 1.489268 1.367099 1.27672 
0.6902228 0.7292446 0.7785863 0.8365505 0.9004343 0.9669341 1.032637 1.094444 1.149816 1.19684 1.23411 1.260501 1.274863 1.292504 1.3023 1.253025 1.188353 1.124146 1.139571 1.384963 2.075398 3.205628 3.922605 3.288856 2.38526 1.781125 1.429551 1.189694 0.9764367 1.0016 1.023196 0.9974281 1.081952 1.360224 1.494842 1.103803 0.8846794 0.8915764 0.9702615 1.092851 1.251778 1.656846 2.044271 3.259353 3.882494 2.521603 3.318357 0.5717798 1.195698 1.252223 0.9436743 0.2830866 2.232453 1.451057 1.321441 2.619392 0.8984925 0.8694626 0.6330071 0.6163837 0.9708855 0.7680112 0.6594279 0.8338117 1.068857 0.2935221 0.5760734 0.9597809 1.0506 1.365595 1.337628 1.714251 2.572033 5.16888 2.799943 1.15595 1.053412 1.156679 1.4919 1.642645 1.956349 2.089908 2.400737 2.568157 2.693262 2.573168 2.684027 2.595608 2.498938 2.396183 2.286943 2.189222 2.150969 2.199884 2.352276 2.549845 2.698999 2.760926 2.736428 2.643682 2.503561 2.334625 2.152595 1.970777 1.8002 1.649295 1.523455 1.42486 
0.7243932 0.7626866 0.80962 0.86385 0.9232444 0.9851137 1.046546 1.104749 1.157302 1.202276 1.238193 1.26387 1.278176 1.298248 1.308295 1.263811 1.205189 1.12306 1.002491 1.267807 2.148632 4.016284 5.833232 3.880903 2.36282 1.729251 1.400987 1.253205 1.081399 1.122529 1.113217 0.8168204 0.7411178 0.7773141 0.8300833 0.8081266 0.420406 0.7954468 0.8015096 0.9662461 1.05226 1.185841 1.092332 1.92903 1.960505 1.392961 1.331692 1.798631 1.822716 1.187288 0.9819656 0.8838287 1.116231 1.620619 0.2462063 1.96166 3.564857 1.146919 2.772304 1.300992 1.042113 1.036143 0.3961436 1.13999 2.668961 0.865897 0.8818814 0.9879381 0.9286109 1.684222 1.202355 0.8697681 1.737037 2.618935 2.091856 1.516298 1.22052 1.335823 1.90398 2.251087 2.283007 2.371834 2.349709 2.384845 2.439239 2.436933 2.492714 2.459231 2.3962 2.294699 2.143838 1.964055 1.852014 1.941451 2.258316 2.638072 2.896151 2.990536 2.95629 2.839067 2.673769 2.484399 2.287806 2.096388 1.919357 1.763118 1.631369 1.525301 
0.7352716 0.7732336 0.8192933 0.8722265 0.9300895 0.9903998 1.050424 1.107498 1.159281 1.203899 1.239939 1.266327 1.282125 1.307302 1.320372 1.279845 1.220979 1.131626 1.015134 1.223163 1.944592 3.078906 3.835123 2.643348 1.816719 1.474981 1.349255 1.274789 1.18671 1.66524 1.422443 0.6668141 0.4131705 0.4377218 0.5263997 0.6941514 0.8192587 0.8776784 1.001061 0.973706 1.465574 0.8408386 2.0545 1.527555 1.636261 1.265355 0.3728152 2.210225 1.487627 5.979659 3.46153 1.05619 0.8630465 1.748437 0.2831014 0.6231864 0.8958143 1.273076 0.8223068 0.6648499 2.189159 1.47733 1.34927 0.7615301 2.136179 1.134918 1.284295 1.402391 1.684611 1.598725 1.124257 0.5386053 1.303059 3.207131 1.541279 0.7898667 1.026359 1.635234 2.573143 3.05454 2.744594 2.48953 2.326365 2.283229 2.290069 2.279125 2.566027 2.551193 2.488646 2.318726 2.082661 1.740114 1.43939 1.548281 2.203077 2.916637 3.299793 3.387313 3.306598 3.141946 2.938129 2.71942 2.500716 2.292424 2.10218 1.828328 1.688659 1.575742 
0.7231093 0.7612079 0.8079289 0.8619424 0.9211406 0.9828715 1.044277 1.102642 1.155654 1.201542 1.239067 1.267402 1.285951 1.314455 1.338138 1.305863 1.259812 1.193001 1.134679 1.310755 1.654755 1.779564 1.195932 1.341814 1.15447 1.172466 1.209152 1.159992 1.10339 1.201837 1.073026 0.9626764 0.3323264 0.2080584 0.4674864 0.7853197 0.9423422 0.9451022 1.007692 0.9491262 1.792424 1.233268 1.725648 1.263154 1.100648 0.821093 1.085459 1.367333 2.646957 0.6332459 0.9614109 0.8844372 0.8743493 1.544148 1.539171 1.13689 0.3295635 2.564479 1.374434 0.3408177 0.4921726 0.8446727 0.7265192 1.077216 1.24602 2.088557 1.912446 2.124893 0.5175231 1.259502 0.630946 1.193296 1.326789 1.196714 1.16541 0.3554515 0.9524027 1.191118 3.13893 3.938294 2.917537 2.30682 2.212696 2.170928 2.179717 2.172224 2.478719 2.49009 2.452703 2.330314 2.067743 1.620595 1.106787 1.191187 2.443913 3.560325 3.894189 3.824109 3.61096 3.352636 3.084032 2.819638 2.567787 2.334924 2.126405 1.946174 1.796307 1.676847 
0.6876932 0.7263157 0.7752151 0.8327228 0.8961856 0.9623761 1.027987 1.090061 1.146261 1.194958 1.235175 1.266443 1.288624 1.346038 1.359412 1.356378 1.3284 1.30397 1.314222 1.392159 1.404955 1.19268 1.218221 1.288692 1.148621 1.140077 1.102814 1.001305 1.017936 1.017858 0.9984043 0.8283904 0.4865361 0.365228 0.3816421 0.5017381 0.6917241 0.7795758 0.5352702 0.9188658 1.450693 1.283565 1.730006 1.130399 0.9825642 1.700955 0.8579159 0.968739 2.205212 0.6348965 1.186433 1.001399 0.5671838 0.5774551 0.4453032 1.063318 2.512766 2.634538 0.3137097 0.9950986 0.7804087 0.2120557 0.6613888 0.5419568 0.6072504 1.289251 0.8568394 0.516947 0.227832 0.7912496 3.21223 1.44251 1.146589 1.23151 1.265203 0.8922939 1.145403 1.808655 1.099107 2.317715 2.179673 1.858123 1.946032 2.019521 2.113712 2.131569 2.420725 2.460004 2.459755 2.391711 2.213963 1.897109 1.563147 1.992214 3.891383 4.859898 4.70768 4.308847 3.906105 3.53499 3.193993 2.879025 2.589198 2.326698 2.095287 1.898584 1.738627 1.615084 
0.6286077 0.6679049 0.7204484 0.7839721 0.8548161 0.9286824 1.001435 1.069671 1.130979 1.183919 1.22786 1.323201 1.373944 1.379128 1.37846 1.389079 1.377431 1.373791 1.384805 1.39043 1.304227 1.092535 1.154195 1.293913 1.258746 1.15706 1.022841 1.002438 1.008245 0.9711866 0.9349142 0.7582096 0.6454259 0.9268513 0.465651 0.07225811 0.4553705 0.5283062 0.4395597 0.9660007 1.052704 1.258857 1.159784 1.181836 1.299013 1.202485 0.2007865 1.492131 2.310533 2.942543 1.102355 4.014782 1.650075 0.905948 0.1561348 0.118266 1.066745 0.8489884 0.8025111 0.2269529 1.701532 0.2666484 0.07836085 0.1866542 1.050963 0.4784143 1.583484 1.16466 1.980314 1.092514 1.054856 0.9920234 0.9622117 1.437441 1.605791 0.4640784 1.899418 3.101114 1.972948 1.89064 1.338173 1.206555 1.559128 1.877684 2.023921 2.297532 2.385358 2.452718 2.496434 2.507862 2.483516 2.468013 2.678587 3.748075 5.508885 5.88064 5.291157 4.642904 4.099438 3.642424 3.242678 2.882545 2.554979 2.260238 2.002603 1.787217 1.617351 1.492722 
0.5460462 0.5857705 0.64328 0.7154288 0.7969667 0.8819007 0.9648142 1.04165 1.14291 1.201102 1.248738 1.286339 1.373125 1.384435 1.39065 1.414007 1.40924 1.408427 1.408437 1.392692 1.336284 1.264741 1.273651 1.309195 1.278311 1.192182 1.085409 0.9981981 0.9646031 0.9351369 0.8458605 0.717275 0.6318892 0.6463472 0.5034108 0.3849356 0.484659 0.4021637 0.0422698 0.812246 1.09399 2.028114 2.150213 1.24066 2.003786 2.252551 2.604682 2.059189 5.131718 5.788437 1.808551 1.680199 2.434478 1.240254 0.6829168 1.174964 2.893743 1.797745 0.5171771 1.413725 0.403913 0.9976185 1.410665 3.33399 1.560789 1.446441 2.691698 2.802096 1.567344 1.543459 1.036391 1.328238 0.9793869 1.019542 1.284252 1.415522 2.038489 2.517412 2.072331 1.799855 1.380686 1.283697 1.53398 1.687149 1.92758 2.264876 2.366437 2.456696 2.540957 2.626224 2.735865 2.94361 3.411575 4.382812 5.469694 5.723811 5.271429 4.669807 4.120104 3.640049 3.211507 2.819392 2.457981 2.129992 1.843571 1.608097 1.429804 1.308853 
0.4422827 0.481668 0.5451345 0.6283832 0.7497066 0.8515236 0.9494978 1.038551 1.116021 1.181108 1.234217 1.276432 1.36915 1.385706 1.397017 1.430643 1.427703 1.425462 1.420359 1.405292 1.376652 1.348156 1.338555 1.330159 1.296224 1.238272 1.185344 0.9881328 0.9398707 0.8650415 0.8659421 0.6968218 0.6207191 0.6159353 0.6389012 0.9605987 0.7775491 0.5204865 0.6023586 0.7866408 1.150686 1.869308 1.891318 1.713832 2.434869 3.4652 2.928965 3.089354 4.109177 3.375227 2.802225 2.279717 3.409009 2.655269 3.228046 2.28518 3.43615 2.013162 1.421385 1.241583 1.36715 1.004056 2.422413 2.284007 1.35921 2.904804 2.524109 2.099578 1.833085 1.565798 1.376329 1.231331 0.9757892 0.07893723 2.184546 2.355406 2.006651 1.884968 2.098407 1.928647 1.733839 1.65174 1.718604 1.807094 1.736266 2.260131 2.364314 2.467367 2.577981 2.709672 2.890049 3.173806 3.611519 4.265739 4.880193 5.089008 4.858275 4.435704 3.974133 3.526077 3.09841 2.688583 2.298145 1.936409 1.619024 1.362812 1.178949 1.068199 
0.3237033 0.3756944 0.4478061 0.5470704 0.6624911 0.7819681 0.8957059 0.9976251 1.085055 1.157698 1.216608 1.333043 1.361986 1.382997 1.398127 1.409021 1.438367 1.434874 1.428589 1.416988 1.400112 1.38255 1.367657 1.347372 1.31671 1.276545 1.203366 0.9755936 0.9186528 0.8887863 0.7300628 0.6918542 0.6221581 0.6262736 0.65143 0.7678879 0.7412987 0.7249052 0.795547 0.9005237 1.113086 1.734439 1.751395 1.95207 2.220353 2.737348 2.713643 3.007888 3.426661 2.920099 2.969435 2.489487 2.819215 2.877372 4.510689 2.133467 0.6955591 1.19181 1.50031 1.070843 1.038836 1.198996 1.99557 1.912291 1.469437 1.705736 2.142023 2.251488 2.162654 1.785109 1.463247 1.237261 1.147563 1.475421 3.291291 2.864359 2.156602 1.796962 1.679211 1.968377 1.871189 1.817175 1.820348 1.851684 1.934135 2.072054 2.373717 2.480205 2.602056 2.751816 2.949611 3.195544 3.550793 3.971037 4.330837 4.47936 4.362434 4.08462 3.724081 3.329431 2.919431 2.50188 2.086457 1.691014 1.341472 1.065044 0.8796541 0.7864262 
0.2108077 0.2468879 0.3251227 0.4381628 0.5715324 0.7093929 0.8394067 0.9544688 1.051963 1.132152 1.196757 1.318441 1.352088 1.340922 1.359495 1.372969 1.444699 1.440576 1.434313 1.424943 1.412601 1.39853 1.382526 1.361138 1.335345 1.265366 1.229915 0.9639242 0.951279 0.8743296 0.7186007 0.690456 0.6207232 0.6225248 0.602172 0.6642886 0.6790589 0.7455851 0.8914011 0.9475075 1.066714 1.673271 1.830694 1.930853 2.379758 2.642727 2.761772 2.914583 3.237983 3.129645 3.024262 3.218439 2.486594 2.690194 3.152122 2.480772 1.683744 1.503623 1.426881 0.8896596 1.223309 1.357335 1.814329 1.77201 1.785454 2.139409 2.058658 2.234831 2.057797 1.865649 1.452497 1.324784 1.352853 1.739284 2.290917 2.298573 2.100551 1.933516 1.652757 1.934793 1.934777 1.895595 1.883425 1.890143 1.904409 2.316386 2.393484 2.492172 2.613462 2.761592 2.947783 3.143137 3.403227 3.676497 3.896455 3.992956 3.917062 3.722034 3.436501 3.09093 2.702576 2.282871 1.846941 1.420627 1.040997 0.7471936 0.5647978 0.494759 
0.1006476 0.132975 0.2155363 0.3399511 0.4886543 0.6424023 0.7865472 0.9130628 1.019374 1.106217 1.175868 1.264413 1.301879 1.329919 1.350662 1.365644 1.448565 1.444173 1.438141 1.429993 1.419676 1.407442 1.391761 1.372361 1.350355 1.279553 0.9633405 1.008448 0.9431635 0.7340681 0.7108257 0.689607 0.6166507 0.6126829 0.5672314 0.6188226 0.6560585 0.779065 0.8845811 0.9604265 1.100108 1.656696 1.823335 1.909431 2.12072 2.600197 2.648526 2.845147 3.138036 3.065091 3.058863 2.956705 2.325617 2.443943 2.719514 2.469957 2.057101 1.912294 1.785485 0.8624024 1.103981 1.215503 1.729597 1.795914 1.808035 2.104294 2.029554 2.047704 2.073678 2.095297 1.785218 1.425375 1.400124 1.680806 1.960187 1.976663 1.97544 1.887196 1.626467 1.931149 1.903996 1.93688 1.921281 1.918031 1.921983 2.354366 2.421783 2.506241 2.769514 2.891794 2.915098 3.05547 3.242338 3.423058 3.560194 3.616592 3.572773 3.395416 3.15639 2.847359 2.479174 2.062277 1.614098 1.166223 0.7651135 0.4605468 0.2849241 0.2386976 
0.02592281 0.05485966 0.1389505 0.2694366 0.4270509 0.5905049 0.7436529 0.8777749 0.9902006 1.081868 1.19317 1.246525 1.287002 1.317437 1.340028 1.356379 1.367565 1.446501 1.440714 1.433328 1.424229 1.413436 1.398599 1.381681 1.362162 1.290008 1.008736 1.005896 0.8730881 0.7230692 0.7050449 0.6884515 0.6116496 0.5479352 0.5463712 0.5997798 0.8280277 0.8015578 0.905839 0.9615041 1.37141 1.784958 1.812395 2.192758 2.086278 2.582162 2.59814 2.789611 3.217501 3.027565 3.367804 2.951556 2.649398 2.641439 2.587344 2.46454 2.159817 2.040441 1.678226 0.8487678 1.101468 1.208088 1.985379 1.78758 1.821812 2.155773 2.219571 2.030479 2.080848 1.800934 1.82242 1.451172 1.45752 1.675687 1.826683 1.880902 1.879389 1.837189 1.78283 1.737347 1.905667 1.893535 1.944381 1.937199 1.935841 2.388949 2.447399 2.522245 2.615496 2.883651 3.009546 2.961206 3.094394 3.214527 3.298798 3.32492 3.27818 3.119176 2.907549 2.624976 2.276473 1.870187 1.423892 0.9719465 0.5658648 0.2613023 0.09452713 0.06586593 
5.600239e-032 0.02701756 0.1094824 0.2389998 0.3966176 0.5610784 0.7159916 0.8522942 0.9670275 1.060948 1.173558 1.22939 1.272043 1.304326 1.32844 1.346023 1.358232 1.448079 1.442551 1.435759 1.427608 1.417844 1.404176 1.38956 1.371827 1.351174 1.006689 1.003899 0.7970579 0.7147934 0.7004598 0.687031 0.6069386 0.5372455 0.5337219 0.5908472 0.790013 0.8167556 0.9171243 1.229968 1.374706 1.585504 1.800404 2.130497 2.438615 2.570585 2.833916 2.747272 2.968865 3.453608 3.453671 2.855569 2.592479 2.57358 2.533789 2.461122 2.187609 2.097151 1.730011 1.115886 1.158604 1.199525 2.011239 1.787024 1.819169 1.97335 2.236626 2.02415 2.086337 1.798498 1.848302 1.463616 1.446688 1.635565 1.759716 1.801011 1.877126 1.794666 1.759561 1.532697 1.901543 1.894486 1.88933 1.950025 1.946084 2.354162 2.469349 2.534621 2.615388 2.871536 2.976365 2.87251 2.966513 3.045328 3.093902 3.097364 3.044111 2.89383 2.699805 2.438914 2.112697 1.727682 1.30119 0.8673937 0.4772439 0.1855518 0.02824899 0.006388016 
