rasters-bowlers/bhuvneshwarkumar.asc
ncols         108
nrows         21
xllcorner     -3.075
yllcorner     -1.575
cellsize      0.15
NODATA_value  -9999
[rows 0 to 20 of 21, columns 0 to 61 of 108]
1.042889e-007 0.1567791 0.4869868 0.768847 0.9484943 1.044817 1.07935 1.041561 1.079197 1.097909 1.159421 1.349192 1.4603 1.582286 1.738735 1.974845 2.204645 2.402393 2.179538 1.983438 1.831428 1.719508 1.638162 1.336873 1.373328 1.173925 1.227919 1.124196 1.171594 1.3465 1.294589 1.162454 0.8512964 0.6804103 0.7351195 0.6580828 0.8386109 1.292805 1.498138 1.490221 1.201362 1.421567 1.73413 1.774375 1.874217 2.144171 2.047108 1.569533 1.593518 1.81348 1.791666 1.771197 1.575256 1.503532 1.362371 1.333164 1.056143 0.8412384 0.8202097 0.8482544 0.6794897 0.5826458
0.1611065 0.3226905 0.6288299 0.8875595 1.049273 1.126635 1.136454 1.091242 1.043559 1.014034 1.106071 1.311106 1.48016 1.577573 1.803855 2.207434 2.785063 2.85107 2.40536 1.959484 1.744365 1.609005 1.546574 1.336316 1.206554 1.224079 1.220398 1.125754 1.166068 1.330381 1.288088 1.158873 0.7812226 0.6766962 0.72102 0.7852668 0.8350431 1.294115 1.493537 1.483345 1.260328 1.416869 1.71844 1.769171 1.87619 2.026428 2.052267 1.592029 1.490691 1.696036 1.787236 1.761577 1.578201 1.502074 1.364063 1.332187 1.121361 0.8629791 0.8315 0.8440851 0.6711398 0.5714231
0.5255608 0.6134648 0.8428836 1.055177 1.188951 1.241447 1.226762 1.154475 1.080346 1.062037 1.128244 1.306376 1.390953 1.567219 1.76734 2.364042 3.391458 3.625614 2.618105 1.873865 1.565237 1.389813 1.422296 1.286114 1.206179 1.216959 1.169434 1.120458 1.267638 1.307875 1.281818 1.155384 0.7813493 0.6701993 0.7003649 0.4932906 0.8295792 1.297441 1.489832 1.253985 1.265596 1.501838 1.698864 1.763768 1.881017 1.827051 1.999366 1.613951 1.513769 1.700915 1.784744 1.751741 1.580329 1.385768 1.365403 1.33481 1.243897 0.8945092 0.8434801 0.8361766 0.6568328 0.5565693
0.7045291 0.7642908 1.01235 1.247911 1.369808 1.392558 1.360079 1.308885 1.218054 1.139346 1.182454 1.149344 1.315494 1.414869 1.540453 2.071015 3.201656 3.499638 2.318634 1.805611 1.319517 1.144385 1.283354 1.16327 1.202209 1.200805 1.160854 1.090522 1.086956 1.237656 1.220308 0.8301547 0.7804829 0.6602407 0.674332 0.6824136 1.161664 1.304749 1.380523 1.25712 1.269888 1.483965 1.678316 1.759725 1.892962 1.857397 1.998286 1.762685 1.435703 1.70645 1.68699 1.565009 1.526738 1.381272 1.365593 1.349321 1.283508 1.198918 0.9060873 0.8202786 0.6917664 0.5358881
0.5485451 0.7391366 1.103853 1.499722 1.613753 1.566217 1.527671 1.450944 1.370973 1.210127 1.028311 0.9480217 1.214214 1.20296 1.231825 1.415421 1.886163 2.124353 1.583368 1.301249 1.304245 1.072433 1.199532 1.177935 1.173426 1.10813 1.17444 1.015653 1.06032 1.236179 1.160871 0.9782943 0.7803106 0.7111852 0.6441692 0.6574073 1.147493 1.319552 1.399444 1.263605 1.261804 1.470432 1.682734 1.76259 1.749907 1.957956 1.870877 1.808469 1.447628 1.712373 1.720066 1.616727 1.519001 1.350453 1.359969 1.422347 1.373685 1.256088 1.143944 0.7894826 0.6536608 0.6718479
0.147295 0.3590256 1.165167 1.804013 1.89781 1.727573 1.748211 1.618883 1.425559 1.262897 1.158881 0.8001204 1.013324 0.8901291 0.7159492 0.7779424 1.481223 1.753409 1.22235 0.06992892 1.101071 1.405615 1.343209 1.198527 1.173428 1.042115 1.415658 1.23228 1.168054 1.250303 0.985976 1.074149 0.7851365 0.6887824 0.6040135 0.6195532 1.171548 1.347236 1.451815 1.426146 1.268569 1.380047 1.877217 1.746248 1.948647 2.082641 2.084353 1.442327 1.470268 1.720932 1.800694 1.721076 1.496937 1.231676 1.308995 1.719274 1.524965 1.374128 1.290636 0.990268 0.8542348 0.4442496
0.1466996 0.366414 1.136558 1.669833 1.748304 1.789698 1.985309 1.716865 1.342627 1.122877 1.118355 1.044016 0.9078979 0.9342383 0.4633492 0.4396518 1.993643 2.278325 1.439477 1.385685 1.672546 1.825202 1.087583 1.208369 1.170899 1.231555 2.301951 1.524768 1.102789 1.13233 1.034886 1.204466 0.7959455 0.6811559 0.5401452 0.5799621 1.085682 1.405447 1.544785 1.543752 1.170534 0.69098 1.395825 1.676438 2.011554 2.398047 2.898203 1.513539 1.512848 1.760583 1.765788 2.685111 1.306108 0.9989573 1.284553 1.424652 1.278249 1.090392 1.195617 1.064194 1.03054 0.3510637
0.7005951 0.8387714 1.195976 1.400662 1.406853 1.570656 1.832551 1.523912 1.035927 0.8253698 1.021525 1.074284 1.099104 1.077372 0.832212 0.7973551 1.115961 1.92912 1.444669 2.699723 2.472876 1.891988 1.320205 1.037079 1.18629 1.354522 2.999164 1.007965 0.8160628 0.9421432 1.327037 1.50512 0.676114 0.5311225 0.4431522 0.7151191 0.9656982 1.403345 1.679505 1.838094 1.045886 0.6102133 1.105213 1.935624 2.109863 2.607086 3.441031 2.916801 1.577951 1.894484 1.529682 1.102782 1.516147 0.5331901 1.02782 0.9956647 1.248846 1.213782 0.1556668 1.369567 1.305569 0.6118398
1.125584 1.218572 1.23902 1.247742 1.222859 1.163533 1.209735 1.082941 0.5045152 0.297563 0.8802215 1.127928 1.115297 1.2368 1.217059 1.025444 1.139197 1.296732 1.106669 2.224541 3.216463 1.732036 1.160605 0.9494624 0.8977772 0.2965629 1.514079 0.7575909 0.6002306 0.5472645 1.245028 3.693909 0.5094413 0.4076115 0.1074178 0.6853569 0.06873675 1.737057 1.975449 1.092513 0.2798979 0.668325 1.1124 1.93968 2.571695 2.55707 2.688076 2.066151 1.053638 1.091755 1.104215 1.066094 2.643145 1.809895 0.5778217 0.2230528 1.550023 1.848901 2.044245 2.475787 2.231404 1.045951
1.415428 1.395601 1.321168 1.150439 1.039137 1.00921 1.007081 0.9216634 0.576833 0.3152132 0.9093936 1.131263 1.245198 1.39955 1.171545 1.470539 1.051549 1.024165 1.272304 2.228678 0.9280619 1.802986 1.031539 0.9039747 0.768052 1.000679 2.248185 0.9090918 0.2513468 1.057507 1.301059 0.5426787 0.9338471 0.542486 1.023807 1.057747 1.779383 3.296645 2.958393 1.028028 0.5699641 1.328653 1.607218 2.109455 1.805493 2.699637 2.807983 1.460705 0.3241809 1.119356 1.321801 1.158776 2.946304 2.390534 0.742506 1.470396 1.242155 1.700629 1.451747 3.091151 3.009863 0.6358069
1.649269 1.580606 1.338504 1.171138 1.071708 0.9901656 0.9340147 0.9553798 0.9674738 0.9604773 0.9605129 1.099695 0.6066318 2.501522 1.141472 1.842523 2.308829 1.179228 0.7882518 1.444511 0.8987047 1.096835 1.00421 0.8511674 0.9018565 0.6078631 1.120898 1.069549 0.8502816 1.334285 0.3792414 0.9410453 0.7875528 0.2798525 0.996927 1.495184 1.236917 1.504349 1.371773 1.007782 1.231494 1.748763 1.259931 1.564774 1.085774 2.86293 3.861773 2.601789 1.422772 1.096333 4.721174 1.204027 2.226544 0.789862 0.0882154 1.008725 0.6093011 1.540044 3.131355 2.185534 1.416812 0.3406584
1.902844 1.939443 1.427983 1.045999 1.184025 1.044979 0.8242038 0.8336838 0.91168 1.025861 1.209256 1.299576 1.044756 1.036594 1.310289 2.196229 4.856509 1.32819 1.000713 1.5312 1.778967 0.9867536 0.7373352 0.4336824 0.7909028 0.8409905 1.796362 2.978684 0.6136481 0.375165 0.2807719 0.7551844 0.6389296 0.2347084 0.6211645 0.5332572 1.009097 1.533232 1.345632 1.123179 1.941175 1.391238 1.28007 1.385303 1.96695 2.365162 1.643512 1.91188 1.584772 0.7278969 1.377558 2.767796 0.9884449 1.006221 0.8847303 2.888694 0.1323472 1.362154 1.907324 0.9491346 1.742313 0.9634386
2.22513 2.830352 3.074409 1.807173 1.362368 1.069937 0.9434696 0.8902173 0.8636219 1.46682 1.252773 1.414637 1.166195 1.176191 1.450663 2.550665 3.11416 1.753818 0.9067801 0.9799973 1.230699 0.5155791 0.894809 0.9006979 0.9844278 1.101071 1.910766 1.937228 0.08986811 0.2861907 1.1264 0.6059519 0.5363182 0.5194337 0.1410217 0.9703692 1.086311 1.981038 1.671374 0.7390144 1.988762 1.461783 1.626224 2.186213 1.943855 2.794967 3.314802 1.484047 1.374376 1.38314 1.389697 1.526643 3.417498 0.6821996 1.249485 0.8588652 1.094306 1.237719 2.495076 0.03453287 0.8942366 1.894391
2.303375 3.059039 3.606054 2.234998 1.431716 1.103724 1.044616 1.043575 1.290953 2.595321 5.183601 2.082225 1.397947 1.536189 1.594653 3.43649 3.306799 1.773747 0.2109074 1.089266 1.803097 1.572794 1.086485 0.7916102 0.2299305 0.3023608 1.062961 0.9840701 0.6409565 0.7804736 0.9570768 0.9753107 0.7241421 0.2255019 0.3799763 0.9112876 1.306137 3.054404 1.813498 2.069477 2.195148 1.614622 1.552399 1.649806 2.289949 3.103911 2.057451 0.6891203 2.653795 1.047486 1.005759 1.232555 0.816777 0.6480587 0.4946573 0.4260247 2.529774 1.399808 1.413851 2.912107 0.3044967 0.3429087
2.102147 2.252211 2.230773 1.926274 1.355463 1.035584 1.018318 1.220482 1.604924 1.974693 1.382153 1.603997 1.45235 1.358614 1.844966 2.545856 2.180949 1.904881 1.289195 1.692038 3.633891 1.971762 1.336625 0.8234541 0.3008681 0.2018219 0.3363877 0.52608 0.5135994 0.5616132 0.8228636 0.8385141 0.588967 0.5998071 0.4331353 0.4331056 0.5521098 1.408905 1.551798 1.844472 2.055798 2.59318 1.967264 1.915463 1.074954 1.434044 1.140254 1.109358 2.174942 1.198897 1.078637 0.9093792 0.6235266 0.5128688 0.8292841 1.868801 1.170807 1.553647 1.463939 1.921216 1.516898 2.203968
1.909034 1.986763 1.993121 1.75817 1.354587 1.153228 1.198519 1.41383 1.786891 1.965844 1.201603 0.3916776 3.388357 1.927616 2.434853 3.529234 1.89241 1.041339 1.697029 3.168536 2.562038 1.381779 1.391518 0.5560222 0.4463292 0.9667887 0.245966 0.1988193 0.2795249 0.2510877 0.3492494 0.7542865 0.5119294 0.2341565 0.7835378 0.8196942 1.083304 1.779391 2.569915 2.175441 2.096945 2.937366 4.138063 3.804549 1.721474 0.8793862 1.010734 1.374826 2.9484 2.188735 1.464102 0.9315028 0.7015804 0.02055945 0.7754167 1.852455 1.128322 1.026893 0.7345995 0.6117663 1.002468 1.851321
1.697479 1.814209 1.820769 1.630606 1.519963 1.376109 1.378168 1.529921 1.694555 1.735969 1.571264 1.873707 3.023139 2.418571 2.57252 2.659112 1.500739 1.293171 1.741417 2.504586 1.703414 0.5481112 1.204891 0.3989007 0.3686765 0.3435898 0.2246478 0.03093397 0.3712068 0.3082409 0.03106104 0.3534083 0.5828939 1.126228 1.425181 1.332562 2.184086 3.356148 2.669119 2.031555 1.151393 2.609237 3.552577 3.803244 1.89971 1.254016 1.10687 3.125844 3.080389 1.347451 1.344053 1.01041 0.6008061 0.4664063 0.5840911 1.125205 0.9657511 0.1808925 0.8095759 0.7325992 1.047661 1.696841
1.358468 1.474279 1.523818 1.464263 1.320916 1.446053 1.60873 1.577297 1.641137 1.689339 1.852222 2.065414 2.390323 2.219509 2.32354 2.336686 1.933023 1.575434 1.869201 1.887702 1.746807 1.44664 1.291117 0.5287715 0.3184958 0.4682228 0.4970036 0.5507193 0.9906881 0.9290928 0.565695 0.6504462 0.7611248 1.031926 1.134477 1.146022 1.836064 2.331885 2.462151 2.204573 2.674982 3.753812 3.641715 3.040398 2.010059 1.384648 0.6692054 1.934964 2.198791 1.533921 1.404171 1.333487 0.61914 0.5742459 0.1940511 0.3807441 0.8708621 0.7490715 0.7320384 0.6475732 1.212595 1.440437
0.8404717 1.001477 1.189964 1.24378 1.240222 1.456673 1.483776 1.611642 1.633708 1.687815 1.930117 2.181353 2.267851 2.080585 2.199183 2.254496 2.158813 1.728652 1.928629 1.721558 1.773062 1.621671 1.140361 0.5504751 0.523477 0.6107788 0.7956343 1.300618 2.644595 3.14448 1.498402 0.9962628 0.9481277 1.0163 1.06986 1.177279 1.613182 1.881239 2.148785 2.568834 3.008505 3.40223 3.386891 2.796387 2.0645 1.751597 1.410823 1.900565 1.912066 1.791795 1.608763 1.434205 0.8243946 0.6777568 0.486554 0.5489523 0.7710038 0.8020012 0.7915027 0.563719 0.984971 0.9988227
0.2532837 0.4779848 0.8248788 1.050608 1.140464 1.425977 1.487813 1.572374 1.634269 1.891577 1.953263 2.193529 2.225667 1.998003 2.139597 2.258365 2.200612 1.772349 1.944094 1.887999 1.767081 1.658217 1.172794 0.8256775 0.6141201 0.7621313 1.040932 1.666564 2.902464 3.291199 1.937119 1.217153 1.048475 1.132719 1.167606 1.228925 1.529887 1.94978 2.125775 2.604222 3.057954 3.207985 3.169927 2.64696 2.314643 2.125329 1.572162 1.692697 1.975895 1.823044 1.661776 1.500671 1.257307 0.7470139 0.6553193 0.6361577 0.7935306 0.8131077 0.8079531 0.5654836 0.9786094 0.9834313
5.042594e-031 0.2113554 0.6159611 0.9062878 1.28024 1.551369 1.474481 1.560766 1.687024 1.907482 1.954874 2.196607 2.206446 2.001617 2.168957 2.051503 2.241584 1.96371 1.95738 1.888764 1.758948 1.6598 1.179285 0.9018598 0.9364026 0.8575119 1.121276 1.545619 2.078769 2.200237 1.712161 1.285425 1.122279 1.192124 1.396035 1.234575 1.714633 1.908143 2.198687 2.596452 3.066142 3.064768 2.987316 2.552195 2.354336 2.084737 1.872298 1.68264 1.953653 1.858328 1.666293 1.424741 1.341662 0.7906836 0.7710623 0.6735612 0.8133259 0.8222815 0.632268 0.497243 0.9808263 0.9891946
