rasters-bowlers/chrismorris.asc
ncols         108
nrows         21
xllcorner     -3.075
yllcorner     -1.575
cellsize      0.15
NODATA_value  -9999
[rows 0 to 20 of 21, columns 0 to 60 of 108]
7.775663e-008 0.1092852 0.321695 0.6488111 0.8093857 0.9501303 1.073057 1.299309 1.468263 1.549587 1.64147 2.056429 2.08926 2.28815 2.17575 2.193438 1.907102 1.565981 1.159857 1.220691 1.200489 1.108544 1.20663 1.273083 1.107752 1.178632 1.255857 1.240489 1.025955 1.004182 0.909638 0.8691998 0.588989 0.5234941 0.7271091 0.8172584 0.8379336 1.001109 1.312369 1.08975 1.187108 1.273646 1.410088 1.116982 1.364534 1.127664 0.9468324 0.8420805 0.8730915 1.01507 0.9713392 1.426221 1.403743 1.511597 1.46146 1.514367 1.340909 1.274206 1.199255 0.8130676 1.075173
0.1297169 0.2277277 0.411959 0.7080743 0.8416919 0.9655997 1.091371 1.151446 1.486185 1.551646 1.603009 1.817985 1.996112 2.22184 2.311477 2.198951 1.941978 1.611759 1.205892 1.189613 1.058343 1.09742 1.049839 1.177638 1.11563 1.114214 1.233912 1.235434 1.097718 1.011883 0.9646505 0.8489652 0.5840325 0.5254091 0.7239254 0.8183154 1.031793 1.259025 1.306836 1.095215 1.201346 1.293821 1.431578 1.148393 1.631217 1.263551 0.8810902 0.8344731 0.8582265 0.9979053 1.030573 1.408335 1.539452 1.524546 1.479716 1.465021 1.347414 1.259727 1.168107 0.7887641 0.8514621
0.4001398 0.4648756 0.5443056 0.6239839 0.7611126 0.8525079 1.107982 1.182898 1.510156 1.537806 1.752384 1.765937 1.828515 2.127074 2.287541 2.218301 1.985749 1.678249 1.654259 1.279337 1.079128 1.082909 1.021366 1.109398 1.069181 1.086241 1.202935 1.27076 1.118983 1.023874 0.9477453 0.8190103 0.5789222 0.4817519 0.7787866 0.8204988 1.037506 1.011453 1.295194 1.281101 1.217987 1.32272 1.666433 1.448817 1.643228 1.636807 0.877474 0.8227828 0.5991606 0.793166 1.07679 1.039436 1.531468 1.478159 1.508274 1.485167 1.350349 1.237777 1.124817 0.7558342 0.8232781
0.5911422 0.6121503 0.6560102 0.6808116 0.7151143 0.8644287 1.118291 1.324462 1.631023 1.573338 1.411077 1.385014 1.513481 2.004915 2.29273 2.161928 2.047855 1.815807 1.719718 1.160369 1.223113 1.095734 0.9866676 1.032505 1.013 1.05221 1.143387 1.239236 1.15692 1.096006 0.9202246 0.8268105 0.4887678 0.5533058 0.613147 0.8804836 1.047207 1.025756 1.278829 1.269374 1.486654 1.562953 1.479973 1.516006 1.661433 1.607901 1.106504 0.8048108 0.6118612 0.7911651 1.038352 1.016416 1.518026 1.567374 1.554195 1.511566 1.347306 1.202528 0.7796434 0.710538 0.6647798
0.6694403 0.6507734 0.6721575 0.8163256 0.8874394 0.8647831 1.028722 1.36175 1.699577 1.666043 1.315007 0.5985547 0.9380077 1.956522 2.393836 2.261467 2.111397 1.961206 1.840244 1.350231 1.25106 1.033432 0.9578075 0.9254372 0.9778859 1.015127 1.011138 1.218799 1.188755 1.064028 0.8726842 0.5939221 0.5752027 0.5958778 0.6301547 0.8275054 1.053163 1.043847 1.256265 1.240587 1.480053 1.803609 1.676404 1.638571 1.883881 1.555987 1.011938 0.7834587 0.6365998 0.7914031 0.8168641 1.02738 1.42826 1.667073 1.633612 1.53936 1.366248 1.193959 0.7275037 0.6666285 0.8481166
0.6841158 0.6066745 0.6053621 0.8130575 0.8925049 0.8774508 1.033161 1.420492 1.831154 1.894461 1.678218 0.5048278 1.052641 2.2234 2.70002 2.367059 2.08625 2.034581 2.192693 1.519894 1.269609 1.026063 0.9654415 0.7156378 0.4279855 0.9607252 1.2858 1.558525 1.370509 1.093838 0.7489918 0.5340514 0.7467572 0.6890035 0.6010112 0.8296239 1.082943 1.083262 1.065663 0.9769837 1.377088 1.880708 1.975414 2.022674 1.867662 1.584777 1.277992 0.6078954 0.6929516 0.7958331 0.7710989 0.8974564 1.358775 1.714323 1.748393 1.550265 1.267623 1.074768 0.5053977 0.6068602 0.7562622
0.6930987 0.5116317 0.3277288 0.6289931 0.8249571 0.9366047 1.050951 1.487879 1.904929 2.301035 2.557764 2.361213 2.482026 2.807498 3.498526 2.37447 1.892571 2.046283 3.209669 1.655499 1.212889 0.9884279 0.4610484 0.3711526 0.7013918 1.09275 1.80118 2.276043 1.633627 1.107882 0.6358327 0.3056262 0.428886 0.6076816 0.6371819 0.9484368 0.9968377 1.192853 1.155092 0.8025149 1.236286 1.972275 2.780603 2.523062 1.773834 1.300504 1.091309 0.8481215 0.7908113 0.7680115 0.6609378 0.4365158 1.24345 1.90788 2.286603 1.084384 1.024795 0.9036683 0.3747953 0.5115786 0.4744651
0.7768535 0.4998492 0.1546121 0.006023781 0.7689312 0.9652165 1.098406 1.533523 1.933045 2.317576 3.727247 3.278169 3.61767 2.75276 3.027631 0.9033847 1.4301 1.673075 2.312536 1.920934 1.303106 1.290868 0.8516053 0.9906704 2.428125 1.922313 2.082946 3.539214 1.123198 1.115745 0.4739138 0.3317113 0.3043191 0.5289267 0.5905267 0.655741 0.7249879 1.531015 1.5905 0.1300039 0.9245616 1.704184 3.296886 2.442746 1.488558 0.5262268 0.7316007 0.9284855 0.8250534 0.7475534 0.775624 0.1889618 0.8999878 2.097666 3.846245 1.645491 1.28569 0.6729462 0.08056013 0.3417088 0.3929407
1.033907 0.7298474 0.07732926 0.5526185 0.9373707 1.030228 1.305831 1.57211 1.802176 1.524536 3.387914 3.37079 1.967144 2.359789 2.12529 1.887042 0.2820288 1.180891 1.181583 1.125694 0.3683514 1.348014 1.611209 0.9936693 1.005319 1.719636 1.482198 1.072114 1.506312 1.448497 0.5539324 0.3592974 0.4234689 0.9846338 0.6730799 0.7015926 0.6180341 1.410043 1.757815 0.4608743 0.6660091 1.443452 1.813377 0.6170091 1.099234 0.8556728 0.6743103 0.8512818 0.7651829 0.7823234 0.879164 0.9148946 0.918664 1.501889 5.048093 2.465192 1.968949 1.246555 0.8829473 0.1769372 0.3193898
1.570466 1.334507 1.022226 1.01506 1.346198 1.525312 1.368755 1.463308 1.736713 1.589641 1.254142 2.011312 1.767361 2.071788 2.936069 2.474191 1.325668 0.6765255 0.9755358 1.221047 1.208583 1.469833 3.936774 1.08041 0.4814246 1.379377 1.270406 1.284234 1.030301 1.515996 2.047118 0.9851164 0.4177953 0.9476166 0.1126841 0.5975489 1.787216 1.479941 0.2847579 0.4344653 0.7671211 2.553119 2.219049 1.865285 2.296669 2.268293 1.614973 1.213003 0.4259144 0.5875899 0.7802125 0.8947034 0.8765645 0.16603 1.027746 0.9492576 0.8649654 0.7417046 0.9455084 1.199194 1.37976
2.344356 3.672024 1.833653 1.388893 1.612357 1.596284 1.295013 1.441434 1.677255 1.597524 1.454685 1.366642 1.165643 1.523575 2.605143 0.8520724 0.3823981 0.3557939 0.8057321 1.393873 3.72811 4.992338 1.226335 1.337664 1.073928 1.981564 1.485014 1.25324 1.33099 1.818643 2.740457 0.7437429 0.3923456 0.2909916 0.6986623 0.5580276 0.5928181 0.9870311 0.8669108 0.8912439 0.971894 1.163651 1.272288 1.680041 2.911903 2.440854 1.081448 1.238077 0.5324068 0.6504795 0.7373617 0.9864687 0.7426366 0.1981247 0.9687674 1.567236 1.140737 2.00771 1.69368 2.147109 1.005832
2.179892 2.709112 1.784353 1.373887 1.344613 1.105994 1.202953 1.436563 1.523706 1.584449 1.549144 1.264892 1.31532 1.508787 1.432025 0.8825659 0.6664191 0.2817113 0.6345243 1.028984 1.729718 0.6986526 0.4063809 1.305169 1.680906 2.121003 0.831263 0.9763466 1.373477 1.427114 1.665122 1.27873 0.3841088 0.3763799 0.5658282 0.7279905 0.5493219 0.9659446 1.005363 0.7936911 0.9666578 1.872134 1.085766 1.044253 3.472315 1.685026 1.503738 1.478649 1.146477 0.6771949 1.062151 1.600309 0.8108435 0.8140198 1.393845 3.39935 2.739826 0.7590137 2.706391 0.6629664 1.195707
1.543687 1.428248 1.030053 1.163726 1.239828 1.287886 1.409559 1.329219 1.468591 1.437739 1.540071 1.352694 1.20133 1.230472 1.094143 0.9105466 0.5294234 0.3462363 1.028377 1.432983 2.843072 1.314929 1.076417 1.346647 1.390389 0.2373829 0.948362 1.44036 1.415474 0.9992658 0.9194582 0.9499347 0.8462305 0.6741473 0.8560616 0.2912517 0.5679471 0.8414099 1.010963 1.314358 0.7888469 1.030688 1.892489 0.8112049 1.351254 1.754651 2.726443 1.002861 0.9646523 2.041368 1.197472 0.7846183 2.824756 1.215176 1.585214 2.135514 0.08531826 2.961986 1.047724 3.43644 1.254557
1.256284 1.076174 1.025747 1.008346 1.128936 1.447433 1.82162 1.545145 1.452279 1.344931 1.357106 1.172608 1.038699 0.9208131 0.7331912 0.4774957 0.4073692 0.7113963 1.419404 1.685183 2.362938 1.72436 1.114546 0.9358345 0.9321288 0.7809416 1.146831 1.224084 0.6847959 0.4701299 0.235072 0.4967111 0.8000697 0.9964697 1.365829 1.506174 2.990483 0.9228728 0.8577456 0.3524874 0.6507756 1.27581 1.113127 0.749526 0.9666932 1.661374 1.402 2.606316 0.5556838 0.5996438 1.619924 2.374299 2.528224 1.368135 1.511588 0.6206542 0.9762796 3.669652 0.9485012 1.089918 1.63326
1.111223 1.007288 0.8568365 0.4288931 0.8366554 1.326736 1.855108 1.550023 1.256685 1.222417 1.202594 1.024463 0.9897841 0.9079961 0.6696751 0.2324643 0.0387951 0.6443292 1.12116 1.382852 1.554757 1.448721 0.9879761 0.535334 0.08193772 0.569938 0.9710757 1.054688 0.9255831 0.6694326 0.2297945 0.2412341 0.6151004 1.012672 1.229953 1.516972 1.335957 0.300793 0.8038855 0.7346232 0.4984937 0.7139441 0.9352139 0.5789345 0.6656491 1.045399 1.42443 1.461657 0.8731748 0.728889 1.434433 1.971894 1.053202 0.1427489 1.698164 0.7587129 1.093282 3.060683 1.405836 1.889128 1.426567
1.013591 0.8984395 0.5942554 0.1170237 0.7624189 1.007637 1.283917 1.296307 1.161415 1.023442 1.01649 1.021525 0.9424728 0.8511458 0.6645416 0.4090651 0.3395618 0.7091846 1.028781 1.229161 1.277357 1.284374 0.9724479 0.6110941 0.4760256 0.4771109 0.6992959 0.8931748 0.7967977 0.30048 0.07699843 0.1619321 0.5290773 0.8552211 1.145081 1.245246 1.085679 0.7854272 0.8280545 0.7783605 0.7454653 0.7858613 0.8773151 0.7243739 0.909779 0.9673575 1.257327 1.182671 1.201253 3.440847 2.320641 2.120255 2.425809 1.631186 1.218706 0.5140926 0.853476 0.6786782 1.92628 2.034223 2.719314
0.9188942 0.8440915 0.7106634 0.639342 0.8626956 1.01525 1.128976 1.130453 1.107838 1.022702 1.0162 1.02006 0.9495058 0.8638164 0.7132689 0.6054364 0.6253942 0.8195328 1.001297 1.138949 1.132759 1.13685 0.958364 0.7944052 0.9614286 0.6518143 0.7568764 0.8189805 0.7271708 0.4998382 0.2666204 0.342638 0.5963476 0.7827076 0.9958867 1.086852 1.013774 0.8585451 0.879918 0.8768066 0.8084428 0.8423896 0.8866835 0.720961 0.8088471 0.9039936 1.100098 1.262735 1.436741 2.094448 2.116287 2.081094 2.413906 1.9515 1.043752 0.1047607 0.6723447 0.7279146 1.530159 1.933623 1.873506
0.7825097 0.7820163 0.7818783 0.8092991 0.9157577 1.012561 1.089301 1.059335 1.060041 1.008933 1.033491 0.9929013 0.9820337 0.8749683 0.7592201 0.7250367 0.803229 0.9428686 0.9983882 1.018372 1.048998 1.013022 1.025426 0.879723 0.8085871 0.7970461 0.937986 0.9102545 0.7848245 0.4909075 0.4358855 0.4556937 0.7036796 0.8066783 0.9240527 1.025848 0.9943979 0.9824345 0.9143838 0.8050687 0.6379557 0.6660752 0.7398052 0.7087965 0.9369267 0.9228381 1.346152 1.168216 1.388309 1.794852 1.845518 1.663436 1.310049 1.524086 1.108864 0.8387199 0.7853694 1.175773 1.480323 1.872159 1.674203
0.5269581 0.6047226 0.7221251 0.8414029 0.9268169 1.002717 1.063041 1.014934 0.9620554 0.9923834 1.036421 0.9837362 0.987571 0.9386362 0.7959941 0.7939985 0.875697 0.9894364 0.9364487 0.9807063 0.9996276 0.9776337 1.03814 0.9790286 0.8622285 0.8124972 0.9458765 0.9248207 0.6980439 0.6014313 0.5713159 0.5281218 0.7001665 0.7984887 0.8243973 0.9242632 0.9808393 0.9896613 0.8775887 0.8311448 0.580575 0.6662753 0.7393817 0.7014973 0.9646646 0.9984763 1.296664 1.173038 1.587615 1.698683 1.69184 1.698518 1.65066 1.497341 1.149312 1.336311 1.191683 1.515203 1.548187 1.742488 1.594084
0.1726448 0.3194052 0.5714711 0.7798455 0.8996155 0.9812127 1.039377 0.9444391 0.9231941 0.9268117 0.9187665 0.8927761 0.995182 0.9568614 0.8292433 0.8907693 0.9174405 1.017503 0.9951589 0.9583822 0.9710876 0.8946471 1.04644 1.002053 0.8785011 0.762073 0.8112959 0.8597358 0.6825912 0.6347193 0.6785519 0.7830535 0.7333405 0.8598225 0.7975418 0.8943528 0.9656469 0.9925805 0.8877901 0.8498273 0.5840621 0.6674519 0.74057 0.7524748 0.9835386 0.9742499 1.329354 1.224467 1.644024 1.602781 1.69276 1.701279 1.618534 1.477834 1.156156 1.475111 1.38338 1.439039 1.560374 1.707901 1.555266
3.646674e-031 0.1559145 0.4722404 0.7126841 0.8613673 0.9547986 1.01695 0.9094306 0.9300715 0.8966706 0.8935555 0.8812643 0.8022604 0.9744582 0.9654479 0.9200259 0.9432761 0.9679827 0.9928641 0.9449207 0.9541097 0.8820528 1.048234 1.011925 0.8807186 0.7097166 0.7240471 0.8163576 0.6538755 0.6454841 0.6080315 0.7746647 0.7564182 0.8653179 0.9102348 0.8736464 0.9497903 0.9940951 0.8926312 0.7925636 0.5860327 0.6028555 0.7426137 0.7528113 0.9511588 0.992254 1.164146 1.28336 1.638031 1.57846 1.543793 1.684135 1.600281 1.568807 1.366797 1.547804 1.462831 1.561683 1.634936 1.692657 1.727378
