rasters-bowlers/dalesteyn.asc
ncols         108
nrows         21
xllcorner     -3.075
yllcorner     -1.575
cellsize      0.15
NODATA_value  -9999
[rows 0 to 20 of 21, columns 0 to 60 of 108]
5.488294e-008 0.08788291 0.3225332 0.5991427 0.8361133 1.012157 1.133483 1.211441 1.257232 1.282168 1.38444 1.404403 1.421167 1.425357 1.459567 1.450069 1.426495 1.397079 1.471992 1.670052 1.566717 1.57169 1.630376 1.634215 1.442704 1.307073 1.402177 1.726421 1.773788 1.607829 1.507926 1.810701 1.735087 1.906865 1.865474 1.809812 1.688631 1.623371 1.599148 1.539981 1.401166 1.477111 1.629368 1.497693 1.521744 1.516834 1.714214 1.665542 1.540444 1.411176 1.191669 1.40564 1.617503 1.88611 1.973691 1.537515 1.571125 1.3324 1.1124 1.081126 1.022503
0.0846669 0.184705 0.4200268 0.6879891 0.9153797 1.085923 1.204033 1.276162 1.310881 1.323178 1.329414 1.42173 1.439684 1.447045 1.484923 1.477276 1.447823 1.407637 1.468871 1.594713 1.548916 1.55462 1.614936 1.622026 1.565093 1.306871 1.398733 1.708835 1.760093 1.61044 1.530405 1.839168 1.837618 2.05977 1.891317 1.819057 1.623653 1.374022 1.546477 1.490202 1.37764 1.623926 1.47049 1.525636 1.554496 1.655767 1.570381 1.660624 1.495309 1.339199 1.131312 1.302127 1.546337 1.845048 1.948343 1.521806 1.561113 1.335507 1.068021 1.120517 1.340266
0.307935 0.4158699 0.6084523 0.8236352 1.015783 1.172034 1.287314 1.35381 1.368593 1.354644 1.350684 1.432184 1.45642 1.476211 1.493025 1.522883 1.483646 1.504735 1.461855 1.563711 1.523616 1.531669 1.595433 1.607718 1.559653 1.307563 1.394196 1.430464 1.809695 1.678949 1.611906 1.87382 1.888858 1.867889 1.936081 1.842994 1.616297 1.340876 1.410956 1.409688 1.342274 1.415657 1.746025 1.565399 1.598728 1.69544 1.717364 1.590589 1.481346 1.156669 1.030499 1.187474 1.506103 1.831937 1.703817 1.497141 1.541235 1.536388 1.10289 1.177021 1.386198
0.5617383 0.6509162 0.8020639 0.9547914 1.108775 1.256045 1.381856 1.45648 1.43638 1.348964 1.335955 1.449758 1.478464 1.515255 1.563133 1.608862 1.547795 1.517201 1.546194 1.518279 1.486928 1.500576 1.570201 1.489541 1.554706 1.126162 1.387341 1.416065 1.777363 1.600754 1.624907 1.904257 1.954171 1.947762 2.014499 1.901109 1.620869 1.280305 1.255268 1.268509 1.292444 1.641165 1.771569 1.622533 1.656133 1.74657 1.778897 1.676393 1.614181 1.209073 1.045793 1.233553 1.566701 1.86664 1.80859 1.763969 1.623632 1.52129 1.149299 1.265948 1.46305
0.7605758 0.8341103 0.9231259 1.042117 1.169089 1.320219 1.481167 1.618274 1.585396 1.221806 1.246217 1.480279 1.518776 1.55587 1.674333 1.764619 1.61963 1.521966 1.486578 1.423654 1.433554 1.458624 1.446676 1.477746 1.551276 1.143028 1.313477 1.448363 1.552557 1.583066 1.639186 1.933005 2.022539 2.054204 2.014129 2.039865 1.590051 1.17906 0.8506914 0.9965385 1.211571 1.556565 1.65554 1.698108 1.769843 1.842323 1.859083 1.82515 1.699832 1.518091 1.394068 1.512304 1.713007 1.909118 1.963793 1.545992 1.473733 1.367261 1.205314 1.408207 1.458401
0.8848907 0.9401009 0.9920234 1.071181 1.181845 1.341982 1.541149 1.786783 1.976437 1.231669 1.372322 1.687048 1.582963 1.558755 1.760822 1.992103 1.728858 1.45438 1.340159 1.320661 1.358519 1.403083 1.406404 1.457314 1.494347 1.168985 1.346315 1.404878 1.510947 1.550305 1.716393 1.919172 2.071992 2.165195 2.263335 2.381556 1.804475 1.134554 0.2964537 0.5387219 1.475694 1.669965 1.766435 2.048519 2.035097 1.736753 1.945989 2.103808 2.009537 1.814492 1.691821 1.760841 1.858357 1.822263 1.741072 1.515726 1.6071 1.553335 1.246489 1.672673 1.823213
0.9488214 0.9856742 1.006977 1.041852 1.151042 1.309777 1.499474 1.700447 1.779099 1.573996 1.825882 1.894832 1.586171 1.451533 1.586065 1.744576 1.605066 1.326573 1.195758 1.142931 1.268407 1.3311 1.298118 1.416216 1.510092 1.348081 1.16042 1.337602 1.435197 1.355673 1.677675 1.821029 2.083146 2.194411 2.550085 3.296263 2.158964 1.212959 0.6477408 1.293182 1.996103 1.799541 1.827974 2.264624 2.167511 1.696998 2.011296 2.681426 2.463151 2.069836 1.897547 2.156332 2.12527 1.995943 1.166735 0.9168447 1.302759 1.23057 1.222165 2.07145 3.269684
0.9741555 0.9974411 1.000751 1.017197 1.098619 1.248096 1.390677 1.50405 1.53804 1.529975 1.602674 1.574526 1.384798 1.224262 1.244804 1.319091 1.281726 1.209951 1.010899 1.049569 1.274682 1.237158 1.021317 1.379453 1.63579 1.388705 1.261615 1.208872 1.31559 1.290945 1.542344 2.051553 2.524059 2.150732 2.260551 2.74918 1.56215 1.14789 0.08112712 2.472406 2.832313 1.645222 1.387578 3.596276 2.111607 1.43892 1.886194 3.371419 3.236402 2.155221 1.971815 2.30503 2.483469 2.205563 1.226963 0.7949989 1.226699 0.9605653 0.7135296 1.249591 1.042273
0.9789634 0.9980432 1.00267 1.017977 1.078293 1.172369 1.280814 1.340679 1.37379 1.355196 1.324874 1.292948 1.156784 1.024953 1.025895 1.112693 1.228413 1.271543 1.275416 1.603983 1.257869 1.1907 1.347293 1.729583 1.928999 1.47497 1.090974 1.102062 1.0389 1.14708 1.434236 2.128783 3.998051 1.884796 1.472938 1.797335 1.56268 1.126568 0.416486 0.6416039 1.612765 1.030842 1.844773 2.226787 1.300156 0.988338 1.055961 1.630005 1.876989 1.835579 1.881942 3.09315 1.860834 2.476918 2.634256 1.168217 2.080073 1.260768 0.3296683 0.7513225 0.6788487
0.9716454 0.9924073 1.005864 1.02491 1.064407 1.117985 1.187557 1.205586 1.206998 1.1488 1.056655 1.008394 0.9626444 0.9893512 0.9672337 0.9818544 1.140095 1.329239 1.578597 2.496077 2.771594 1.094775 1.740409 2.3382 2.978865 1.463015 1.046671 1.024545 0.9033116 0.9552228 1.190063 1.398656 1.373862 1.062229 1.16292 2.728344 1.932019 0.5484542 0.5382872 0.9317914 1.406376 1.806184 1.884526 1.589316 1.064802 0.8601001 0.9247752 0.7243108 1.140667 1.476539 1.065385 1.177898 1.222469 2.547757 5.517448 2.516062 3.016088 1.818349 0.8240806 0.3535778 0.5144305
0.9528683 0.9753113 0.9937968 1.01308 1.037682 1.063367 1.078331 1.093412 1.061364 0.9597949 0.7989702 0.6414437 0.5663728 0.6987674 0.7713699 0.7726896 0.9503664 1.185577 1.507872 1.558129 1.508917 3.329474 2.519643 2.400627 2.683409 1.010365 1.021993 1.239845 0.550282 0.7165229 0.9215533 1.119637 1.159959 0.4310782 0.2146142 1.460743 1.150807 0.1341019 0.2981126 0.6661192 1.194437 0.1540403 1.806009 1.250659 1.184279 1.772501 1.821568 1.150639 2.118717 1.106507 1.513322 0.5860765 3.03391 1.942614 2.249626 1.039429 1.131016 1.109882 1.274684 1.432563 1.430461
0.9211692 0.9438743 0.9637471 0.9815325 0.9973842 1.00749 1.003908 1.000099 0.9317951 0.8101236 0.6081005 0.2951519 0.05534226 0.4570327 0.5985854 0.4688027 0.5681094 1.069126 1.317028 0.9381899 0.5896299 2.443439 2.215143 1.675934 1.137618 0.162453 0.924855 1.295937 1.032135 0.9161763 0.9737476 0.830645 0.113452 0.4864148 0.8308862 1.182287 1.027865 0.6392559 0.2218362 0.1136857 0.9966574 1.351512 1.194164 0.8296598 1.769813 2.851127 1.801093 2.138254 1.05752 1.332226 2.158312 0.7239563 1.74586 0.5308243 1.32297 1.121338 1.400789 1.83281 1.467201 1.149835 0.1292522
0.8750237 0.8977725 0.9187039 0.9365171 0.9494001 0.9536455 0.9716792 0.9352338 0.8714187 0.7690346 0.6163874 0.4082588 0.2563908 0.547365 0.7037418 0.1195076 0.3345449 0.9395804 1.318536 1.412683 1.762978 2.46232 1.968518 1.066134 1.248873 0.8329472 0.6985508 0.7189137 0.8835514 0.8866997 0.9181266 0.8909972 0.6555532 0.8909963 1.02484 1.745946 1.291884 1.141929 1.975054 0.8400307 1.182207 1.511856 1.144529 1.112091 1.455664 3.056935 3.176824 2.940779 1.937868 1.970348 1.492664 1.394325 4.138432 2.369946 3.161641 3.796837 1.01098 1.238684 2.255011 1.000896 0.1133358
0.8121657 0.8360617 0.8602133 0.8817604 0.8975226 0.9037762 0.9238357 0.8950168 0.8493277 0.7914966 0.7408013 0.770137 0.7742917 0.7957585 0.9316138 0.7829698 0.6550536 1.002888 1.372857 1.624016 2.110529 3.466613 3.013131 1.653619 1.399161 0.9084668 0.257786 0.1491697 0.660127 0.7621549 0.5823621 0.4288717 0.8383341 1.14623 2.36973 3.550757 1.788802 1.444647 1.665264 1.312729 1.789335 3.444844 1.867549 1.824376 2.142253 3.021236 2.230562 3.997648 3.718677 3.764657 2.162871 1.505741 2.301437 2.192472 2.309357 2.545658 1.402283 0.9410146 0.2287675 0.7788486 1.098517
0.7288139 0.7556901 0.7868114 0.8172547 0.8419855 0.8877187 0.8856182 0.8702255 0.8458614 0.8027654 0.8371813 0.9311177 0.9925457 0.8900596 0.8930458 0.8781635 0.9108875 1.122328 1.396438 1.615451 1.543014 1.767992 1.595264 1.52985 1.393953 0.9667009 0.478343 0.35306 0.5599736 0.6366029 0.6221894 0.7065208 0.9169921 1.229495 1.955956 2.299512 1.776617 1.660315 1.847437 1.427279 1.794288 2.615507 1.748118 2.179374 2.868281 3.818097 3.258281 3.621161 3.449428 2.954591 2.135471 3.593123 2.644331 3.855478 3.430388 2.532938 1.637124 0.7243732 0.6684398 1.182413 1.619959
0.6200451 0.6517732 0.6947281 0.7404754 0.7806572 0.839436 0.8199592 0.8201894 0.8151979 0.8170661 0.8616865 0.9289763 0.9574498 0.9220982 0.9507189 0.9609476 1.080393 1.240006 1.388931 1.398131 1.197173 1.119328 1.068692 1.282587 1.329113 1.014052 0.6507658 0.4905756 0.5217485 0.5830472 0.7526051 0.7977487 0.9973443 1.211748 1.620917 1.774952 1.795284 1.662289 1.756622 1.615107 1.781703 1.649611 1.511109 2.195137 3.017632 3.456538 3.32246 3.421993 3.039801 2.059814 1.092113 1.993937 2.71234 3.576298 3.468205 2.354826 1.471895 0.1697078 0.4513727 1.035765 1.393463
0.4825712 0.5202287 0.5804532 0.6488477 0.7112441 0.7563387 0.8175331 0.8321607 0.7738824 0.7863675 0.8074769 0.9649892 0.9485144 0.9919147 1.0208 1.076725 1.168434 1.284888 1.383988 1.399372 1.30723 1.254025 1.269267 1.276274 1.259747 0.8042704 0.5846404 0.3732351 0.396741 0.6036403 0.7160605 0.8328454 0.9261285 1.258396 1.441249 1.596684 1.762656 1.887764 1.784271 1.661778 1.778706 1.850002 1.869914 2.21568 2.794056 3.212143 3.268849 3.092576 2.974339 2.171639 1.83828 2.127475 2.575827 3.024542 2.827042 2.154959 1.417196 0.6483719 0.5925066 0.7092744 1.119736
0.3216688 0.3645841 0.4464612 0.5440279 0.6621575 0.7333621 0.7813498 0.7397723 0.7580764 0.7719156 0.8761039 0.9408763 1.051765 1.047481 1.086523 1.145767 1.225238 1.312601 1.385112 1.409701 1.238738 1.226052 1.303727 1.247534 1.178545 0.6867118 0.3613194 0.0896395 0.1810322 0.4807103 0.6714256 0.8171933 0.898044 1.148933 1.404686 1.768543 1.763646 1.890201 1.805457 1.652193 1.943407 1.922764 1.967955 2.229885 2.990641 2.95139 3.188313 2.997136 2.968661 2.456308 2.417237 2.378471 2.614424 2.794727 2.555476 2.035176 1.553193 1.011397 0.5798098 0.6524557 1.033501
0.1608498 0.2062479 0.3094685 0.4587712 0.5821809 0.6777948 0.6738762 0.7135516 0.7386544 0.7546134 0.8792611 0.9604597 1.044505 1.103458 1.143648 1.198281 1.264619 1.332544 1.346149 1.408005 1.212927 1.196185 1.288097 1.201358 0.9670495 0.609957 0.2781658 0.02500037 0.1274928 0.4446851 0.6307383 0.7877424 0.9748235 1.099174 1.333455 1.720911 1.730936 1.890301 1.814478 1.84588 1.970743 1.954026 1.994842 2.231939 2.801764 2.881935 2.905172 3.154268 3.007799 2.907798 2.626143 2.49403 2.620882 2.691418 2.419309 1.984013 1.641054 1.353075 0.9746205 0.8884132 0.9915013
0.04185683 0.08620032 0.2020468 0.3684539 0.5140844 0.5658338 0.6388918 0.6874191 0.7183439 0.8223712 0.9586317 0.9801654 1.082456 1.153322 1.191043 1.238888 1.293706 1.299223 1.338034 1.17989 1.177905 1.155528 1.222814 1.16611 0.8215032 0.6264215 0.3780052 0.2646107 0.249033 0.5251341 0.6284107 0.7690438 0.9478723 1.119796 1.340751 1.690891 1.966352 1.888881 1.816896 2.141014 1.990637 2.021572 2.057424 2.229082 2.799454 2.846235 2.849664 3.144447 3.0462 3.021365 2.793905 2.568892 2.618416 2.643716 2.112538 2.078933 1.689187 1.44982 1.303967 0.9057979 0.9686579
8.729204e-032 0.03876516 0.1634471 0.3205593 0.4224906 0.5313631 0.6103793 0.6642412 0.7001252 0.820023 0.9703262 1.079434 1.113741 1.195555 1.22964 1.270857 1.264919 1.300638 1.139766 1.152409 1.144566 1.118931 1.069642 0.9845309 0.8209226 0.6843831 0.5153022 0.4712042 0.4092899 0.6177569 0.6547539 0.7664881 0.9312297 1.090356 1.299329 1.58114 1.894489 1.886788 1.816673 2.167383 2.004084 2.030548 2.244891 2.285551 2.792259 2.818122 2.817213 3.145431 3.076959 3.093226 2.862298 2.615907 2.619491 2.622513 2.065182 1.874135 1.522591 1.503589 1.565524 0.9123977 1.213185
