rasters-bowlers/dhawalkulkarni.asc
ncols         108
nrows         21
xllcorner     -3.075
yllcorner     -1.575
cellsize      0.15
NODATA_value  -9999
1.594584e-007 0.2191202 0.5311732 0.5969205 0.3740869 0.5285094 1.400154 2.327215 3.073418 3.483069 3.54173 3.453386 3.68637 3.365901 3.198155 3.050797 2.708336 2.231943 1.825962 1.567833 1.407426 1.429954 1.164752 0.958491 1.03893 1.034175 1.028112 1.09154 1.094297 1.134139 1.113915 1.093802 0.7940149 0.7240396 0.6896911 0.647651 0.497261 0.48367 0.5343075 0.5537559 0.581849 0.6618217 0.582023 0.7780072 1.098174 1.128071 1.14787 1.09656 1.100422 1.101048 1.217731 1.618286 1.60454 1.616401 1.404514 1.534104 1.054264 1.030715 0.9994155 1.109439 1.095492 0.7995907 0.8981276 0.8523828 0.9766618 1.29952 1.35705 1.387631 1.529223 1.510076 1.403335 1.10067 1.121785 1.081892 1.000344 0.983304 1.176946 0.793079 1.233405 0.9843345 0.8877687 0.7101834 0.7570648 0.9304703 0.9413072 1.306939 1.433134 1.391048 1.213653 1.786871 2.23156 2.288192 2.289905 2.070034 2.421442 2.101264 2.107896 2.033556 1.993737 2.060272 1.725694 1.529319 1.330559 1.05733 0.7085137 0.2897856 0.05269874 0.01224098 
0.2102803 0.3320035 0.4961422 0.559606 0.1609602 0.3176085 1.684344 2.871982 3.835608 4.2961 4.130554 3.765839 3.799939 3.552982 3.287932 2.963155 2.783054 2.554864 1.883533 1.775424 1.350314 1.336173 1.097376 0.9394633 1.008941 1.020157 1.069689 1.092508 1.08951 1.069816 1.076836 1.056859 0.7942073 0.7339168 0.6961395 0.5854789 0.4868606 0.4657326 0.5145832 0.5428954 0.5846183 0.6739239 0.6097627 0.8463537 0.8567318 1.12044 1.19756 1.097359 1.105329 1.107891 1.318488 1.597236 1.600047 1.616922 1.422596 1.475103 1.126281 1.030679 0.9285927 1.091132 1.07848 0.7969316 0.8923748 0.856313 0.9027635 1.034461 1.369974 1.410372 1.545009 1.528968 1.417683 1.11997 1.122897 1.074149 0.9876794 0.9643969 1.433595 0.7879926 0.9199573 0.9769693 0.8929038 0.731153 0.7870064 0.9644415 1.410869 1.475068 1.441354 1.385669 1.498249 1.773863 1.83765 2.111925 2.27748 2.437823 2.430914 2.404557 2.177192 2.121001 2.096281 2.175909 1.849619 1.654369 1.458294 1.191233 0.850831 0.4187149 0.182322 0.1304482 
0.4292338 0.2869188 0.2561848 0.6287198 0.8467833 1.43207 2.725671 3.5648 4.820496 5.457253 4.756657 3.997316 3.806278 3.55571 3.315457 3.074508 2.939656 2.68903 2.141872 1.716911 1.235604 1.202132 1.12902 1.019509 0.9770622 0.9972519 1.061694 1.102125 1.081361 1.037275 1.01707 1.001915 0.7920533 0.9149052 0.6728582 0.5443959 0.4749283 0.4764366 0.4833152 0.5274849 0.6371974 0.6963103 0.7436775 0.8624458 0.8701025 1.109489 1.233626 1.146623 1.11187 1.119533 1.31063 1.516697 1.585239 1.557299 1.390046 1.492339 1.135638 1.027483 0.9169412 1.064893 0.9402617 0.6645216 0.8178623 0.8521053 0.8942288 0.9776444 1.321838 1.563579 1.564836 1.607745 1.604486 1.147233 1.121957 1.059169 0.9632654 1.12866 1.066753 0.7819346 0.4748808 0.8932999 0.897533 1.031985 0.9668835 1.011949 1.450917 1.497775 1.44371 1.236444 1.4849 1.756615 1.816578 2.389026 2.259622 2.436091 2.437999 2.498033 2.546782 2.225973 2.22498 2.321249 2.005487 1.809664 1.620147 1.378556 1.088094 0.6873772 0.5055869 0.4353052 
0.5180182 0.2046573 0.07828278 0.6988513 1.397525 2.452772 3.770078 3.889967 5.080962 5.833272 4.904847 4.098141 3.691224 3.471263 3.418418 3.247226 3.267683 3.014115 2.371948 1.599872 1.066558 0.9629759 1.046466 0.9995871 0.9402562 0.9610748 1.04926 1.140082 1.068345 1.005369 0.8866815 0.9137742 0.9324787 0.9313047 0.742206 0.5813926 0.4513614 0.4172652 0.4248386 0.5386152 0.6605262 0.7391402 0.7880427 0.8882132 0.8880026 1.094095 1.199694 1.130526 1.158974 1.140225 1.305273 1.481202 1.590052 1.553336 1.378117 1.530227 1.099309 1.015503 0.894494 1.027599 0.9390814 0.6768639 0.8051406 0.8363554 0.8781163 0.9888791 1.344847 1.589159 1.58864 1.632768 1.629461 1.401151 0.943933 1.029831 0.9191145 1.072707 1.047773 0.7755132 0.4729486 1.084059 1.170564 0.8541312 1.022587 1.489653 1.50808 1.590726 1.574183 1.225878 1.46484 1.733883 1.647773 2.355226 2.23545 2.42955 2.439895 2.52325 2.595883 2.607192 2.724503 2.510148 2.200884 1.988383 1.733345 1.570574 1.125248 0.9696577 0.8508416 0.7632229 
0.6857608 0.5655168 0.6194542 0.9669285 1.535678 2.488743 3.526831 3.713639 4.159903 4.647023 4.241883 3.71191 3.391428 3.218758 3.320686 3.567176 3.907549 3.977277 2.12798 1.513061 0.3523458 0.5672429 1.013198 1.008353 0.7915184 0.9795296 1.048527 1.277252 1.1962 0.9947545 0.3230168 0.7878055 0.9349102 0.9822504 0.9394726 0.6362339 0.427065 0.31474 0.3053266 0.468541 0.7521796 0.8184304 0.9049051 0.9553649 0.9140103 1.124421 1.133825 1.085528 1.142962 1.176983 1.309773 1.457269 1.491381 1.394496 1.465817 1.616273 1.131021 0.9334695 0.8508152 0.8454677 1.046261 1.053638 0.7822631 0.8011932 0.8683414 0.9538542 1.386157 1.614779 1.56025 1.685461 1.575969 1.436562 0.8824621 0.9726044 0.7757893 0.7899604 1.084049 0.7706122 0.4020481 1.050088 1.145995 0.8272699 1.11016 1.583578 1.653649 1.614267 1.624467 1.410502 1.722219 1.773585 1.648399 1.987954 2.205661 2.415388 2.782825 2.80506 2.650339 2.721428 2.700303 2.755131 2.457125 2.128637 1.886154 1.719738 1.281117 1.233686 1.093371 0.9921463 
0.8061166 0.8025885 0.9239542 1.050461 1.39473 2.054992 2.725474 3.102324 3.471922 3.629969 3.673753 3.319384 2.932309 2.721556 3.113666 3.594614 4.520202 5.990573 2.128165 1.675391 1.174346 1.020462 1.067605 1.007534 0.3262816 0.4082871 1.182797 1.787519 1.362609 1.987484 0.8881001 0.9001483 0.9848828 0.9921786 0.9412655 0.7294488 0.3484909 0.1436214 0.1172865 0.2615685 0.8768802 0.8577786 0.985122 0.9534772 0.9576181 1.117552 0.9904956 0.9314255 1.045216 1.315373 1.291017 1.36804 1.280284 1.435703 1.643824 1.814701 1.203394 0.8111444 0.7617064 0.9083319 1.291157 1.144525 0.920806 0.7216595 0.8934097 0.8340016 1.328352 1.584156 1.554364 1.89226 1.884602 1.318291 0.8422734 0.8585861 0.4696768 0.7197829 1.054855 0.7724575 0.4081995 0.9870985 1.085332 0.8787904 1.322755 1.751307 1.821293 1.631083 1.58697 1.633947 1.677974 1.604424 1.918957 2.169717 2.10796 2.38052 2.752205 2.798691 2.696193 2.876164 3.037001 3.161634 2.774 2.322728 1.996171 1.551951 1.42618 1.345509 1.209781 0.9799058 
0.7588855 0.650127 0.8769141 1.002833 1.278785 1.714747 2.185298 2.553693 2.919902 3.042165 3.175277 2.957079 2.604275 2.110856 2.551823 3.47862 4.077941 4.297215 3.393239 2.746732 1.848754 1.042033 1.022783 1.312578 0.8349385 0.03218036 1.609846 4.423898 1.728412 1.137317 1.09049 0.959396 0.9549406 1.042123 1.016677 0.7153153 0.4115149 0.06958362 0.1678556 0.3264925 0.945335 0.6236664 0.8989217 1.083889 1.168771 1.225635 0.7999277 0.1529373 1.546024 2.051547 1.295725 1.008584 1.095834 1.425405 2.01002 2.796708 1.337788 0.4300812 0.5392021 0.9998023 1.267965 1.283642 0.9816114 0.7609568 0.7784455 1.239802 1.64493 1.698766 1.26419 1.877582 1.754762 1.350846 0.9647154 0.5112547 0.2188045 0.5945082 1.415777 1.145298 0.6300374 0.5466195 0.7938487 0.9338382 1.604736 2.150399 1.964713 1.61674 1.508434 1.557838 1.563003 1.599708 1.893318 2.142018 2.049417 2.585914 2.447935 2.759637 2.836761 3.038931 3.647212 3.985696 3.264792 2.437384 2.039066 1.536776 1.433917 1.362613 1.224581 0.6380625 
0.6539987 0.2099032 0.230831 0.9199483 1.238035 1.564907 1.975682 2.246426 2.460934 2.732739 2.978253 2.960766 2.617304 2.230002 2.640561 3.393133 3.885655 3.85432 3.91668 4.46029 3.039017 2.299051 2.196506 2.112779 1.477729 1.118051 2.341148 3.954682 0.7369642 0.9775956 1.114159 0.1626571 0.9482552 1.169854 1.167442 0.8587927 0.6308744 0.3169529 0.07670226 0.2501063 0.118053 0.2179532 1.519713 1.273691 1.313659 1.739123 1.160493 0.8762198 1.38045 1.97762 1.3295 0.7208414 1.339939 2.27646 2.439615 3.124509 0.6424202 0.9711826 0.9407893 0.9010518 1.13632 1.641259 0.9716915 0.3408108 0.4645421 1.289488 3.831982 1.582311 1.280928 1.524457 1.17486 1.001175 0.6700685 0.5427192 0.3730744 0.7975237 1.541402 0.9768678 0.97219 0.4754167 0.408215 1.181668 2.269255 3.052307 2.121089 1.636751 1.266055 1.331174 1.537227 1.825675 1.856291 2.096498 2.115098 2.542571 2.40339 2.676153 2.700376 2.857358 4.318776 5.604443 3.630405 2.335693 1.889061 1.416362 1.339416 1.278799 1.078672 0.6760612 
0.766768 0.432258 0.494048 1.019287 1.094708 1.318211 1.889036 2.260732 2.385181 2.752657 2.988927 2.95121 2.8968 2.76887 2.96523 3.618853 4.08874 3.981338 2.213236 5.340542 3.928155 4.08701 5.665565 3.61549 2.442847 2.134843 2.218871 2.166715 1.526894 1.202147 1.410888 3.019376 1.397235 1.247633 1.330473 1.102341 1.044017 0.7162206 0.7252321 0.7890961 1.318521 0.8435128 1.24861 1.269448 1.355477 1.614827 1.348577 1.221527 1.22408 1.302471 1.719838 1.627615 1.836592 5.770763 1.893999 0.8347994 0.3502922 0.222953 0.9165642 0.9355437 1.645177 2.494178 1.006 0.007688067 0.2578744 0.7981514 0.4597636 0.8243944 0.8996472 2.667094 1.194367 1.017944 0.2966825 0.6230438 1.0854 1.158267 1.519005 1.519124 0.8979778 0.326921 0.06980643 0.9166957 3.180737 5.552163 1.695463 1.376673 1.316682 1.304795 1.467836 1.787424 1.802003 1.996565 2.347903 2.56279 2.318049 2.77844 2.43687 2.360462 3.234854 4.234745 2.680324 1.858156 1.411986 1.266708 0.8971664 0.8232111 1.034872 0.749354 
0.9671912 0.8859986 0.9891944 1.272005 1.168248 1.482461 2.171947 2.359895 2.559173 2.965899 3.071025 2.947759 2.877978 2.904035 3.225161 3.770899 4.453625 5.661098 4.471657 4.109474 3.869242 4.041263 4.465565 3.691083 2.774637 2.488842 2.428727 2.244596 2.042459 1.612289 1.451741 1.935355 0.8116031 1.082853 1.665288 1.504612 1.214814 1.136919 0.9762225 0.9381254 0.8717444 0.6123815 1.596062 0.8555028 1.205462 1.380953 1.453343 1.796409 1.616609 1.769436 2.7106 1.209899 1.817119 3.191683 2.086103 0.669901 0.1552387 0.304953 1.383275 1.880195 4.579198 2.469934 1.027302 0.9084609 1.467747 1.364225 0.07870322 1.503606 0.5005567 2.308355 3.673523 1.06616 0.2662415 0.2572108 0.8712683 1.409933 1.30715 1.987923 0.5933518 0.3028532 0.06163437 0.6440303 1.782747 1.99842 0.0676509 1.027212 1.220485 0.7472295 1.304289 1.752099 1.659762 1.619044 2.072488 2.650269 2.770913 2.412726 2.176343 1.748824 1.607955 1.374835 1.288809 1.351782 1.221992 0.8459028 0.8777831 1.006523 0.7281919 0.7602771 
1.306727 1.32756 1.543398 1.695314 1.938852 2.644976 3.057218 2.503184 2.188821 3.688889 3.292679 2.614908 2.597549 2.759395 3.077734 3.6409 4.152373 4.765296 4.431674 3.782902 3.504764 3.757929 3.643155 2.964898 2.55629 2.542316 2.672919 3.009692 3.211136 2.019348 1.417377 1.158609 0.4382927 0.5970603 3.824486 1.667081 1.379666 1.602828 1.52811 0.9842706 0.746989 0.8041039 1.756391 1.687002 1.563284 1.157495 1.566355 1.906583 1.938272 1.927024 1.529051 1.968828 2.465822 3.019279 2.548279 0.3460618 0.8946285 3.790789 1.461251 2.90699 2.207818 0.9099005 0.795301 0.411898 2.082443 3.427823 2.271966 2.264775 1.93631 2.673068 1.715055 2.182929 0.2307391 0.7402929 0.2186069 0.4179384 0.4141212 1.231261 1.932333 0.6029124 0.8251282 1.004813 1.568425 1.947598 0.4398592 0.7367752 1.615855 1.123776 1.496371 1.77434 1.40998 1.091185 2.041034 2.841402 3.063771 2.387719 1.714122 1.353562 1.38218 0.08537442 0.5114121 0.965556 1.074402 0.9060311 0.8077122 0.6865605 0.7333136 0.7812747 
1.637055 1.720066 1.836022 2.138928 2.623442 3.520049 3.918 2.579259 0.9807743 0.482312 2.315973 2.303121 2.16429 2.113936 2.324364 3.096545 4.054985 4.506008 3.863964 3.165955 2.631653 2.52779 2.350641 2.119039 2.118481 2.271289 2.609718 3.16952 3.457564 1.63657 1.21095 1.208336 0.8870269 0.7721227 1.28559 1.463845 1.25989 3.298576 2.471922 1.563693 1.492526 1.596864 1.838578 2.044564 2.35155 2.397652 2.531048 2.000416 2.059662 1.934016 1.915371 2.241663 2.049057 2.587282 3.247793 2.707787 1.69827 1.705709 1.1298 0.5086854 1.83788 1.025615 2.152969 0.8339437 1.467241 1.166494 0.3503102 1.84976 0.3570539 0.8156522 0.8062033 0.5085187 1.15318 0.1668465 2.806728 1.598061 0.3180588 0.4897439 0.9075801 1.40617 2.323265 0.7651183 1.338298 0.497311 1.160503 0.4688848 3.426456 3.670153 2.956144 2.155932 2.391861 1.739897 1.596554 2.823017 3.539322 2.7561 2.455613 1.38759 2.441569 0.7413693 0.5444384 2.226226 1.183372 0.7940156 0.4590889 0.6654059 0.7459873 0.86283 
1.975631 2.134963 2.332153 2.4267 2.659069 3.117184 3.233241 2.409231 1.369608 1.200162 1.739131 2.029051 1.863704 1.39712 1.210243 2.411679 4.644594 5.734459 3.524148 2.411138 1.416061 0.933301 1.29358 1.719214 1.931009 1.991284 1.784348 2.024543 1.911664 1.22683 1.026065 1.058502 0.9295518 0.986885 1.18669 1.211081 0.9399108 0.2572632 1.564913 1.615125 2.074899 2.440627 2.170074 2.849915 3.081181 3.365515 3.742045 2.762722 2.20866 1.999375 1.6975 3.004025 2.677263 2.531068 2.956007 2.221412 1.032536 1.482454 1.686265 1.062091 2.537896 2.12908 1.391938 0.4783001 1.037778 0.4419526 0.3293065 1.472733 0.5591658 0.7198148 0.4164624 0.207352 1.168425 0.8990884 0.8221691 1.991625 0.6599357 0.8567352 0.216407 1.621715 1.820414 1.400992 0.3109722 1.333346 1.393785 0.8087933 0.9082039 1.148406 1.128927 1.413163 3.238523 1.824779 1.844816 1.259039 4.204569 3.634371 2.311818 1.469344 1.369083 1.010915 0.0004743496 0.6945008 0.5317098 0.4985628 0.4964789 0.6121253 0.8223885 0.9531937 
2.404723 2.703238 2.886529 2.799968 2.644126 2.623235 2.481813 2.171521 1.77766 1.791523 1.829611 2.01739 1.737492 0.8499157 0.01837552 1.354952 2.654104 3.251305 2.418082 1.461576 0.4986234 0.1160949 0.9640056 1.275248 1.68354 1.592152 1.269523 1.124675 1.169408 0.9830819 0.9774542 0.8753102 0.6750503 0.7419693 1.039945 1.124244 1.095139 1.133985 1.437234 1.558909 2.045165 3.945852 2.396069 3.45306 3.313854 3.19506 3.660613 2.967093 2.212782 1.624605 0.5910776 1.521877 1.117592 1.343102 3.220683 4.798801 4.751941 2.006482 3.128074 1.750911 1.039266 1.609788 0.2004373 4.648236 1.58716 1.300339 1.132962 0.3180817 0.7041156 0.6456694 2.168371 0.7600799 0.740351 0.129354 1.092928 0.6782573 2.153065 2.209076 0.4531555 2.41813 0.4555724 0.3031269 0.7649214 0.1498652 0.6478872 1.135855 1.296326 1.261222 1.032382 0.4236329 0.8258072 0.5979457 1.481003 2.626752 3.425325 5.36983 1.593401 3.648693 1.23227 1.565154 0.7843426 1.333655 0.04037323 0.2037113 0.3088473 0.2002752 1.326651 1.215522 
2.674729 3.213249 3.629418 3.359467 2.674118 2.265761 2.066794 1.93026 1.946708 1.951903 2.074271 2.306273 2.26082 1.538659 0.9377909 1.100197 0.4145678 0.6818565 1.42527 1.267696 0.9994047 1.507633 1.302839 1.334467 1.390589 1.082089 0.6293214 0.5026259 0.6379926 0.5754204 0.4737785 0.4255358 0.4055282 0.5208101 0.8266745 1.222729 1.320888 1.537722 1.525254 1.352197 1.106938 1.12998 1.838392 2.316382 1.520227 2.585459 3.712351 2.46107 2.009589 1.635478 1.080794 1.328149 1.411185 1.753431 3.144954 3.926207 2.65529 3.659851 4.045292 2.572884 1.234231 1.013771 1.224744 1.544913 1.527466 2.261616 0.2653037 0.4723972 1.417626 2.380366 1.111594 1.111501 2.477795 1.098182 1.805771 0.9263039 2.16018 3.29592 0.9400266 0.7331468 0.9005427 0.1983622 0.5047358 0.6741896 0.9299017 0.3858663 0.8991951 1.985374 1.00878 0.005091318 0.7735463 1.318772 1.619268 2.626856 3.79273 2.031824 1.501407 0.6031427 0.9021177 1.474291 2.427634 0.85563 0.5171186 0.4588011 0.7368218 0.9975399 1.999619 1.363837 
2.712705 3.383904 3.957725 3.591135 2.568298 1.859147 1.587541 1.575495 1.834881 1.998388 2.265863 2.832742 3.451982 2.79693 1.549495 1.016382 0.5276854 0.5840693 1.036685 1.230205 1.345512 1.70769 1.539208 1.288022 1.105773 0.7413149 0.2306032 0.05205881 0.4062498 0.2772122 0.08602697 0.1096947 0.07090561 0.3232399 0.7209012 1.066814 1.455767 1.654923 1.796724 1.70911 1.364636 0.5221081 1.165048 1.68456 1.550684 1.828459 0.647058 1.269155 1.677719 1.570018 1.364628 1.526108 1.788543 2.094227 2.787538 3.179431 3.340348 3.53218 3.406301 2.38622 0.881893 0.6419008 1.164645 1.418201 0.623871 1.979536 1.104132 0.9065859 1.106977 1.444141 1.112067 0.5983556 1.122299 1.66785 1.911968 2.223096 1.897997 1.143557 1.023245 1.259556 0.9093016 0.4705727 0.2387027 0.4537232 0.8716067 0.8998781 1.104055 1.258524 1.009127 0.7313896 0.9335076 1.002042 1.623559 2.660993 3.955976 2.545388 0.3871753 0.8560312 1.012844 1.633599 1.54995 1.060182 0.6889272 0.4371502 0.8498223 0.9983712 1.111126 1.161944 
2.337445 2.887759 3.273893 2.916619 1.94923 1.083322 0.8033836 1.06985 1.432951 1.934813 2.308518 2.959512 3.706924 3.00283 1.306842 0.9798633 0.215298 0.3018007 0.8697312 1.123577 1.198413 1.323234 1.312196 1.127555 1.030049 0.706028 0.4088115 0.3148054 0.4220828 0.2593871 0.1047795 0.1572295 0.07726676 0.3112934 0.6160659 1.112392 1.472475 1.784307 2.270447 2.457042 1.804308 1.392426 1.377524 1.507208 1.525422 1.375192 0.8833132 1.100666 1.421377 1.305064 1.381338 1.337773 1.491807 1.641601 2.453322 2.866862 3.272146 3.27159 3.129091 2.215086 1.772629 1.039305 1.162958 1.257149 1.557381 1.196377 1.208692 1.099625 1.023129 1.273473 1.241604 1.013679 1.193599 1.661073 1.543045 1.875175 1.895704 1.717104 1.040291 0.9908183 0.8616126 0.5568924 0.4738823 0.5328007 0.7007529 0.9929872 1.083935 1.115063 1.020067 0.9881445 1.022382 1.294677 1.678007 2.432238 2.748083 2.074384 1.338798 1.257749 1.163123 1.5717 1.46067 1.219776 0.799288 0.4476666 0.8569453 0.9701219 1.019539 1.031425 
1.713251 2.066893 2.264387 1.99773 1.228668 0.3275071 0.09987717 0.6192709 1.194799 1.772977 2.16466 2.595863 2.660025 2.136027 1.211458 1.00106 0.5349244 0.5123842 0.8864017 1.101918 1.119909 1.196953 1.224146 0.9228899 0.8582076 0.7195348 0.6226961 0.5700206 0.5879942 0.5243061 0.3940812 0.3233948 0.3407778 0.5080858 0.7647102 1.04456 1.300087 1.512969 2.161289 2.180117 1.926254 1.611203 1.451113 1.22209 1.137172 1.122564 1.000149 1.171031 1.354784 1.268487 1.36339 1.342254 1.141278 1.211796 2.090942 2.636613 3.132158 3.155175 2.991121 2.183382 1.786664 1.708137 1.206327 1.278476 1.494771 1.00534 1.191197 1.163602 0.9715691 1.234186 1.335167 1.117891 1.487034 1.382634 1.684794 1.830718 2.094002 1.537816 1.078244 0.9225222 0.8009676 0.7680826 0.6616542 0.5964683 0.7478346 0.9772002 1.018381 1.1002 1.043264 0.9996462 1.224061 1.423748 1.774614 2.072579 2.275966 2.05416 1.63105 1.740602 1.566818 1.614488 1.405833 1.296747 0.8967192 0.8661232 0.8279995 0.906181 0.9097886 0.8979427 
0.9439547 1.203714 1.475665 1.423716 0.9655067 0.3501705 0.1871194 0.5958409 1.104183 1.648315 1.942145 2.118752 2.059292 1.704903 1.329155 1.117841 0.9408587 0.9002421 1.033098 1.01143 1.088049 1.171677 1.019675 0.854508 0.6772968 0.7578019 0.5828031 0.7157275 0.7981899 0.9321574 0.7603843 0.5505792 0.5290425 0.6335971 0.8662118 1.078388 1.15873 1.018463 1.484534 1.615183 1.510683 1.447737 1.238048 1.182711 1.04254 1.047355 1.120258 1.226362 1.346122 1.252396 1.237259 1.284467 1.468364 1.696234 2.122964 2.524226 2.989429 3.02518 2.627181 2.047675 1.877277 1.860525 1.236552 1.465488 1.506084 0.8820742 1.180966 1.323707 1.241727 1.223885 1.384172 1.287891 1.410394 1.367721 1.503206 1.998421 1.911082 1.556667 1.074215 0.8913043 0.8314174 0.8513073 0.7541609 0.5933311 0.7032279 0.9757461 1.01408 1.080559 1.02844 1.010528 1.315258 1.177169 1.855738 1.964179 2.142141 2.031514 1.722061 1.900679 1.657316 1.615037 1.306164 1.361747 1.341666 0.850643 0.696601 0.7719817 0.701225 0.6624467 
0.2547428 0.5083387 0.941741 1.127354 0.9704416 0.7100003 0.6338807 0.8378305 1.279907 1.584374 1.791206 1.889985 1.794778 1.550247 1.353076 1.118724 1.163565 1.127815 1.006628 1.053643 1.09213 0.9878119 0.9821518 0.6907001 0.65944 0.6592336 0.6376361 0.7861713 0.8752923 0.9657086 0.8706109 0.682522 0.6582039 0.741454 0.9305548 1.056404 1.156958 1.238772 1.343721 1.098736 1.135653 1.290765 1.232656 1.141675 1.132041 1.161214 1.22078 1.295243 1.227823 1.25236 1.247311 1.343276 1.653702 2.151294 2.267507 2.495382 2.896761 2.940763 2.568192 2.019358 2.046786 1.947691 1.255613 1.481339 1.507612 0.8455951 1.37752 1.32461 1.242935 1.217241 1.479108 1.319961 1.368449 1.358101 1.170146 1.992063 1.908381 1.561948 1.073519 0.8750446 0.8129674 0.8604987 0.6925958 0.6442111 0.7936417 0.9803578 1.061633 1.073201 1.019603 1.070804 1.375234 1.198301 1.923005 1.902086 2.086038 1.79144 1.757708 1.597119 1.719291 1.348107 1.276722 1.340584 1.300277 0.8058561 0.5969698 0.5262663 0.3349928 0.2633109 
4.893792e-031 0.2213474 0.6752153 0.9571602 1.010975 0.9537908 0.9449157 1.049626 1.372909 1.564903 1.700762 1.761533 1.666572 1.465502 1.353072 1.164922 1.136922 1.095002 1.085576 1.096532 1.158726 1.155551 0.9623628 0.6625466 0.6466768 0.6265932 0.6599799 0.6849064 0.850934 0.8655463 0.8511126 0.72754 0.7339365 0.807907 0.9661264 1.051717 1.147112 1.313937 1.304335 1.241033 1.238486 1.265159 1.235985 1.180804 1.220454 1.275891 1.300374 1.254057 1.24485 1.261141 1.352317 1.385974 1.53533 2.390477 2.381364 2.4975 2.851072 2.890573 2.93181 2.051284 2.078875 2.002305 1.484061 1.493035 1.509326 0.8234375 1.386704 1.323981 1.240216 1.215522 1.49762 1.343166 1.381781 1.352072 1.368151 2.136529 1.903176 1.564809 1.073788 0.8654796 0.7996774 0.8619017 0.69395 0.6374092 0.7856821 1.044159 1.063516 1.070228 1.014138 1.072437 1.412055 1.273005 1.926306 1.86607 2.059986 1.772208 1.772243 1.635019 1.545999 1.348903 1.243456 1.287173 1.25177 0.9917666 0.5132329 0.3758005 0.09967905 0.02526047 
