rasters-bowlers/dwaynebravo.asc
ncols         108
nrows         21
xllcorner     -3.075
yllcorner     -1.575
cellsize      0.15
NODATA_value  -9999
3.491242e-007 0.5157453 1.484334 2.154943 2.318392 2.28761 2.159724 1.916051 1.623097 1.497139 1.39266 1.286399 1.341544 1.626935 1.683416 1.786753 1.78273 1.649299 1.421399 1.243969 1.190327 1.140912 1.109457 1.073666 0.9444108 0.8546731 1.016818 1.046428 1.022159 1.120985 1.104028 1.221123 1.236995 1.273435 1.257923 1.278337 1.166308 1.102181 1.135822 1.099113 1.252174 1.243103 1.071137 1.145815 1.156572 1.438331 1.588059 1.920342 1.909431 2.002123 2.005822 1.423838 1.408947 1.359092 1.035814 1.358946 1.266081 1.237296 1.046243 1.166132 1.122046 1.109598 1.136914 1.013215 0.6474533 0.8195171 0.7728031 0.7972974 0.6167933 0.6956777 0.7042066 0.6999393 0.7492732 1.190095 1.23125 1.330922 1.134277 1.118437 1.141709 1.100345 1.064032 1.03667 1.019584 0.4913959 0.5142647 0.6035519 0.557394 0.5626796 0.5627663 0.6137819 1.096695 1.158747 1.348753 1.707412 1.750545 1.789715 1.804875 1.827188 1.762156 1.70633 1.651031 1.511421 1.371456 1.146333 0.8229048 0.4446375 0.08708464 0.02034152 
0.5790795 1.139864 2.08777 2.76781 2.959944 2.635734 2.311535 1.956903 1.620695 1.455359 1.338902 1.268914 1.261552 1.586859 1.736646 1.846647 1.794113 1.655608 1.408627 1.180145 1.071193 1.088218 1.053709 1.058309 0.9535162 0.884207 1.029786 1.104051 1.126783 1.161257 1.097833 1.080043 1.165328 1.251325 1.252949 1.285167 1.197378 1.135202 1.147824 1.091157 1.224333 1.216358 1.073082 1.033527 1.094831 1.542423 1.211911 1.780001 1.90734 2.006321 2.012544 1.82154 1.520525 1.468457 1.186029 1.34517 1.23935 1.198658 1.04951 1.14965 1.118747 1.101544 1.110904 0.9914986 0.6549395 0.8047513 0.7626418 0.7267971 0.6917559 0.7208437 0.7319128 0.7820898 0.6956533 1.169883 1.218244 1.062894 1.157658 1.132632 1.137881 1.079175 1.031014 0.9999402 0.9222236 0.4930507 0.5250422 0.6203921 0.5776041 0.6398391 0.6324414 0.9508315 1.055394 1.11877 1.431316 1.673668 1.74446 1.811825 1.865796 1.927444 1.87872 1.819637 1.743268 1.587633 1.437211 1.220062 0.9277709 0.6037425 0.2880931 0.2100204 
1.754188 2.184017 2.903843 3.709551 3.813575 3.145347 2.370882 1.973112 1.568785 1.395336 1.274521 0.9493136 1.124974 1.437842 1.768573 1.970889 1.775082 1.750813 1.575758 1.241264 1.001139 1.027488 1.039263 1.033223 0.9975817 0.8996854 1.063666 1.121358 1.130199 1.180779 1.157798 1.107302 1.106272 1.221314 1.237165 1.13617 1.249008 1.189197 1.16212 1.221631 1.181272 1.046898 1.128755 1.055302 1.104116 1.153999 1.203652 1.531083 1.846068 2.010628 2.021207 1.495688 1.515435 1.470676 1.226748 1.329626 1.249556 1.057967 1.021315 1.118612 1.118072 1.09057 1.070255 0.9640584 0.6642715 0.5048609 0.743184 0.7849392 0.7062094 0.7596415 0.7742671 0.7527824 0.7024809 0.8568109 1.455031 1.085156 1.294455 1.156885 1.132478 1.041893 0.9209989 0.8882475 0.7034333 0.500526 0.5424542 0.6420541 0.6045784 0.6588074 0.6458148 0.989148 0.7010499 1.05907 1.247827 1.558947 1.723796 1.832023 1.932634 2.040971 1.990788 2.00188 1.85542 1.668853 1.497066 1.288573 1.049737 0.8430955 0.6652095 0.5963297 
2.631972 2.877121 3.358385 4.570377 4.704683 3.315292 2.380147 1.890179 1.49791 1.320663 0.9763858 0.9310194 0.9302734 0.9723076 1.197321 1.554108 1.618788 1.758029 1.645783 1.420332 1.187625 1.051101 1.018714 1.000926 1.029524 1.129842 1.060483 1.149224 1.188823 1.143928 1.106738 1.016986 1.100077 1.178298 1.18303 1.165239 1.304424 1.284832 1.251266 1.165858 1.11517 1.037415 1.094239 1.14171 1.104142 1.119578 1.182966 1.478102 1.843224 2.016952 1.973238 1.54493 1.60352 1.349036 1.294688 1.304922 1.205554 1.043179 1.002332 1.070075 1.132341 1.076416 1.013519 0.7841793 0.6262586 0.5568696 0.4963644 0.688906 0.7232007 0.8262953 0.8437878 0.7859216 0.7005858 0.8422111 1.40969 1.224311 1.271426 1.200652 1.125341 0.9642624 0.8302554 0.8139615 0.4581032 0.5158299 0.6257817 0.670939 0.6901409 0.6860375 0.9602599 0.9185578 0.6745695 1.225935 1.102159 1.476463 1.686048 2.079087 2.013603 2.191734 2.223689 2.190045 1.991786 1.742396 1.522707 1.301046 1.093656 1.05297 0.8956355 0.8603891 
3.285995 3.425336 3.202019 3.835716 3.852851 2.725468 1.978312 1.636114 1.407851 1.196622 0.9645131 0.9012164 0.8483773 0.3636447 0.5735255 1.145103 1.406887 1.816835 2.177403 2.165632 1.373845 1.093528 0.9700674 0.9064291 1.015363 1.536111 1.316665 1.170423 1.149348 1.033666 1.156992 1.25802 1.188471 1.027484 1.005763 1.197268 1.488669 1.458734 1.237079 1.045023 0.9552901 1.005442 1.172159 1.300415 1.188909 0.9113407 1.298262 1.472763 1.677302 1.97847 1.765439 1.601629 1.795609 1.609713 1.332503 1.048582 1.103956 1.01641 1.113763 1.096218 1.233514 1.176639 0.9922384 0.8896021 0.7224061 0.6003301 0.4741382 0.6253354 0.7177554 0.922989 0.9623017 0.7690786 0.8156714 0.8132946 1.235697 1.449149 1.30071 1.358179 1.128655 0.7532396 0.6637439 0.5768085 0.4571935 0.5471309 0.7137594 0.7087734 0.6864005 0.7230849 0.9619541 0.8919231 0.6675259 0.7929761 1.018763 1.203091 1.620965 1.906221 2.310294 2.390464 2.523526 2.462322 2.173587 1.787373 1.483881 1.219005 1.014489 0.9534932 0.9571546 0.8400304 
3.474958 3.730795 2.68763 2.654874 2.456181 1.864768 1.501436 1.31845 1.212608 1.101114 0.9250758 0.9038208 1.013216 1.04537 1.096699 1.336547 1.761914 2.029402 2.31454 2.321821 2.065022 1.166957 0.921047 0.4366988 0.6697429 1.577779 1.328414 1.167603 1.062084 0.8530795 0.8216231 2.249978 1.263986 0.7805184 0.4793661 1.076641 1.811904 2.177587 1.324971 0.6219471 0.8503388 1.215239 1.417408 1.343214 1.040962 0.9601564 1.028205 1.462883 1.695777 2.007997 1.773069 1.590629 2.317668 2.190964 1.292403 0.9438907 0.7182732 0.7131664 1.394992 1.803533 1.634704 1.174537 0.7254083 0.6903673 0.7205996 0.6129996 0.5182923 0.5672144 0.6020937 1.162717 1.924686 0.6328501 0.7063447 0.7623918 0.8935335 1.374039 1.019763 1.614148 1.281997 0.1077168 0.5570443 0.496278 0.4101399 0.6065708 0.7429404 0.7598313 0.9916852 1.007714 0.9742423 1.011908 0.713168 0.5910568 0.6028489 1.030494 1.533484 1.868856 2.362723 2.68591 3.097016 3.003134 2.316365 1.76628 1.331234 1.008504 0.7576362 0.8285267 0.9328892 0.937683 
2.359355 1.386835 1.650846 2.020623 1.854837 1.324061 1.132807 1.034872 1.042211 1.084022 0.9241821 0.9822897 1.022906 1.436191 1.932037 1.990724 2.304098 1.1426 2.372705 2.616303 2.249756 1.557275 1.405015 0.5405775 0.100961 0.8140914 0.9872093 0.9967859 1.111409 1.100797 1.910859 2.572568 0.4647147 0.6270418 0.2549356 0.983638 1.426033 2.539605 1.152044 0.1211787 0.5160509 1.755304 1.797341 1.500623 0.9407721 0.8638892 0.9396353 1.518648 1.374033 2.788528 1.651855 1.255658 2.162945 1.46884 1.052771 0.8605456 0.6141618 0.2897921 1.705463 2.472916 1.894822 0.8295138 0.7235079 0.8619925 0.8196974 0.637666 0.5271598 0.2022446 0.3583387 0.8563762 0.9426825 0.6011227 0.5750671 0.7555872 1.060141 1.277032 1.470581 2.788083 1.71612 0.3185092 0.61268 0.2246699 0.4014068 0.6870897 0.9405361 0.9469072 1.003735 1.028768 1.004262 0.9854007 0.5296715 0.2492541 0.4267869 0.929468 1.237141 1.779246 2.090008 2.632746 3.790819 4.078642 2.096882 1.601461 0.8977683 0.7048312 0.205871 0.5435824 0.9103992 0.9390192 
1.84589 1.349154 1.514913 1.766799 1.719429 1.463762 1.423968 1.599056 1.215436 1.156853 0.901045 0.8711895 0.8401017 1.278076 1.894918 2.73581 2.80465 3.602826 3.017426 2.431135 1.827227 1.358579 2.451092 2.052129 0.6360176 0.8491412 0.8601507 1.039479 1.185345 1.295177 1.480836 1.533883 0.6131033 0.7331586 0.720753 0.9992496 1.294354 1.862342 1.44193 0.9900913 0.6469947 2.077581 1.85001 1.647589 0.8971505 0.5606946 0.4598784 1.845878 2.459114 2.360528 1.300196 0.991562 0.8708444 1.105108 0.9325496 0.3114618 0.7267463 1.123224 0.9823227 1.234779 2.065942 0.9372742 1.324347 1.324579 0.9605397 0.7234196 0.5718414 0.2275694 0.2375842 0.6665577 0.255621 0.3442675 0.5955793 0.4017879 1.361102 1.103366 0.7660113 1.470351 1.451712 0.9262258 0.918111 0.4671875 0.530091 0.5109433 0.6068788 0.9617522 1.027209 1.022156 1.145551 1.090755 0.5034582 0.04694812 0.4000005 0.7733012 1.194482 1.63542 1.897746 2.332592 2.684789 1.812769 2.079207 1.723576 0.02194181 0.6921034 0.271458 0.4753302 0.7834802 0.7785608 
1.829713 1.671428 1.611728 1.577586 1.686983 1.797546 1.852855 1.921187 1.543793 1.203625 0.9862735 0.7878174 0.3517497 0.8669291 1.96457 3.89876 2.776394 3.168244 3.237727 3.029094 1.452667 1.709391 2.062838 1.853933 2.373914 1.087934 0.8170894 1.029281 1.470367 1.150515 1.210315 2.150831 0.7834525 0.3168135 0.9909279 0.7658363 0.6433817 1.942345 2.183447 1.402212 1.541593 1.459011 1.953695 1.78344 0.9988562 0.4968862 0.3741001 1.338329 2.113472 3.653864 1.016069 0.4799209 0.2610089 0.1999333 0.9698845 0.7366188 0.9173152 1.39757 0.7637407 1.138115 2.484799 1.852275 2.364704 3.52286 0.8912771 0.7786277 0.9493077 0.830657 0.4868966 0.8640149 0.7377763 0.4015188 1.022225 1.909127 2.040011 1.019536 0.6585373 1.065227 2.065396 1.646577 1.362358 1.13415 0.9127245 0.320996 0.1005529 0.9809856 1.345091 1.282566 1.317989 1.385154 0.9072626 0.7734495 0.9116836 0.9402717 0.971823 1.117851 1.545893 1.638032 2.174848 2.93209 2.848598 3.434775 1.541212 1.325515 1.060423 0.7598695 0.6883965 0.7416104 
1.820754 1.686104 1.458467 1.121371 1.525898 2.014209 2.17409 2.15034 1.737495 1.277685 0.9594522 0.6936126 0.2606902 0.6959838 1.298574 1.67882 1.42121 1.75461 1.101831 1.669119 1.477834 1.966629 1.254807 1.326369 1.906139 0.6986624 0.4218214 0.8597758 1.063995 0.5359896 0.4760967 1.08023 0.4580771 0.3624121 0.5242319 0.5563585 0.6166042 1.009513 1.300478 1.097975 1.093999 1.621504 0.7344475 4.308382 1.124844 1.241982 1.623401 0.9723648 0.8945933 0.6337713 1.130399 1.565542 2.089054 1.085628 0.6979891 0.855424 0.5639258 0.9197246 0.7525204 1.13959 1.906456 0.778993 2.93451 1.520888 0.678681 1.171544 2.681706 0.1301041 0.4064813 1.335118 0.4694281 2.434055 3.920167 1.412002 1.53518 0.9467459 0.3622837 3.988201 1.473677 5.081645 1.773106 1.14157 0.8205017 0.09876186 0.4284139 1.530464 1.889287 1.432626 1.281363 1.205621 1.452629 1.020503 1.006107 1.078984 1.158051 1.218614 1.208489 1.313525 1.400922 2.168062 2.270413 1.750143 1.59385 1.476803 1.42323 0.8385714 0.7598256 0.7450275 
1.783964 1.706917 1.480816 1.219715 1.630683 2.130141 3.334899 3.194894 2.0464 1.39537 1.033967 0.8539045 0.7470258 0.9752018 1.06013 1.298749 1.320552 1.491133 1.393186 1.188624 1.336682 1.68646 0.8996831 1.04639 2.441506 1.652174 0.3628095 0.9793301 1.461329 0.8064672 0.5873812 0.6452314 0.110448 0.5190556 0.6418271 0.2884205 0.07374609 0.4462741 0.9520106 1.003185 1.09612 0.3904928 0.5583763 1.432052 1.088785 1.215174 1.089081 0.8935557 1.583978 2.053549 1.453166 4.969254 2.44044 2.108578 2.520114 1.200849 0.6908563 0.5532714 1.160743 1.173011 1.531821 0.736012 0.7198359 1.073104 0.8596756 2.055409 1.335347 0.9254192 0.9021062 2.112109 1.024631 1.73012 1.664849 1.008996 2.287217 0.9579612 0.8955305 1.156075 0.9614725 1.44524 1.296653 1.029819 0.9949085 0.9739673 1.236584 5.841854 2.58876 1.494004 1.06271 1.695926 1.876674 1.440885 1.015872 1.126478 1.292181 1.16481 0.9847049 1.00228 1.0968 1.208639 1.654355 1.687346 1.384413 1.503183 1.338447 0.8446253 0.756973 0.6657454 
1.807761 1.737856 1.67754 1.669829 1.860965 2.300197 3.09844 2.939781 2.040643 1.417154 1.090769 0.995402 0.927851 0.995488 1.15773 1.422156 1.679168 2.017408 3.171546 1.842872 1.778188 1.056181 0.8322464 0.005015333 1.331022 1.305232 0.8767757 0.9251289 1.956396 1.987781 1.195717 1.103807 1.094927 1.124104 0.5169585 0.06863702 0.01399547 0.4502196 0.5218 0.9262775 0.9385671 0.3607409 1.048725 1.357314 0.9917554 3.118179 0.9986219 1.24251 3.017518 4.109889 1.255334 1.235103 1.461547 0.6571155 2.958027 2.210211 1.055052 1.007064 1.099903 1.454048 2.227949 1.197727 1.482758 3.368289 1.222016 0.449368 0.7466288 0.746255 0.7718783 0.6949833 0.8108152 1.111904 1.909572 0.6256429 0.7193957 0.1387321 1.289806 1.131083 1.263898 0.2646877 0.9506861 1.174591 1.317202 1.719402 2.574116 2.144677 1.491322 1.178856 1.247789 2.272074 2.602364 1.383589 0.986722 0.9372763 1.0235 1.244226 1.269295 0.9543535 0.778448 0.5090057 1.9777 1.234921 1.457789 1.139504 1.250398 0.7916865 0.670083 0.6719741 
1.80086 1.783101 1.786103 1.772497 1.948867 2.127125 2.340553 2.209389 1.749739 1.321013 1.088597 1.001286 0.9582781 1.001984 1.073041 1.226599 1.344517 2.414551 4.349039 2.642391 1.296932 0.2916625 0.6886604 0.9036996 1.45901 1.986029 0.6795111 0.3788226 1.820397 2.545823 3.443932 1.330642 1.596137 1.564435 0.2977901 0.5022516 0.3373996 1.358742 0.8376819 0.3895934 0.9017318 0.5017137 0.3988992 2.888921 1.48959 1.004852 0.9137223 2.853757 3.324212 3.114165 1.674468 1.209646 0.625038 1.864967 0.264811 0.4627312 1.541867 0.7811556 1.369796 2.1879 2.323667 0.9374663 0.7531761 1.304412 1.533219 1.435973 1.910588 0.7426713 0.931454 0.1578083 0.7148698 1.749529 1.5455 0.9186875 0.03815734 0.8800657 0.8153268 1.361215 1.005076 0.7560025 1.249679 1.851712 2.657082 2.021558 1.249808 0.7507715 0.6991181 0.3916014 1.312282 2.013395 2.752243 1.354168 0.8991723 0.58442 0.9889364 0.8121641 0.8004327 1.963471 1.168183 2.473583 1.353547 1.734114 0.9994547 0.8318869 0.9461057 0.2496918 0.6271904 0.6256096 
1.766486 1.782277 1.678105 1.762972 1.782176 1.918821 1.962753 1.828186 1.487651 1.183357 1.03164 1.028268 1.006233 1.051763 1.091449 1.414588 1.68049 2.088323 2.082167 1.254758 1.147161 0.7530934 0.8451478 1.129477 1.85519 1.193771 0.7463412 0.4981601 0.3077546 1.29782 1.587973 1.68337 1.776292 0.1267273 0.5964979 0.9286246 1.006778 1.04063 0.9958262 0.8300746 0.8883265 1.063916 1.526343 1.522152 1.599732 1.908305 1.867119 2.226777 2.486211 1.875349 0.5848368 2.430651 1.928489 2.97659 0.8890244 0.5528775 0.9947909 0.5090094 0.9019111 1.155614 2.177635 0.5796594 1.454326 1.445139 1.176052 2.454046 1.024982 1.030934 0.1750887 0.650941 0.8220448 3.838766 2.595633 0.6081342 1.874959 1.128262 0.8946193 1.732517 0.8281003 1.313795 0.7253805 2.857386 1.071007 1.31614 1.165258 0.08943567 0.8062624 0.5934517 1.751402 1.874218 3.529464 2.961173 0.7524199 0.2264227 0.7207057 1.587707 1.725252 0.9150227 1.044626 1.420038 0.8479201 0.8865646 1.262332 1.772006 0.1993852 0.09735577 0.4133995 0.4588286 
1.682474 1.561243 1.623998 1.574443 1.669706 1.741832 1.736176 1.566726 1.348936 1.144421 1.009764 1.040185 1.038492 1.087229 1.1761 1.703184 1.922272 1.868462 1.673885 1.262606 1.240382 1.054463 0.9271135 1.339706 2.123413 2.688205 1.19904 0.9848862 0.8975613 0.6502349 0.96619 1.447581 1.342199 1.252241 1.791404 0.719584 1.279869 1.679298 1.181794 0.6039169 1.239272 1.834362 1.191004 1.157924 0.8039193 3.120568 2.239069 1.320753 1.606547 2.047343 1.627192 1.663226 2.072952 2.149022 0.9838441 0.5582933 1.480391 3.413986 2.430544 2.405187 1.713081 0.9147501 0.8512003 0.6400347 1.07173 0.610372 1.158707 1.36187 2.126634 0.9087576 0.9006284 0.6816244 0.7056963 1.178538 0.8919745 0.9111222 0.6119766 0.9122895 1.054542 0.9965278 0.893577 2.033134 0.7009609 1.626463 1.641288 1.263952 1.32694 1.251028 2.382682 2.279299 1.803434 2.491819 1.513253 0.01602522 0.818092 1.545713 1.543144 2.756931 2.382734 1.430365 0.9537727 1.212882 2.28123 3.257484 1.55177 0.8036369 0.6798968 0.4691819 
1.370837 1.429482 1.506334 1.461231 1.542983 1.593357 1.536818 1.411674 1.343482 1.170553 1.078586 1.081335 1.064272 1.309154 1.420581 1.61671 1.793468 1.79388 1.702476 1.471466 1.309478 1.132194 1.192164 1.296721 1.510754 1.379531 1.010767 0.8986413 0.7970766 0.7649503 1.142664 1.170773 3.015698 2.023528 2.377939 1.407214 1.905271 3.063803 1.460706 1.093547 1.031678 2.63056 1.226418 0.815066 0.2194823 1.545008 3.110051 1.236562 1.057138 1.489376 2.000125 2.075784 4.310363 2.633899 1.203525 0.8634016 1.992036 2.552637 3.582638 1.582796 1.431223 4.872818 1.091001 0.3126609 0.8512558 1.718234 1.81202 1.139996 0.7866279 1.707764 2.177906 1.409408 1.510558 2.194852 1.956286 1.006763 0.869205 1.262823 0.8693187 0.9664348 0.5351829 0.8962916 1.197208 1.216252 1.149844 1.06072 1.322265 1.491838 2.223844 1.783746 3.382771 3.127596 4.894906 1.325712 1.106968 1.016121 1.855096 2.657687 1.657928 1.080361 0.9394228 1.158211 2.096613 2.131268 1.577663 1.214712 0.8525722 0.6719881 
1.143252 1.216492 1.322017 1.311296 1.406273 1.462949 1.419848 1.421324 1.385227 1.216057 1.165862 1.158809 1.082498 1.370668 1.486831 1.691111 1.742791 1.753497 1.709621 1.515195 1.399627 1.194686 1.199421 1.158558 1.090008 1.155592 1.066378 0.9445845 0.8811621 1.007058 1.20523 1.9662 2.875713 2.151647 1.795116 1.732421 1.82392 1.721079 1.485784 0.9294497 0.6747659 1.263744 1.230056 1.176776 1.118072 2.223997 2.857648 1.731805 1.259598 1.482663 1.837789 1.629323 0.1939815 2.012408 1.548917 1.715337 2.903226 3.123811 2.872474 2.204313 1.292003 1.989914 1.31438 0.9067938 0.9659193 1.10843 1.064081 0.790268 1.189074 1.213299 1.11138 1.035054 1.754955 3.105108 2.147012 1.364092 0.7616062 0.8348848 0.324221 0.9191377 0.8644439 0.6567233 0.6977302 0.8024089 1.19463 1.706469 1.982558 3.282146 2.860846 2.091153 1.256627 2.274224 2.773958 1.637352 1.311882 1.346934 1.246171 1.862807 1.667635 1.415237 1.148876 1.284748 1.775333 1.776463 1.544386 1.354097 1.193196 0.6299402 
0.8201883 0.9119154 1.069008 1.12678 1.258222 1.295866 1.374106 1.415501 1.284583 1.243726 1.205176 1.195927 1.30469 1.446691 1.511201 1.707374 1.720614 1.73113 1.642953 1.516147 1.597374 1.011634 1.143968 1.101545 1.040829 1.0911 1.060735 0.9499946 1.070656 1.061808 1.274528 1.80684 1.996539 1.951689 1.734269 1.716749 1.627672 1.563062 1.433129 1.219699 1.178626 1.115463 1.396676 1.411352 1.487162 1.670958 1.240535 1.249642 1.088772 1.402588 1.501895 1.542977 1.279816 1.844747 1.893638 2.442546 3.474427 3.668622 2.833237 2.287132 1.657838 1.351055 1.327239 1.101219 0.9577764 1.023183 1.198987 1.06258 1.112619 0.9788497 1.4526 1.3914 1.463761 0.6619625 1.690393 1.431024 0.837841 0.9112093 0.9058133 1.039927 0.9624934 0.8653883 0.3613351 0.368845 1.158719 1.440991 2.814253 3.162166 2.611815 2.418578 2.004353 2.210011 2.034428 1.713744 1.437944 1.412598 1.218459 1.520128 1.639545 1.478571 1.453755 1.555986 1.740492 1.628467 1.384738 1.263334 1.158516 0.8240673 
0.4371545 0.5469825 0.6964222 0.9242983 1.107506 1.229946 1.342887 1.366139 1.262023 1.199516 1.229197 1.219652 1.38241 1.474791 1.660403 1.670778 1.709855 1.711123 1.622557 1.507983 1.619446 1.076851 1.194327 1.216104 1.135927 1.079282 1.121891 1.091657 1.135154 1.173833 1.472238 1.619884 1.720606 1.774493 1.739173 1.816893 1.737322 1.461897 1.430195 1.34322 1.215589 1.058129 1.436734 1.490444 1.494867 1.449506 1.236706 1.360261 1.373085 1.303778 1.320434 1.711491 1.662184 2.008773 1.915206 2.615693 2.880534 3.17938 2.787146 2.417655 1.935268 1.206625 1.294116 0.9797285 0.942646 1.032576 1.317352 1.250876 1.190834 0.922008 1.453655 1.608012 1.327218 1.041595 1.505187 1.431017 1.101675 0.9903992 0.8545178 0.8837437 0.7577712 0.7685443 0.7519373 0.8501237 1.101904 1.185063 1.944216 2.449255 2.40486 2.548614 2.405721 2.242836 1.795622 1.625103 1.616096 1.622388 1.431422 1.501445 1.604058 1.53747 1.563453 1.580488 1.670684 1.53751 1.217094 1.073083 0.9031297 0.7903269 
0.1172442 0.2349849 0.4630801 0.7453852 1.012902 1.175624 1.271513 1.319712 1.235906 1.187911 1.339669 1.537613 1.40981 1.49437 1.683811 1.674405 1.698038 1.697289 1.607668 1.500896 1.636355 1.250927 1.209798 1.261334 1.126392 1.108347 1.120258 1.121411 1.183731 1.22755 1.531568 1.568489 1.598973 1.682988 1.750643 1.783522 1.644917 1.614984 1.375044 1.392138 1.244275 1.316247 1.471493 1.511649 1.483024 1.479125 1.260479 1.503452 1.510092 1.232704 1.295249 1.754496 1.996531 2.298793 2.195594 2.534411 2.452955 3.076325 2.723586 2.200613 2.058357 1.212077 1.277766 1.005399 0.9931172 1.014863 1.354699 1.25679 0.9204412 1.084896 1.461837 1.665659 1.529832 1.510131 1.388437 1.407266 1.071166 0.9616577 0.8595811 0.8202666 0.792334 0.6373017 0.6520134 1.000648 1.231836 1.470883 1.748569 2.125739 2.241602 2.469674 2.529392 2.285417 1.89924 1.610802 1.866413 1.644845 1.774801 1.505619 1.590355 1.533103 1.648279 1.571803 1.56927 1.381256 1.024342 0.7689271 0.396991 0.3055016 
2.401823e-031 0.1100611 0.3490709 0.6655229 0.9196027 1.099322 1.21277 1.278178 1.20916 1.171996 1.337264 1.565663 1.632481 1.662373 1.647018 1.673107 1.688952 1.686623 1.598065 1.499671 1.653326 1.096885 1.052004 1.282616 1.123932 1.103077 1.135765 1.144681 1.214837 1.250876 1.557493 1.595278 1.533357 1.628429 1.709868 1.751547 1.623753 1.804852 1.564007 1.355921 1.251363 1.341784 1.49249 1.455947 1.481409 1.485442 1.358406 1.58713 1.580005 1.226542 1.289571 1.639015 2.046811 2.158059 2.208291 2.528424 2.592968 2.994252 2.683929 2.210499 1.914148 1.754126 1.268784 1.016445 0.9914505 1.004082 1.37855 0.878822 0.9288225 1.09134 1.463815 1.784831 1.643836 1.658105 1.425848 1.468749 1.233722 0.6962228 0.7917466 0.789854 0.7690566 0.6300877 0.6840325 1.019182 1.284366 1.527607 1.682492 1.892632 2.146068 2.45748 2.445351 2.127542 2.047964 1.79621 1.909656 1.695732 1.848229 1.835529 1.586097 1.709136 1.579025 1.735131 1.681662 1.314277 0.9209617 0.5216411 0.1194606 0.02990189 
