rasters-bowlers/harbhajansingh.asc
ncols         108
nrows         21
xllcorner     -3.075
yllcorner     -1.575
cellsize      0.15
NODATA_value  -9999
[rows 0 to 20 of 21, columns 0 to 61 of 108]
6.99504e-008 0.1107853 0.421366 0.8364932 1.337841 1.622103 1.918616 2.143618 2.300988 2.396285 2.435914 2.427034 2.321305 2.278664 2.196762 2.036108 1.884066 1.457777 1.074048 0.8605917 0.799246 0.8205044 0.9217138 0.9701628 1.032898 1.246684 1.383389 1.445356 1.605745 1.44753 1.325563 1.265972 1.192778 1.06384 1.052224 0.9451729 0.8975933 0.8027881 0.7422325 0.8814653 1.301692 1.219006 1.260586 1.656427 1.637953 1.284748 1.12822 0.8968124 0.7727128 0.7313751 0.9808018 1.032101 0.8107126 0.8166874 0.8241879 1.026493 1.128019 1.181067 1.233253 1.200323 1.403516 1.63616
0.110464 0.2321713 0.5501162 0.9675406 1.472981 1.866719 2.068721 2.302532 2.464487 2.55768 2.587549 2.56152 2.645982 2.525289 2.227579 2.039056 1.862378 1.428158 1.053072 0.8466976 0.8361245 0.7875558 0.8862153 0.9390808 1.011445 1.240454 1.398968 1.6091 1.615345 1.53933 1.469168 1.338005 1.229831 1.078014 1.04502 0.936828 0.8816633 0.7944282 0.7896698 0.8682074 1.28366 1.214686 1.265085 1.643951 1.628827 1.283572 1.128752 0.9579043 0.7725273 0.740746 0.980592 1.026941 0.8185902 0.7885242 0.8464684 0.7901396 0.8909398 1.181015 1.185809 1.174399 1.435984 1.641939
0.4072462 0.5358526 0.8199535 1.19128 1.581612 2.047678 2.372099 2.628277 2.664995 2.755147 2.772244 2.724053 2.774019 2.813739 2.434406 2.04278 1.836549 1.393059 1.028511 0.8304008 0.8154668 0.7468313 0.7762358 0.8953061 0.9774939 1.284871 1.409214 1.655436 1.714367 1.68862 1.617847 1.449783 1.275231 1.086323 0.9894312 0.9689986 0.7678116 0.8339984 0.7737646 0.7335512 0.8855336 1.206953 1.271042 1.621123 1.606095 1.282909 1.196324 0.9550374 0.7715021 0.906441 0.9817675 0.9738163 0.8235637 0.8270718 0.8637077 0.7914897 1.082363 1.177364 1.152893 1.299828 1.907794 1.654498
0.7435426 0.8695638 1.105223 1.421629 1.780837 2.242903 2.577182 2.846957 3.035637 3.13768 2.99645 2.920041 2.966283 2.888796 2.636241 2.21931 1.68887 1.244702 0.9998942 0.8114271 0.7900111 0.772016 0.6637123 0.8341119 0.9264879 1.247345 1.403997 1.700827 1.850267 1.935677 2.064356 1.625628 1.327424 1.115331 0.984825 0.9603956 0.7771069 0.8061207 0.747364 0.6654322 1.157857 1.195108 1.278783 1.572544 1.558301 1.610538 1.203954 1.008063 0.7067918 0.9926171 0.9568642 0.9749187 0.8112356 0.8790159 0.9852353 0.8581618 0.8449827 1.028965 1.135862 1.425295 1.975866 1.847027
0.95474 1.064085 1.266887 1.563683 1.931791 2.423529 2.795845 3.098727 3.305706 3.405847 3.403164 3.312544 3.117749 2.980558 2.677985 2.218467 1.660264 1.219589 0.9764121 0.7899823 0.7592943 0.7281851 0.6123808 0.639999 0.8541467 1.12953 1.432534 1.710935 2.242642 2.334455 2.524949 1.991379 1.403741 1.092427 0.992862 0.9488441 0.8382322 0.7471792 0.6995717 0.6530643 0.851423 1.174548 1.324132 1.490149 1.473872 1.551462 1.396652 0.9815834 0.9307843 0.986847 1.01671 0.9674736 0.8911948 0.7745952 0.8876202 0.8274184 0.6582757 0.9092477 1.146744 1.985662 2.168813 1.666357
0.9989408 1.067308 1.219953 1.554613 1.997538 2.480684 3.023898 3.388404 3.630654 3.731938 3.698665 3.552735 3.440731 3.123795 2.769766 2.373739 1.625677 1.189878 0.9531436 0.7656939 0.725345 0.6694832 0.4846001 0.5524244 0.757637 1.060084 1.321853 1.658052 2.228394 2.70832 2.947812 1.945515 1.508569 1.073984 0.9584318 0.872454 0.7603862 0.5880274 0.5942742 0.8151368 0.8002679 1.128124 1.307431 1.402052 1.019131 1.527222 1.453624 0.9628598 0.7945018 0.9292932 1.008458 0.9377945 0.7343102 0.1819961 0.9178527 0.8709283 0.563815 0.8016045 1.085881 1.977123 2.133427 1.636284
0.7971213 0.7785937 0.9718789 1.417087 2.023416 2.602164 3.262011 3.722597 4.026615 4.130934 4.043293 3.910722 3.614376 3.229813 2.808045 2.406431 1.585634 1.155835 0.9208009 0.8512211 0.6920447 0.6045983 0.4275511 0.3677945 0.7157357 0.9001226 1.212367 1.553815 2.07552 2.261631 2.180232 1.46063 1.299183 1.166922 0.8454953 0.7783566 0.6583642 0.4013895 0.2806569 0.9166804 0.8654876 1.040324 1.22075 1.704933 1.690409 1.697848 1.670505 1.026498 0.5559432 0.778768 0.8687933 1.321264 0.6396611 0.2414239 0.8601879 0.710965 0.413224 0.4553799 0.8707417 1.119219 1.632734 2.489165
0.4952284 0.3409643 0.5198953 1.11861 1.939212 2.757637 3.482213 4.094153 4.514543 4.631795 4.454923 4.134083 3.786958 3.328532 2.82584 2.369477 1.746351 1.124107 0.8694957 0.7529342 0.7321739 0.5988412 0.2197036 0.09081491 0.5805014 0.9478354 1.208082 1.772314 1.908752 1.839005 1.519322 1.168703 1.079202 0.9650788 1.074585 0.7584583 0.4733354 0.4881726 0.9060734 0.9774904 0.6439381 0.843262 1.319488 2.666314 2.597605 1.551531 2.039156 1.485215 0.7717295 1.472437 0.9973363 1.209663 1.201166 0.2943223 1.077512 0.1028034 1.47856 1.560695 1.745135 0.8731093 2.767865 0.6602557
0.2968917 0.03058826 0.1904241 0.9190773 1.907579 2.849483 3.678426 4.435151 5.081154 5.334732 4.690604 4.212554 3.927396 3.405655 2.784276 2.288743 1.716411 1.1381 0.8206013 0.4992947 0.5646378 0.7116173 0.5666367 0.4089987 0.7039488 1.01286 1.265182 1.641027 1.754446 1.70049 1.197268 1.06612 0.9868786 0.5526043 1.417574 0.8438331 0.6666515 0.4564047 1.864533 1.370101 0.9313837 1.008721 0.1697276 1.819498 1.747922 5.613762 0.104993 0.8529721 0.9320692 2.028771 0.6579427 1.325999 0.7919905 0.4753724 0.1828028 0.7912881 0.4613687 1.510762 0.628761 0.7033185 0.5328771 0.9904198
0.3868663 0.1541048 0.3352377 1.057488 2.01502 2.921691 3.745423 4.552871 5.387208 5.99524 4.55803 4.058158 3.981826 3.364453 2.633152 2.105838 1.70755 1.241844 0.9984871 0.5964732 0.869984 0.9079971 0.7634985 0.5210567 0.7478896 1.03338 1.198607 1.701246 1.916617 1.958186 1.096248 1.023247 1.016448 1.235482 1.097978 0.9903709 0.8588288 1.021938 1.456673 1.78323 1.413136 1.008794 1.962569 0.9013247 0.8341267 1.334784 0.8751141 0.6125079 2.549413 1.02117 0.557443 2.454588 1.399513 1.672546 0.7191035 0.9404655 0.9217363 0.9602859 1.28702 0.07874737 0.439735 0.4847056
0.7286953 0.644092 0.8685232 1.45278 2.194226 2.911111 3.603999 4.337136 5.040504 5.380284 5.03684 4.40949 4.00403 3.217184 2.275363 1.590192 1.513477 1.416225 1.358217 1.131234 1.19214 1.439707 1.011159 0.6845466 0.9192086 0.9659241 1.18752 3.01326 1.942919 4.165608 1.636004 0.5624708 0.7506235 3.069611 1.211226 0.6276269 0.9237534 0.9887917 1.17037 0.8476703 0.8845372 1.827113 1.795093 2.321603 2.276198 0.9082436 0.8984458 2.499165 0.2366333 0.9218317 0.9110069 1.686461 0.6604885 0.9211364 0.9256572 0.993084 0.4463263 1.13924 0.7873328 0.7308292 0.7561449 0.8799367
1.120102 1.161245 1.391263 1.806498 2.289177 2.740843 3.200124 3.824868 4.618311 5.54267 5.908977 4.860989 3.983327 3.079785 2.050529 1.102479 1.296479 1.672449 1.794733 1.680656 1.008044 2.943502 1.588547 1.121146 1.184474 0.9496027 1.344939 1.053802 1.610386 2.325147 1.340509 0.9113321 0.8526026 0.9474199 0.9633462 0.9463142 1 0.9300568 0.7994362 1.28932 0.8132575 1.007716 2.079696 1.270547 0.1684106 0.9285145 0.8885489 0.8807774 0.5447843 1.174695 1.058606 2.352723 0.8045719 0.5214852 1.574978 0.9430855 1.574082 0.08757129 0.3131881 1.019506 0.8016268 1.412145
1.412396 1.510533 1.708156 1.977473 2.231726 2.385678 2.473483 2.820927 3.751231 4.826176 5.164567 4.579734 3.824762 3.081705 2.390532 1.88651 1.995415 2.130508 2.362211 2.999521 2.449266 1.924968 1.528651 1.113112 2.624287 1.974553 2.315701 0.8835666 1.055231 1.304097 0.9376268 0.7475868 0.922806 0.5013128 0.5757834 0.9568068 1.254219 1.140617 0.8431798 0.9347739 0.9355289 1.525838 1.791736 3.182489 0.1877227 0.5548058 1.103001 1.132107 1.018311 1.760359 2.167181 0.9014234 0.6977707 4.564709 0.07493404 1.51136 0.7955304 0.6067805 0.741993 4.438358 0.9542361 1.616171
1.563863 1.675858 1.833681 1.998031 2.083026 1.972212 1.62754 1.483046 2.405452 3.613094 4.150454 4.020596 3.593183 3.156646 2.905 3.050103 3.309709 2.822491 2.721871 3.42213 3.02035 2.023619 1.709104 1.551461 1.872641 1.885377 1.647414 1.210394 1.188824 0.9004758 0.2852377 0.7742199 0.9313492 0.8979827 0.9912229 1.380674 2.265374 0.5324032 0.9032966 0.7142907 1.025924 1.195069 1.046006 0.9217322 0.243851 0.8335623 1.143178 1.387426 1.128892 0.609055 1.188756 1.006336 0.9505177 0.6345924 2.835741 1.726778 0.7035842 0.8287045 0.851595 0.9333314 0.1842571 1.816146
1.580996 1.694626 1.830848 1.945739 1.957535 1.754296 1.299062 1.028371 1.750201 2.819043 3.462301 3.569084 3.397933 3.205502 3.199516 3.576917 3.995023 3.310488 2.738713 2.705223 2.597609 2.025478 1.78968 1.652462 1.297711 1.117974 1.434243 1.301002 1.015882 0.9841306 0.772742 0.7189516 0.9459499 0.9959452 1.378903 2.272727 3.390105 1.510488 1.150083 0.9884819 1.039076 1.150167 1.14998 0.9020646 0.7406784 1.087586 3.861873 1.205495 0.9462163 0.5407618 2.466496 1.393034 1.155142 3.682391 0.9709542 0.7001006 1.026508 1.077336 2.5662 1.651314 2.211148 1.016825
1.472593 1.592191 1.737192 1.861895 1.899035 1.784266 1.552317 1.481384 1.914487 2.568224 3.011306 3.291316 3.258004 3.196939 3.241308 3.45123 3.529949 3.072433 2.63903 2.575641 2.383782 2.134192 1.956576 1.797961 1.421583 1.297682 1.374786 1.310845 1.170822 1.170134 0.9311195 0.8736353 0.9594161 1.071161 1.479767 1.966393 2.13369 1.653696 1.306857 0.9249575 1.065808 1.014461 0.9875162 0.6303773 1.086127 1.56468 1.937776 1.46151 0.4496554 0.9831474 2.106701 3.943301 1.791396 1.455599 0.1230722 0.7614413 2.207777 2.34762 1.026952 1.922946 2.114508 1.551947
1.237585 1.369958 1.554237 1.73655 1.855956 1.894222 1.861503 1.920333 2.17995 2.543084 2.83539 3.136016 3.156609 3.146852 3.171598 3.088911 3.109756 2.712488 2.63422 2.457083 2.293228 2.110078 1.968349 1.859179 1.521774 1.375684 1.322001 1.310831 1.212276 0.9576222 0.7277806 0.9263445 1.002441 1.290604 1.475068 1.706872 1.75509 1.606396 1.367334 1.051422 1.06639 1.008457 0.9314765 0.9754038 0.9939256 0.6689772 1.035033 1.020312 0.8714588 1.260685 2.037594 2.614065 2.058433 1.40341 0.6893129 0.9809163 2.196052 1.81434 1.463905 1.553015 2.294865 1.881771
0.8827298 1.027726 1.274345 1.546319 1.787818 1.929002 2.02323 2.140629 2.325565 2.548512 2.87426 3.038701 3.080498 3.083923 3.088142 2.899681 2.761264 2.459998 2.50326 2.373278 2.241833 2.269909 1.980167 1.907897 1.721159 1.340164 1.364325 1.312383 1.237481 0.9906462 0.7412983 0.9153963 1.201569 1.262812 1.440593 1.581215 1.653684 1.53559 1.389564 1.075589 1.044986 0.9910331 0.6868261 1.016418 0.8292209 0.2906611 0.6590858 1.022211 1.22934 1.386146 1.839353 2.240174 2.044021 1.617939 0.9261979 1.311188 2.132698 1.59984 1.364369 1.981906 2.230821 1.87145
0.4663826 0.6145247 0.9423614 1.319285 1.646599 1.885123 2.059164 2.211926 2.371673 2.663292 2.822851 2.963974 3.022591 3.025493 3.064053 2.775056 2.603015 2.483251 2.403441 2.308619 2.206282 2.273347 2.181845 1.879815 1.817648 1.328131 1.357546 1.313102 1.254588 1.011351 0.9440665 0.9394698 1.240719 1.26637 1.410095 1.513376 1.571285 1.493996 1.398988 1.090582 1.038398 0.9645399 0.6341493 1.027906 0.9273144 0.8351011 0.8842363 0.960925 1.033585 1.40049 1.597781 1.974146 2.070563 1.468639 0.9921684 1.188081 1.882237 1.581285 1.470064 2.372606 2.217118 1.933901
0.1275665 0.2694706 0.6345427 1.086686 1.491298 1.79963 2.026795 2.322571 2.490464 2.64324 2.775723 2.903172 2.960622 2.977096 3.007972 2.732116 2.543967 2.38592 2.330447 2.259463 2.358218 2.277581 2.206318 1.893746 1.843248 1.315986 1.351838 1.313904 1.267028 1.025251 0.9699261 1.016614 1.197686 1.330663 1.449148 1.535231 1.523412 1.46929 1.403812 1.037041 1.039897 0.7223797 0.7301607 1.065123 1.031206 1.044912 1.013942 0.9857677 1.06281 1.39088 1.470558 1.810056 1.838005 1.350978 1.458508 1.287516 1.570369 1.576856 1.49896 2.108747 2.220714 1.940889
2.690469e-031 0.1293485 0.4891153 0.9502921 1.378396 1.816975 2.087584 2.296303 2.466321 2.609566 2.771454 2.849571 2.903471 2.984394 2.962649 2.6663 2.63688 2.317674 2.275461 2.22047 2.344223 2.28095 2.223511 2.097503 1.860042 1.560968 1.346244 1.314517 1.276429 1.035028 0.9882238 1.224696 1.206433 1.325506 1.431188 1.505753 1.422021 1.454295 1.407043 1.028384 1.040282 0.7609973 0.9201394 1.162679 1.089626 1.133137 1.017894 1.394085 1.085186 1.383272 1.419127 1.756582 1.816351 1.361371 1.653719 1.302016 1.562021 1.567697 1.963066 2.066243 2.229149 1.804334
