rasters-bowlers/jamesfaulkner.asc
ncols         108
nrows         21
xllcorner     -3.075
yllcorner     -1.575
cellsize      0.15
NODATA_value  -9999
1.150642e-007 0.1677486 0.6295362 1.206635 1.727315 2.125423 2.404775 2.589023 2.700257 2.845564 2.850221 2.826765 2.888399 2.711429 2.636388 2.573807 2.555784 2.485883 2.155351 2.026964 1.877627 2.00349 1.819227 1.898361 1.833274 1.621421 1.605814 1.286144 1.26241 1.137612 1.105166 1.065476 0.8918097 0.9017384 0.9870405 1.434674 1.525512 1.678524 1.744626 1.793076 1.941091 2.105011 2.187261 2.26848 2.167716 2.394004 2.077885 1.825081 1.749108 1.139236 0.9945666 0.8149644 0.9003258 0.719189 0.7922043 0.9822875 0.9133393 0.9477637 0.7426506 1.115503 1.072735 1.053784 1.401157 1.45581 1.296311 1.166575 1.092134 1.124481 0.9928939 1.093905 1.212387 1.303795 1.330172 1.482868 1.333235 1.112778 1.484671 1.20157 1.196323 1.484197 1.45779 1.012526 1.063381 1.007163 0.9565209 0.8406422 1.171209 1.326529 1.339693 1.414424 1.159369 1.931622 2.066006 2.33318 1.840214 1.934584 1.816274 1.505868 1.376442 0.6620617 0.3389299 0.615696 0.5307785 0.851187 0.7063578 0.4203869 0.08815587 0.02152264 
0.1812945 0.3820738 0.82134 1.394931 1.903844 2.289187 2.558157 2.73321 2.832746 2.957054 2.935776 2.981325 2.889618 2.701392 2.626736 2.549937 2.532458 2.47236 2.167929 2.047642 1.90499 2.014918 1.90953 1.833092 1.734708 1.706038 1.565259 1.462497 1.285092 1.161217 1.115137 1.06063 0.9447477 0.8182094 0.8878863 1.351653 1.451821 1.428913 1.599379 1.65442 1.825632 2.155217 2.357055 2.639694 2.464877 2.414814 2.349334 1.776054 1.497162 1.352546 1.033112 0.7716536 0.8358259 0.7828006 0.7652858 0.9632114 0.917053 0.9030811 1.026795 1.107306 1.114808 1.261892 1.272051 1.460225 1.331134 1.161971 1.139226 1.148201 0.926258 1.218185 1.19354 1.297877 1.337348 1.3389 1.333163 1.185828 1.188369 1.210676 1.201366 1.481195 1.240211 1.015456 1.057281 1.001427 0.9634144 0.9762614 1.17322 1.327656 1.342739 1.412453 1.230096 1.907429 2.048876 2.329203 1.872485 1.91114 1.857965 1.592039 1.347619 0.6453697 0.3507046 0.6379135 0.5671911 0.92839 0.8365313 0.6072696 0.3107727 0.2366936 
0.6696907 0.8802992 1.323406 1.710459 2.150426 2.493351 2.741399 2.906784 2.996114 3.013073 3.038036 3.010004 2.885827 2.679366 2.594917 2.521201 2.499459 2.130023 2.184277 2.277837 2.063843 2.049587 1.904468 1.734982 1.546275 1.54293 1.51906 1.4777 1.329326 1.195656 1.126721 1.053508 0.9204268 0.7839959 0.8817389 0.9944019 1.315911 1.200981 1.277791 1.221868 1.492742 2.284738 2.86459 2.871161 2.597274 2.413895 2.341799 1.839007 1.46965 1.133426 0.9017544 0.7950984 0.7050197 0.696085 1.221642 1.27322 1.069981 0.9185951 1.020579 1.046452 1.101868 1.220426 1.25225 1.456067 1.533224 1.261299 1.275715 1.174332 0.9184799 1.185488 0.9884863 1.288879 1.347102 1.345066 1.332565 1.182847 1.1978 1.151116 1.283744 1.474462 1.171511 1.019689 1.048095 0.9917825 0.8642483 0.9930238 1.177756 1.330467 1.345718 1.617 1.236204 1.529867 2.019407 2.32089 1.91897 2.04722 1.916049 1.603677 0.966127 0.6197478 0.3581126 0.6571924 0.6103012 1.019212 1.018435 0.9281936 0.7895626 0.7382508 
1.265128 1.469153 1.818039 2.217035 2.412078 2.707576 2.940721 3.1106 3.203743 3.200714 3.225642 3.045139 2.869673 2.636699 2.541216 2.733083 2.454135 2.129178 2.20294 2.767292 2.423807 2.341228 1.954243 1.619422 1.212403 1.272465 1.448638 1.552884 1.533351 1.237315 1.133035 0.9876532 0.8929628 0.7685913 0.7561413 0.8774161 0.9934068 1.25204 1.16133 0.5113363 0.6383952 2.764098 3.825893 3.173232 2.856936 2.400062 2.121347 1.462117 1.410523 1.163885 0.817659 0.7705895 0.4599639 0.5581459 1.21198 1.073726 1.064177 1.103363 1.012866 1.032414 1.042115 1.042844 1.263309 1.419391 1.500671 1.470483 1.444527 1.18646 0.8212018 1.492441 0.9894297 1.215353 1.425787 1.35874 1.064807 1.107046 1.282097 1.31258 1.284923 1.463186 1.051717 1.084816 1.033421 0.9762549 1.02642 1.017057 1.190168 1.335323 1.344428 1.606137 1.249084 1.504403 1.968834 2.301517 1.990722 2.03257 1.941333 1.678759 0.9225312 0.5816181 0.3700592 0.6612025 0.7190032 1.10113 1.188724 1.228088 1.232523 1.263283 
1.787337 1.970897 2.236763 2.534358 2.820633 2.900957 3.139768 3.348528 3.487036 3.635223 3.371804 3.082217 2.82369 2.556802 2.457723 2.404305 2.679069 2.453053 2.219279 2.81606 2.815305 2.488428 2.32586 1.886067 1.255529 1.324278 1.522206 1.794917 1.6911 1.242453 1.116961 0.984412 0.8848295 0.6008934 0.4476484 0.5383275 1.025176 1.054506 1.174978 1.058278 1.457181 2.972941 4.504466 3.163911 3.405972 2.063801 1.768598 1.195705 1.343346 1.229688 1.054803 0.7838165 0.03129042 0.6565502 1.198025 1.101123 1.031008 1.090156 0.9657086 1.000935 1.033165 1.033631 1.196909 1.317689 1.09413 2.201867 1.780371 1.237745 0.7484263 1.220591 0.9686691 1.24571 1.437647 1.383387 1.243258 1.08228 1.311519 1.342255 1.142554 1.310444 1.021383 1.024886 1.007444 0.8265924 1.00937 1.048259 1.720013 1.334823 1.326 1.582905 1.27471 1.84778 1.881687 2.248367 2.271228 2.545285 2.088876 1.664047 0.8430509 0.4076292 0.3972801 0.6721173 0.7557518 1.217178 1.327232 1.478779 1.64644 1.687172 
2.172303 2.329485 2.533599 2.760258 2.991348 3.224158 3.312279 3.613768 4.031766 4.040913 3.68971 3.095998 2.707415 2.408091 2.330781 2.310169 2.381948 2.42489 2.580293 2.855994 2.912673 2.741985 2.66822 2.439355 2.089091 1.791818 1.683418 1.718769 1.442607 1.224084 1.067321 0.9910794 0.8467155 0.6920106 0.09946839 0.4309531 1.060888 1.187228 1.334891 1.417445 1.902692 2.161917 1.992637 2.336568 1.014546 1.022527 1.86198 1.651585 1.78407 1.610369 1.6802 1.357906 1.039534 1.135217 1.206916 1.213583 1.026176 1.083063 0.9393011 1.106715 1.061204 1.00117 1.014681 1.414027 1.401133 1.926842 1.156734 0.8849904 1.008276 1.175944 0.8226652 1.314983 1.610468 1.452742 1.039601 1.020927 1.591038 1.384624 1.183388 1.236207 1.08479 0.9566338 0.7547066 0.8388726 1.001862 1.354952 1.79375 1.202998 1.370564 1.687865 1.65664 1.772596 1.95106 2.065545 2.447639 2.924294 2.213744 1.582845 0.5693397 0.3553925 0.4530148 0.7011211 0.8264865 1.269654 1.458472 1.74123 2.075644 2.158012 
2.429323 2.559168 2.717454 2.894154 3.08516 3.29822 3.631338 3.960917 4.560898 4.960975 3.888524 3.001891 2.434175 2.193745 2.149902 2.201945 2.324762 2.296845 2.615589 2.845692 2.9794 3.184916 3.075626 3.023228 2.748674 2.02992 1.640012 1.11942 0.4837718 1.051555 0.9556551 0.888537 0.9507945 1.076721 0.866099 1.023194 1.246145 1.305308 1.432559 1.09148 1.855479 2.094535 2.177979 1.491171 1.840215 1.968371 1.934193 2.035192 1.924511 1.908804 1.415045 1.136081 1.353835 0.09846012 1.277591 1.274551 0.6456382 1.183205 1.024233 1.147779 1.132211 0.9455377 1.18154 1.490208 1.571911 0.7955762 1.21576 0.1259711 1.801978 1.082576 0.2277698 2.370208 0.7814831 3.890399 1.774373 0.794179 1.701653 1.353326 0.9964566 1.075772 1.363274 0.8184631 0.685448 0.9406757 0.9689777 1.546221 2.639204 0.792735 1.068871 1.881806 1.815477 1.566198 1.497638 1.086471 2.728284 3.913104 2.475688 1.280603 0.3408732 0.2668792 0.8339406 0.7168587 1.043119 1.414711 1.41798 1.788956 2.919837 2.863032 
2.531077 2.690677 2.811277 2.947465 3.102247 3.286637 3.563931 3.883116 4.568923 5.533188 3.228678 2.763412 1.845084 1.684694 1.911703 1.89176 2.03785 2.213201 2.40597 2.758251 2.924063 3.242106 3.675644 3.800286 3.474753 2.40886 1.502788 1.59423 1.604551 1.00802 0.7809021 0.9663543 1.021213 1.674104 1.362013 1.258222 1.241054 1.389461 1.48789 1.80908 1.616611 2.63933 1.762914 0.1062692 3.922357 1.802629 2.263267 3.506102 0.3143846 2.89133 1.800255 0.02333997 2.74521 2.7122 2.15384 1.479622 0.6700477 1.352978 0.7013882 1.420765 1.499119 0.6723959 0.8115043 1.601651 2.108233 0.6446897 0.5785508 3.142477 1.426977 1.674665 0.01972815 1.792989 1.266132 0.7771633 0.2997792 1.000668 5.852126 0.3679479 0.9949278 0.9343361 1.989692 0.3427445 0.9315386 0.983488 0.7667874 1.680151 0.2359378 1.331746 1.716057 2.455528 1.61995 1.512991 1.3606 1.609069 1.942883 3.456483 2.255764 0.9587074 0.09080318 0.2237643 0.03718439 0.6393902 1.654477 1.845948 1.159716 0.2981028 5.582523 3.611828 
2.598268 2.696073 2.835679 2.931913 3.046949 3.250216 3.400608 3.584271 3.672101 2.896625 2.675601 2.73417 1.426036 1.332619 1.653165 1.843582 2.070164 2.257449 2.380662 2.491785 2.70652 2.901413 3.937206 5.287213 3.141319 2.446893 1.723411 2.179214 1.508179 0.04104029 0.9800578 0.8344364 0.9400185 1.051066 1.046177 1.035365 1.317009 2.523964 1.094616 1.042061 2.146868 1.565492 1.33735 0.9774266 0.7821003 1.072004 2.536045 2.207011 3.846438 4.355125 2.026058 1.134007 2.355397 3.130396 1.805776 0.6778487 1.803504 1.688984 0.840176 1.86515 2.712163 0.6004151 1.612396 1.902603 1.866075 0.7709513 0.2558451 1.136805 1.19422 0.9312095 0.7444413 2.55506 0.3052827 0.8404328 0.8278143 0.6340369 2.126404 2.01977 1.877666 1.292839 0.4042107 0.1602714 1.478862 2.413403 1.267772 5.460198 4.309076 0.9898719 1.721559 1.674527 2.260076 2.651268 2.381703 1.399034 1.238172 1.400764 1.536167 1.009133 0.6412106 0.2827256 0.2020155 0.4994179 1.52053 1.860803 1.245555 1.192592 3.076693 2.888854 
2.661602 2.68382 2.758134 2.813344 2.909987 2.985444 3.186737 3.351637 3.440482 3.405783 3.645471 3.354577 2.242107 1.435954 1.589085 1.751025 2.10067 2.251826 2.38625 2.232897 2.509048 2.367866 1.738369 2.67833 2.395527 3.774244 3.65671 3.948902 1.793082 0.68339 0.6182877 0.704483 0.6724859 0.8745828 0.8261022 0.9181274 0.8918279 1.870836 1.341196 1.193585 1.14468 0.5740814 1.299229 0.7652706 1.66498 0.9190083 1.916319 1.304594 3.458892 0.7071466 0.04179615 3.455415 1.24517 2.00437 0.5120235 2.291894 2.134498 1.665785 1.06686 3.016639 1.641869 1.102615 1.097333 1.388582 0.2313363 0.620963 0.736981 2.301251 1.37007 0.7455673 1.913563 0.2922064 0.3725537 1.048079 1.214361 0.6386574 1.940882 1.477666 0.6367566 0.2232193 0.3746723 1.004754 1.328773 1.364803 1.030185 1.95975 0.4130385 1.391059 2.083649 1.406457 1.107336 0.6567617 1.518663 0.6979138 0.7481111 1.431661 1.572972 0.8745001 0.1607286 0.3340826 0.3858862 0.7288448 0.9885958 1.295079 1.059568 0.1999441 0.8899328 1.801227 
2.626114 2.676674 2.714945 2.754142 2.676456 2.672225 2.790645 3.091939 3.452187 3.694837 3.793322 3.939721 2.832307 1.745851 1.737789 1.768261 2.099391 2.141528 2.771278 1.202294 3.012969 2.352988 1.755853 2.431166 2.295655 1.990491 0.7977305 1.791272 0.9556363 0.4635701 0.6975267 0.8019444 0.8725307 0.9285195 0.9244545 0.7582455 0.05711749 1.764194 2.490333 1.717903 1.121148 0.8168647 0.4692977 0.7302306 0.4037443 1.023537 0.8552087 1.261514 1.922147 0.5743968 3.358694 0.6933786 2.42325 1.526798 2.291129 1.962004 2.334528 1.037657 0.715933 1.764795 0.248169 1.008978 0.1491245 0.9112974 0.4081319 0.9262735 3.742929 0.9980339 2.542995 2.987775 0.8957739 0.542867 1.983462 0.05870269 1.338062 2.595687 1.911315 2.841501 0.9652966 0.804452 0.4441498 0.9878299 1.017544 1.553713 2.360333 1.800701 3.42168 1.584532 1.505188 1.603973 0.9755046 0.9281914 0.8050536 0.9759523 1.02486 1.076347 1.171162 1.052909 0.6711876 0.3881623 0.3794756 0.6874986 0.8277397 1.098533 1.047934 0.8685641 1.047945 1.419812 
2.561526 2.591035 2.583956 2.515947 2.401587 2.18373 2.071697 2.593804 3.538533 4.838606 2.807752 5.610021 2.698639 1.9828 1.556865 1.715944 2.130132 2.65605 3.0372 2.71854 5.329061 1.757081 3.041628 2.180335 2.486805 1.296722 1.056801 1.140178 0.4889215 0.3160681 0.702516 0.8269938 0.3073176 0.9748499 1.26231 1.262599 1.361796 1.078448 3.018607 1.966272 1.126298 0.8421569 0.2505406 0.979021 0.4960836 0.920029 1.567037 2.094031 1.291793 1.353876 1.685528 0.4830527 0.5007218 0.4582171 3.987128 0.4384314 4.55637 1.457265 1.013136 0.6218588 2.588392 3.411786 2.150145 1.383403 0.7127687 2.503839 1.882374 1.654853 0.8273146 0.99242 1.745219 1.938768 1.606804 0.9972942 1.995839 1.370941 1.485953 1.200693 1.719664 0.9600922 0.6693337 1.049161 1.028277 2.293137 5.36088 2.281439 1.604821 1.668162 1.706911 1.672548 1.385778 1.081463 0.9930441 1.051998 1.348855 1.504621 1.507298 1.147817 0.7843766 0.4550009 0.4109736 0.6702459 0.7554009 1.041597 1.077197 1.090909 1.18014 1.329421 
2.474954 2.485969 2.447137 2.333982 2.076507 1.556143 0.7275428 1.25744 3.189192 3.785453 3.189176 2.417933 1.740101 1.29663 0.6767638 1.159686 1.688668 2.183276 3.174703 2.661579 2.243657 1.460509 2.006471 1.984921 2.122763 1.46107 0.5906952 0.5031526 0.6736109 1.53851 2.294724 1.058929 0.7931951 0.9231931 2.228711 1.970098 1.387263 2.118882 3.109583 1.81711 1.823381 0.9290053 0.4579307 0.6149558 0.7955936 1.022912 1.37968 1.581835 1.233755 3.554634 2.341299 2.111385 1.794145 1.429326 1.041419 1.437176 4.575304 1.429203 1.119527 1.59398 2.109205 1.165475 1.022001 0.3602979 0.8382193 1.544791 1.684602 3.311339 1.681456 1.005723 1.497832 2.876293 2.624625 1.886555 1.227853 1.159372 0.7946442 1.001683 1.555952 1.599279 1.232107 0.8605847 0.7532241 1.919885 2.07506 2.051915 1.697789 1.334986 1.527637 1.600959 1.718753 1.427677 1.373923 1.311709 1.812259 2.225854 1.799891 1.47396 1.00854 0.3387827 0.3583155 0.6729962 0.6842589 1.007529 1.07509 1.132028 1.202527 1.275259 
2.358441 2.366754 2.338003 2.229468 1.962097 1.383214 0.4435097 0.8655937 2.928788 4.306215 5.810637 3.165357 0.9444757 0.3714785 0.1879232 0.9955509 1.298613 1.309631 3.050184 2.69164 2.213047 2.024782 2.083369 1.640357 0.3323784 0.6649466 0.2566832 0.3862393 0.7871941 1.3796 1.053603 0.9072393 0.7753162 0.2404874 0.4421895 1.124683 1.078414 1.783013 2.422731 2.46467 1.962735 0.6554126 1.065977 1.171522 1.403126 1.265074 3.201144 1.063038 2.074935 0.9914253 1.908377 2.796738 3.662356 0.2263312 0.427248 1.055103 0.7033111 1.680441 0.9781706 2.894391 1.035926 2.714045 1.01335 1.639745 1.171233 1.159999 1.684732 1.661608 0.133705 0.5505779 1.003489 3.041348 2.533827 0.8789304 1.123965 0.5421649 1.081921 0.7725996 0.5865528 0.6803733 1.098015 0.9776775 0.6819792 1.28443 1.211068 1.132062 1.026709 1.157872 1.206003 1.631934 3.08644 1.981061 1.64016 1.008331 2.707058 3.293129 2.460502 1.538985 0.7724784 0.5650789 0.5471682 0.5895942 0.6175743 0.9664558 1.046287 1.10374 1.151849 1.197777 
2.201925 2.235718 2.246101 2.197518 2.047497 1.770684 1.532653 1.955572 2.959658 4.03549 4.520041 3.154138 1.717106 1.295396 1.574468 1.802746 1.583687 1.250673 1.746535 2.20398 2.632571 1.417021 1.831969 2.333287 1.443192 0.9724373 0.703346 0.4994203 0.7724474 0.7983493 0.6786456 0.8974802 0.5516708 0.34121 0.4520734 0.5155449 0.8815738 1.215285 3.262693 2.200065 0.6319043 0.7104833 1.041141 1.214095 0.2381063 3.942543 2.346848 1.047187 1.369245 1.193788 1.886073 2.182836 3.65354 1.513398 0.8775885 1.01496 1.5834 1.568362 1.338061 3.628377 2.629272 1.8972 1.484873 0.999623 0.5810447 1.009941 1.034918 1.138684 0.9988908 0.4308847 0.9964123 1.388291 1.110353 1.100955 1.21103 3.031497 1.267123 0.2647469 0.6150579 0.5212092 0.9554855 1.510645 2.361253 1.35776 0.1578878 0.4762596 0.1619751 0.547417 1.227955 1.093338 2.312673 1.276097 1.758687 2.421439 5.150423 4.981134 3.028911 1.487529 0.1361177 0.2350867 0.5922288 0.7869159 0.5635862 0.5523273 0.985851 1.032048 1.067822 1.09839 
1.991186 2.063161 2.135205 2.174386 2.163774 2.130218 2.02101 2.404281 2.947825 3.38644 3.446172 2.964529 2.298865 2.120728 2.601815 2.84906 2.030189 1.774375 1.725812 1.810341 1.403539 1.236499 1.91049 3.59611 2.59197 1.287006 0.2582168 0.3928864 0.8580849 0.9197757 0.8572791 0.7431636 0.1307008 0.240796 0.3043512 0.07292843 0.5302508 0.2361132 1.48255 2.16905 3.058882 1.253225 1.360323 1.232558 1.384248 3.581805 2.654324 1.781143 1.381841 1.542169 1.383284 1.806234 2.45095 1.857507 1.247554 1.191202 1.419094 1.605829 1.794465 3.458732 2.002243 1.686412 1.015064 1.195979 1.098415 0.9058586 0.9771512 0.3866362 0.2660019 0.3879835 1.033794 1.672826 1.646134 1.177326 1.503275 1.836791 1.355311 0.6486471 0.6082577 0.729412 1.08887 1.624388 1.894409 1.23772 0.8771409 0.7163061 0.6475059 0.6591581 1.166974 1.470163 1.738923 1.387278 1.983172 3.242807 4.014377 4.096257 3.14635 1.767808 0.6448997 0.593558 0.7521796 0.8439331 0.826543 0.5025277 0.9062859 0.9352885 0.9532834 0.9703518 
1.689253 1.808261 1.961715 2.098466 2.194728 2.084514 2.236357 2.565241 2.797624 2.994114 3.019556 2.736932 2.560457 2.464711 2.604046 2.616684 2.145555 1.911714 1.759012 1.607536 1.403196 1.477423 1.683905 2.224792 2.021302 1.93892 1.011139 0.7878426 0.9067383 0.9598488 0.8828518 0.735209 0.4260805 0.399466 0.4912572 0.7503833 1.460615 1.116135 1.068153 1.655999 2.1714 1.194156 0.2778083 0.9049007 1.381338 2.147384 2.193383 1.992921 1.774481 1.902344 1.806294 1.88756 2.279773 1.886744 1.64557 0.8226625 1.437127 1.687017 1.663813 2.169723 2.065197 1.74278 1.271883 1.177863 1.019025 0.9627317 0.8393053 0.5549219 0.597696 0.8644522 1.588231 3.936366 1.671756 1.101472 1.412455 1.505154 1.305774 0.9311368 0.857197 0.845122 1.147398 1.3012 1.135306 1.092593 1.09247 0.9882804 0.8626314 1.021645 1.262524 1.621014 1.775684 1.926111 2.378734 3.267036 3.786454 3.530049 2.911327 2.108255 1.369882 1.116996 0.9649889 0.9584026 1.036581 0.8154137 0.8102729 0.8071859 0.796993 0.7992381 
1.261052 1.431705 1.695293 1.88834 2.112786 2.239178 2.329856 2.438489 2.593224 2.751559 2.710241 2.693353 2.49185 2.646649 2.941776 2.863476 2.369415 1.949354 1.797362 1.666501 1.389727 1.042824 1.341893 1.623821 1.662054 1.549437 1.236566 0.9646002 0.9159771 0.9588537 0.9889801 0.7511403 0.5987923 0.6091263 0.8069701 1.025561 1.625428 1.318435 1.291315 1.357209 0.8621837 0.08799351 0.5645205 1.001415 1.301319 1.826147 1.910548 2.031262 1.904616 1.991134 1.951189 1.938127 2.185748 1.943449 1.495392 1.037626 1.468195 1.726287 1.909803 2.164792 2.046754 1.762926 1.438874 1.220705 1.08867 0.963973 0.955019 0.8713408 0.7966516 1.076111 1.607067 2.156342 1.729324 1.577655 1.616152 1.40946 1.334158 1.101604 0.9925152 0.8567753 1.030201 1.072894 1.11587 1.086814 1.141153 1.040279 1.019682 1.146326 1.344669 1.649619 1.869891 2.124831 2.451635 2.917793 3.183769 3.09357 2.722713 2.256646 1.733095 1.390257 1.209138 1.064078 1.072678 0.965178 0.9459938 0.6390666 0.5863456 0.5732653 
0.7183936 0.9000113 1.302367 1.735333 2.020772 2.16135 2.182032 2.126698 2.247237 2.459357 2.588922 2.666342 2.596658 2.917097 3.581245 3.824891 2.557094 1.887049 1.795999 1.653131 1.402157 1.175339 1.212979 1.176414 1.332094 1.304819 1.198197 1.061922 0.9770157 0.9615245 0.9268336 0.7451177 0.6745828 0.7058938 0.8487074 1.010104 1.216895 1.315158 1.296273 1.272807 0.936929 0.7015321 0.6866588 1.182881 1.407881 1.529757 1.905724 1.936258 1.947092 2.022481 1.982613 1.948685 2.175506 1.946461 1.532452 1.395637 1.43163 1.685093 1.970756 2.165764 2.082947 1.846799 1.321425 1.139948 1.113041 0.9633175 0.9211304 0.9125413 0.9028259 1.104929 1.455295 1.612646 1.780705 1.763027 1.787719 1.71096 1.410165 1.256393 1.045433 0.9020367 1.010201 1.000468 1.068584 1.070169 1.012301 1.105405 1.099604 1.300094 1.396945 1.658546 1.893739 2.146972 2.395966 2.652171 2.728326 2.760504 2.511277 2.2745 1.90951 1.547596 1.373673 1.130212 1.130766 0.9162069 0.967467 0.7190977 0.3345748 0.3101833 
0.2021679 0.4308477 0.9856525 1.548419 1.928154 2.09302 2.040278 2.004663 2.11484 2.337986 2.507913 2.628242 2.597759 2.74911 3.27177 3.168798 1.825841 1.334427 1.593549 1.573884 1.569114 1.324511 1.141927 1.012298 1.19173 1.184003 1.154395 1.075871 1.000194 0.9924647 0.8267481 0.7190471 0.7006762 0.7675799 0.8313914 0.996554 1.16009 1.282978 1.258528 1.252366 1.068481 0.9575269 1.005212 1.150626 1.538707 1.469739 1.828074 1.883757 1.955517 2.169786 2.001973 1.946643 1.878532 1.695504 1.703578 1.083226 1.436729 1.677258 1.97014 2.014613 2.086164 1.650791 1.332663 1.086053 0.9960918 0.9645877 0.9322746 0.9662872 0.9990272 1.201305 1.346658 1.45416 1.760767 1.841379 1.982729 1.880604 1.687134 1.343397 1.196603 0.9579172 1.006284 0.9510618 0.9333279 1.005063 1.004531 1.145377 1.145364 1.363155 1.438543 1.690517 1.870352 2.06467 2.246252 2.476737 2.54064 2.469838 2.366322 2.149358 1.939261 1.602086 1.423832 1.205094 0.9710877 0.8935603 0.5987387 0.45228 0.1908949 0.08974703 
4.560069e-031 0.2234469 0.807081 1.429612 1.860018 1.981048 2.049084 2.036925 2.04021 2.131302 2.46184 2.372578 2.512075 2.481633 2.620356 2.129608 1.326957 1.084521 1.469925 1.568113 1.636766 1.384164 1.259998 1.159457 1.220366 1.281407 1.125889 1.122723 1.058859 0.8309638 0.8587533 0.7029636 0.7045887 0.8164348 0.7995163 0.9666309 1.145232 1.226226 1.234144 1.255595 1.236939 0.9637118 1.1029 1.214153 1.576792 1.443542 1.596426 1.535718 1.961588 2.225683 2.015312 1.999704 1.871145 1.627645 2.016946 1.300505 1.499178 1.727274 1.968287 2.008153 1.755373 1.652891 1.338252 1.283847 0.9955029 1.033465 0.9492783 0.9975699 1.141507 1.251107 1.300225 1.395707 1.753804 1.845443 1.934127 1.869696 1.72213 1.439222 1.314627 1.261731 1.016493 1.037203 0.9357315 0.8831916 0.9953026 1.171241 1.173638 1.360787 1.470632 1.711472 1.86957 1.985508 2.165206 2.357324 2.383817 2.31128 2.249032 2.121932 1.918448 1.797602 1.432126 1.205098 0.9570042 0.844821 0.5279624 0.3257028 0.05692269 0.013415 
