rasters-bowlers/jaspritbumrah.asc
ncols         108
nrows         21
xllcorner     -3.075
yllcorner     -1.575
cellsize      0.15
NODATA_value  -9999
[rows 0 to 20 of 21, columns 0 to 61 of 108]
1.741614e-007 0.2466128 0.7494892 1.133591 1.305731 1.409533 1.452821 1.644379 1.783726 1.524692 1.622387 1.582794 1.911604 2.061796 2.567197 2.632092 2.662024 3.331142 3.107765 3.115856 3.062973 2.95846 2.788919 2.569118 2.260423 2.139816 1.823748 1.789589 1.391755 1.390432 1.116157 1.122684 1.048972 1.017792 1.104948 1.12154 0.922785 0.8716216 0.7908026 0.7995483 0.7661445 0.9017256 0.9378865 0.9709466 1.114072 1.201079 1.153942 1.164918 1.232897 0.8693409 1.002601 1.35155 1.286974 1.272941 1.613716 1.53414 1.734711 2.005913 1.510508 1.317849 1.342876 1.301596
0.2822272 0.5244967 0.9752088 1.294872 1.412872 1.476257 1.48809 1.596576 1.766475 1.842037 1.898955 1.586305 1.906891 2.06643 2.369953 2.642907 2.684157 3.333412 3.121635 3.120852 3.06335 2.969825 2.847617 2.550068 2.191955 2.026495 1.736456 1.714034 1.362709 1.217664 1.193622 1.149179 1.143259 1.041296 1.117343 1.17978 0.9619903 0.835689 0.7540843 0.7628623 0.7432795 0.8841107 0.9339299 0.976426 1.11861 1.207683 1.162285 1.235654 1.228964 0.8695553 1.002103 1.349423 1.289451 1.274797 1.943387 1.53444 1.449331 1.97553 1.482321 1.29451 1.3251 1.293277
0.8851662 1.045671 1.286276 1.508525 1.541252 1.545132 1.514692 1.643508 1.712696 1.797219 1.87521 1.592297 1.899796 2.009117 2.386889 2.449584 2.712179 3.336189 3.394555 3.119834 3.055756 2.999522 2.892205 2.540897 2.04542 1.803858 1.604718 1.616179 1.324448 1.231755 1.225901 1.188196 1.120711 1.071743 1.133999 1.171529 0.9399715 0.560359 0.6963205 0.7009876 0.70593 0.8623528 0.9807095 1.089375 1.127203 1.217686 1.234818 1.233521 1.223539 0.8701465 1.319187 1.282695 1.293088 1.547732 1.939422 1.53848 1.446152 1.937594 1.443961 1.260519 1.298516 1.280884
1.272796 1.413158 1.571005 1.630858 1.721243 1.599937 1.706575 1.581255 1.662634 1.728375 1.842458 1.603256 2.021008 2.023318 2.455096 2.474741 2.75122 3.06385 3.387848 3.104167 3.003196 3.024909 3.058616 2.569937 1.744176 1.351827 1.434259 1.313998 1.165464 1.216185 1.279647 1.198253 1.168141 1.223772 1.15199 1.039551 0.9199902 0.6319481 0.5993291 0.5832698 0.6414444 0.8788791 0.9856981 1.100538 1.141504 1.231444 1.234134 1.228313 1.151129 1.056415 1.250396 1.279366 1.3523 1.553544 1.938823 1.546986 1.446559 1.889448 1.389979 1.49449 1.195997 1.321605
1.34315 1.46407 1.766809 1.855669 1.841247 1.684968 1.587281 1.457463 1.213672 1.613007 1.798211 1.848086 2.101073 2.168463 2.450036 2.482955 2.625617 2.969048 3.412334 3.067175 2.86847 3.021367 3.538196 2.680861 1.632817 1.056131 1.366462 1.200264 1.134276 1.301336 1.375513 1.294513 1.239415 1.308753 1.158384 1.046278 0.9147601 0.6014965 0.4441895 0.3274976 0.5649326 0.8696055 1.008499 1.118737 1.160003 1.233666 1.233569 1.219773 1.024113 0.8867324 1.237996 1.270599 1.346763 1.563134 1.878823 1.56305 1.455083 1.827723 1.311657 1.17215 1.126234 1.285745
1.126752 1.257022 1.97651 2.252286 1.940159 1.510211 1.46597 1.372003 1.119404 1.547858 1.966165 1.890162 1.93966 2.247787 2.433045 2.604809 2.705834 2.953492 3.247563 3.274955 2.638652 1.016969 3.147901 2.886889 2.195518 1.612352 1.423168 0.8844224 0.9242912 1.632592 1.520676 1.473711 1.362108 1.355326 1.093841 1.052899 0.7727307 0.6328335 0.3401226 0.002233027 0.5637156 0.9222893 1.050045 1.128425 1.207896 1.290457 1.282252 1.203146 1.02434 0.8508193 1.219659 1.258036 1.227055 1.562291 1.880651 1.58818 1.53539 1.550979 1.1504 1.003164 0.9879915 1.231432
1.276053 1.55401 2.685434 3.141665 2.185062 1.113676 1.289795 1.249255 1.09062 1.451845 1.971149 2.225065 2.115746 2.492466 2.404664 2.553789 3.130127 3.441299 3.425769 3.425538 3.221451 3.348283 4.144566 3.132331 2.44267 1.858312 1.127914 0.6374974 0.06642652 1.644858 1.563953 2.064717 1.581368 1.272174 1.08625 1.050825 0.7894182 0.7424569 0.510488 0.5256257 0.8980717 1.01181 1.116595 1.051905 1.205054 1.307537 1.274565 1.16486 1.023792 0.8700426 1.145609 1.236003 1.230441 1.558898 1.879658 1.62165 1.577246 1.535264 1.020193 0.6685697 0.7173849 1.173608
1.865406 2.333405 3.416707 5.552501 2.716113 1.491762 1.280436 1.25807 1.547122 1.061877 2.05125 2.301871 2.471208 3.679579 2.185444 2.235423 3.451143 4.265648 3.860897 3.64186 3.059798 4.458734 4.9873 2.527178 2.105443 1.850001 1.030164 0.753599 0.8376182 1.124228 1.394865 3.19935 0.8172264 1.051471 1.023506 0.9200511 0.8673426 0.7905865 0.6236828 0.5598387 0.8752261 1.000177 1.160258 1.244552 1.353683 1.301495 1.270743 1.134359 1.043733 0.8786746 1.102604 1.105553 1.230538 1.515624 1.993454 1.593314 1.711787 1.393088 0.8349432 0.2317887 0.2972531 1.262872
2.055005 2.36103 2.660701 2.439074 2.231556 1.39734 1.317522 1.435778 2.048203 2.222791 2.716614 2.487635 1.914712 1.562148 1.251888 1.800458 2.441738 3.470642 2.43579 2.372428 1.6083 4.020332 3.302807 2.685229 1.783704 1.395145 0.526189 0.5191713 0.8958722 0.9784526 0.9031413 0.8583282 0.9739214 0.6311993 0.9347482 1.003028 0.8880386 0.8518535 0.7470063 0.239758 0.5269493 0.9737328 1.244321 1.131481 1.595465 1.382837 1.335402 1.41437 1.109232 0.839341 1.03319 1.03184 1.149523 1.667186 1.957738 1.781763 1.762582 1.538071 1.038829 0.8383226 0.9754661 1.651475
1.971625 2.057076 2.052728 1.889061 1.914631 1.174143 0.921156 1.116114 3.733813 3.40889 3.850241 2.868893 1.392444 0.1228162 1.409099 2.233856 1.494259 1.916746 2.308763 1.556321 2.465249 2.446211 1.416779 0.5616469 1.172451 1.214712 0.8765618 0.594923 0.960872 0.836524 0.7171296 0.3936307 1.100179 0.9486659 1.272085 1.432048 0.8284059 0.9070884 0.8942972 0.5251567 0.5397132 1.063126 0.9987327 0.9984065 2.24828 1.229334 0.4952446 1.861594 1.133636 0.7938166 0.8866975 0.816087 1.214267 1.732807 1.950425 1.626296 1.769093 1.743501 1.187742 0.8122516 0.9877906 1.789872
1.743015 1.696661 1.488253 1.027275 1.494327 1.056558 0.8351375 0.6808038 2.306422 4.371542 3.112429 2.504246 0.387843 1.05592 1.637788 1.806135 0.7203431 1.523597 1.38769 1.951232 2.473222 1.813223 0.9827831 0.9757348 0.9903752 1.089517 1.831183 0.9325904 0.4617145 0.6002544 0.6880408 0.6591742 1.535258 1.221573 1.090547 0.7110991 0.1878601 0.3931116 0.4543346 0.2255615 0.5889986 1.285855 1.473214 1.891857 1.970389 1.779744 1.419682 1.60527 1.116161 0.5533785 0.5993159 1.51633 2.05136 1.441899 1.979633 3.452952 3.193523 2.08231 1.172005 0.8941943 1.136402 1.362996
1.620123 1.579569 1.406262 1.24391 1.263659 1.060924 0.9640481 1.182904 2.063731 2.931522 2.812022 1.88771 0.9186929 1.116097 1.886683 1.765234 1.490373 1.568167 1.343415 1.265204 2.925942 0.4387093 0.9247447 1.151279 2.17365 1.955098 2.556284 0.3785053 0.4272655 0.1662204 0.9754078 1.357224 1.622152 1.452138 0.7456864 0.3061228 0.590095 0.7658481 0.7033309 0.981024 1.045173 1.15096 1.491481 1.314253 1.606719 2.133076 2.554929 2.208362 1.208701 0.7014853 0.2839901 1.113338 2.311972 0.6625367 1.762192 3.941715 2.809043 2.88239 0.6339181 1.041307 1.522041 1.241531
1.586879 1.518159 1.422656 1.331624 1.24762 1.069633 1.199247 1.475693 1.613307 1.706871 1.6189 0.9949379 1.505657 1.996347 2.542628 2.157835 1.755632 1.645621 2.852288 2.121737 1.834606 1.333385 1.394223 0.9908837 2.47716 1.3603 3.766952 1.165771 0.1471228 1.299058 1.486348 1.554659 1.836351 1.618331 0.9578764 0.7052828 0.3509776 0.5794444 0.5660157 0.1986439 2.999457 1.548909 1.215601 1.23874 1.712055 2.207466 1.184363 1.571184 1.390218 1.191467 0.9077439 1.051899 1.139436 1.288443 2.324565 3.028189 1.079216 0.8921598 0.1512875 0.5668512 1.352392 1.251311
1.409292 1.426182 1.365587 1.288419 1.037876 1.095853 1.275496 1.187795 1.165659 1.079727 1.145116 0.1529751 1.450681 2.730661 3.458678 2.25482 1.40007 1.231936 1.579268 1.723571 1.531185 1.074589 1.141014 0.9841614 0.7175418 1.360518 1.690112 1.236442 0.1116907 0.7960661 2.007671 2.440807 1.51421 2.405684 1.046728 0.01977581 0.5330911 0.7635198 0.9710229 2.386034 1.391994 1.842843 2.152343 0.4296637 2.752487 1.118555 0.6785485 2.089868 1.744289 1.256342 0.1742305 0.4518935 1.834733 3.000525 1.338172 1.614437 1.977623 0.3371662 0.2870738 0.04304819 0.6236303 0.8248823
1.312174 1.295005 1.26528 0.9574789 1.130406 1.302943 1.105932 1.31506 1.124155 1.101403 1.262745 1.291081 1.744882 2.7113 3.585613 2.193483 0.5432999 0.8141255 1.063539 1.320799 1.609193 0.4520161 0.7857756 0.7480798 0.1849585 0.6563306 0.9442261 0.7449175 0.7364852 1.047288 1.639853 2.473923 1.401461 1.303091 1.383596 1.487417 1.212735 0.9909598 0.7052174 0.908155 2.451507 3.994622 3.775293 1.343325 3.074963 1.190991 1.451168 1.281058 5.036552 2.143859 1.960179 1.047855 1.529016 2.406226 1.388391 1.289182 3.275673 1.153174 0.288415 0.7418208 0.7905915 0.8824377
1.183309 1.184806 0.8967485 0.9102105 0.9155651 1.121443 1.250939 1.354583 1.243785 1.346047 1.529597 1.727738 1.807998 2.656469 3.382462 1.977466 0.5213746 0.3723076 0.9128725 1.3021 1.665958 0.9254981 0.8629625 0.778914 0.5593377 0.5472861 0.4981776 0.09023541 0.7376412 1.050936 1.404461 1.180176 1.502691 1.583821 2.082515 3.167964 1.852819 1.472655 1.840208 2.544381 3.665672 4.636055 3.347534 2.332356 2.163784 1.76651 1.382421 0.7538322 1.624154 1.795681 1.611864 1.302876 1.211383 3.169405 2.094049 1.850425 0.3016919 0.8759751 0.7929077 1.19821 2.824252 1.040235
1.003311 1.029575 0.8079903 0.8472334 0.7696363 1.052732 1.070462 1.285692 1.526204 1.559015 1.707705 1.640862 1.744485 2.062089 2.148911 1.531901 0.6321951 0.4113387 0.8540972 1.119132 1.151075 0.8762487 0.8478639 0.7073962 0.4476474 0.6541335 0.9504965 0.5039984 0.5529309 0.7117721 0.9804361 1.353477 1.569306 1.599795 1.901071 2.022521 1.97758 2.26725 3.637505 3.259446 3.440354 3.420912 3.395011 2.729775 2.310111 1.911173 1.527942 1.383437 1.299925 0.03373276 0.9185234 1.446351 2.138377 3.845969 3.103895 2.362154 1.277061 0.5702658 0.5290081 1.183953 1.341696 1.041128
0.7468067 0.8040826 0.6808349 0.6599943 0.7140945 1.017614 1.049732 1.188772 1.663029 1.711767 1.733417 1.666411 1.612286 1.758155 1.814952 1.465585 1.034502 0.9091377 0.9520447 1.058032 0.8369017 0.8358212 0.7113043 0.748357 0.5602404 0.5951507 0.7902038 0.6344411 0.5268586 0.1692726 0.1997221 1.07315 1.46511 1.558013 1.944555 1.881118 2.02111 2.490146 3.281245 3.188235 3.063135 3.291074 3.368766 2.822173 2.347142 1.954756 1.578775 1.505921 1.318365 0.8177065 1.144946 1.571949 2.277152 2.668487 2.406811 1.970694 1.32155 0.3589799 0.5048911 0.8835147 1.060108 1.059744
0.4180559 0.3785557 0.4808562 0.5619285 0.6484831 0.9708544 1.194304 1.425938 1.443381 1.495866 1.592407 1.651518 1.702572 1.57376 1.66389 1.447971 1.218695 1.158309 1.008918 1.003803 0.7069889 0.6960698 0.6969083 0.7916834 0.569248 0.5482183 0.6530513 0.5868964 0.5413506 0.3591086 0.4546055 1.065362 1.400042 1.647028 1.650332 1.823676 2.003801 2.657817 2.854716 2.871181 2.98569 3.20939 3.284334 3.084756 2.630451 2.207268 1.829532 1.553256 1.492126 1.202763 1.397088 1.674811 2.106074 2.005944 2.085471 1.809205 1.391567 0.877817 0.7887738 0.8247893 1.109486 1.149073
0.1165204 0.1697035 0.3310521 0.4661855 0.8106504 0.8183463 1.178643 1.441048 1.466323 1.464018 1.603283 1.62915 1.474602 1.479282 1.472994 1.466956 1.315055 1.282688 1.200682 1.00914 0.6639211 0.6633486 0.6853982 0.6499028 0.5752753 0.557769 0.5019838 0.5786778 0.6102692 0.5630003 0.9177619 1.19965 1.395977 1.691735 1.61424 1.779993 1.948057 2.534477 2.688811 2.944791 2.854632 3.125044 3.254288 3.110664 2.652432 2.21883 2.114135 1.599849 1.602561 1.703319 1.534941 1.891265 2.015872 1.781965 1.931896 1.593477 1.482457 1.254487 0.9273573 0.8151789 1.12318 1.187543
2.396077e-031 0.07423282 0.251792 0.4034969 0.6655166 1.043447 1.275307 1.385805 1.404225 1.45381 1.277528 1.609911 1.430856 1.428592 1.440836 1.431874 1.362987 1.298969 1.247826 0.8686119 0.6406562 0.6436918 0.6263576 0.6500938 0.5742848 0.5497368 0.4827022 0.5935569 0.6704951 0.6735387 0.9457765 1.318285 1.311197 1.698613 1.591212 1.738077 1.82484 2.480695 2.603304 2.813768 2.76439 3.067425 3.230377 3.112295 2.865199 2.235063 2.161861 1.634845 1.668745 1.820117 1.663296 1.916618 1.629984 1.657791 1.620058 1.562924 1.483166 1.373254 0.9862797 1.06717 1.137572 1.194012
