rasters-bowlers/karnsharma.asc
ncols         108
nrows         21
xllcorner     -3.075
yllcorner     -1.575
cellsize      0.15
NODATA_value  -9999
1.722541e-008 0.0264998 0.1008669 0.2042111 0.315075 0.4199581 0.5140253 0.5973736 0.6717943 0.7391503 0.800801 0.8575698 0.9099047 1.012441 1.053341 1.089186 1.120396 1.147425 1.170731 1.257451 1.258073 1.2588 1.259613 1.260465 1.261275 1.19221 1.192659 1.192528 1.262426 1.476775 1.480791 1.480342 1.254614 1.343942 1.358754 1.372952 1.608906 1.837648 2.296141 2.680745 2.427428 1.997533 1.963127 1.90103 1.419091 1.328015 1.111032 1.013834 1.171623 1.051679 0.8461522 0.8529513 0.8573139 1.021749 1.554151 1.407497 1.707045 1.343244 1.453212 1.469656 1.404008 1.386276 1.348695 1.375823 1.556396 1.558541 1.773491 1.451847 1.340389 1.81885 1.87252 2.137603 2.005989 2.176811 2.439945 2.613538 2.640192 2.793498 2.808823 2.818773 2.826242 2.893536 2.895782 2.896268 2.895592 2.894023 2.891756 2.869755 2.824266 2.76991 2.705152 2.628179 2.536915 2.172678 2.042281 1.895892 1.732806 1.552987 1.357493 1.149022 0.932503 0.715553 0.5084934 0.3235545 0.1730778 0.0669899 0.01041022 0.002455682 
0.02983201 0.06078358 0.1425831 0.2507728 0.3608434 0.4604125 0.5472394 0.6234365 0.6918188 0.7545435 0.8128984 0.8674886 0.9185038 0.9658825 1.061895 1.097165 1.127878 1.154447 1.177326 1.257197 1.257901 1.258777 1.259823 1.261006 1.262241 1.263376 1.195585 1.195901 1.195202 1.261541 1.475908 1.475486 1.249783 1.263291 1.355498 1.372961 1.606783 1.835401 2.280807 2.658488 2.357561 2.165713 1.992736 1.920685 1.565193 1.315285 1.074771 1.044717 1.138105 1.032671 0.836222 0.8475264 0.8532624 1.371516 1.539367 1.58159 1.611414 1.408892 1.467739 1.493127 1.42753 1.39277 1.335876 1.405269 1.517763 1.52727 1.401464 1.457042 1.352814 1.829599 2.111133 2.147134 2.026165 2.420699 2.605706 2.640734 2.798013 2.81693 2.829293 2.838811 2.905404 2.9085 2.909509 2.909066 2.907413 2.904814 2.90152 2.888181 2.843119 2.789322 2.725271 2.649163 2.305576 2.18963 2.058962 1.912578 1.749839 1.570755 1.376383 1.169349 0.9544188 0.7389736 0.5330682 0.3487235 0.1982062 0.09152451 0.03396872 0.02480605 
0.1307123 0.1668499 0.2475693 0.3465995 0.4415686 0.524307 0.5957528 0.65941 0.7182841 0.774169 0.8278164 0.8792982 0.9283319 0.9745138 1.071169 1.105552 1.135515 1.161411 1.183666 1.256649 1.257388 1.258376 1.25965 1.261206 1.262979 1.264799 1.266371 1.199917 1.19978 1.197811 1.470236 1.46946 1.46887 1.259844 1.350374 1.372074 1.601851 1.83191 2.056258 2.301958 2.612523 2.180084 2.034271 1.952461 1.585981 1.301432 0.8334617 1.235467 1.082939 1.187031 0.6297792 0.8430395 0.8494875 1.364729 1.518001 1.555158 1.568333 1.397851 1.488346 1.531847 1.463748 1.400563 1.306095 1.231115 1.455025 1.484696 1.401069 1.468012 1.370987 1.843504 2.112762 2.16068 2.054631 2.45137 2.638457 2.80272 2.825793 2.840565 2.852262 2.918078 2.922404 2.924521 2.924687 2.923145 2.920248 2.916363 2.911819 2.906739 2.862197 2.809176 2.746203 2.671527 2.32417 2.208564 2.078768 1.93395 1.773651 1.59804 1.408276 1.206962 0.9986574 0.790289 0.5912264 0.4126623 0.2660787 0.1609533 0.102439 0.09005275 
0.3024081 0.3441331 0.4120765 0.4850564 0.5499 0.6052032 0.65459 0.7017003 0.748686 0.796297 0.8443453 0.8921406 0.9388099 0.9835055 1.080849 1.114096 1.143115 1.168138 1.253596 1.255726 1.256409 1.257424 1.258865 1.260795 1.263208 1.265947 1.268651 1.270725 1.205453 1.204101 1.265207 1.462165 1.459193 1.253412 1.203629 1.300494 1.393233 1.826529 1.854174 2.279549 2.64215 2.196707 2.146253 2.00282 1.62079 1.289135 1.027991 0.9005416 1.30192 1.115241 0.9444888 0.8421788 0.9866453 1.407067 1.663907 1.511522 1.27861 1.37678 1.507956 1.532211 1.532482 1.410177 1.28258 1.123538 1.358754 1.115366 1.406819 1.422324 1.396494 2.058068 2.114631 1.975817 2.307774 2.630914 2.682885 2.837892 2.853743 2.86633 2.930449 2.936615 2.94086 2.942519 2.941632 2.938648 2.934141 2.928643 2.922579 2.916263 2.881206 2.829117 2.767527 2.694767 2.34321 2.2286 2.100596 1.958608 1.802439 1.632517 1.450186 1.25808 1.06052 0.863834 0.6763891 0.5080639 0.3689639 0.2674884 0.2083267 0.1912596 
0.5119537 0.558984 0.6061997 0.6427019 0.6691142 0.6918309 0.7163672 0.745524 0.7799312 0.8189181 0.8611658 0.905132 0.9493154 0.9924098 1.090653 1.12253 1.150373 1.174371 1.252702 1.254345 1.254826 1.255702 1.257149 1.259354 1.262442 1.266356 1.270707 1.274667 1.212607 1.212205 1.273569 1.256395 1.446425 1.241977 1.200072 1.29577 1.396475 1.818494 1.850282 2.062515 2.581501 2.258696 2.189826 2.081722 1.678172 1.28281 0.9702381 0.7564334 0.9240718 0.9855735 1.112043 0.8496203 1.052769 1.363372 1.566341 1.425187 1.132592 1.27185 1.508032 1.642608 1.968955 1.428094 0.9829219 0.9306898 1.222867 1.123961 1.428931 1.455308 1.694193 2.041195 2.117003 2.017306 2.235322 2.693397 2.860727 2.874768 2.882316 2.939965 2.94806 2.95642 2.961773 2.963056 2.960714 2.955736 2.949098 2.941562 2.933664 2.92575 2.899826 2.848772 2.788796 2.463244 2.361902 2.248736 2.123152 1.984843 1.833933 1.671159 1.498102 1.317455 1.133292 0.9512613 0.778559 0.6234752 0.494384 0.3982393 0.338999 0.3166348 
0.7066373 0.7572145 0.7847134 0.7875124 0.778595 0.7714261 0.7732376 0.7860224 0.8089734 0.8400926 0.877019 0.9174356 0.9592751 1.000819 1.040731 1.130691 1.157171 1.179927 1.251235 1.252285 1.252428 1.252961 1.254088 1.256258 1.259868 1.265141 1.271809 1.278793 1.284189 1.223266 1.219193 1.265534 1.42956 1.423624 1.190665 1.230842 1.336757 1.804653 1.841039 1.873042 2.238254 2.225412 2.241339 2.175857 1.772899 1.217382 0.9354402 0.6166406 0.1455418 0.8168811 1.208601 0.8080973 1.041781 1.303099 1.364699 1.222221 1.128711 1.165407 1.438912 1.821058 2.103299 1.517218 0.4756993 0.4831906 0.88713 1.5351 1.596171 1.623669 1.636795 1.63351 1.869122 2.274889 2.346503 2.908783 2.92506 2.911988 2.944897 2.948052 2.963586 2.978549 2.98651 2.987134 2.982428 2.974528 2.96502 3.186378 3.182412 3.178221 2.917722 2.867757 2.80956 2.479913 2.379428 2.267928 2.145063 2.010821 1.865656 1.710629 1.547566 1.379219 1.209413 1.04311 0.9628412 0.8105121 0.6826997 0.5853047 0.5217265 0.492063 
0.8471445 0.8979543 0.9127574 0.8943284 0.8619864 0.8338423 0.81897 0.8193361 0.8333808 0.8582557 0.8908733 0.9283527 0.9682012 1.008381 1.047319 1.138455 1.163452 1.24557 1.249356 1.249562 1.249004 1.248728 1.249075 1.250646 1.254171 1.260657 1.270381 1.282149 1.292961 1.298739 1.236023 1.278917 1.242393 1.390911 1.169553 1.225061 1.295086 1.63062 1.822523 1.854364 2.172906 2.113044 2.324589 2.392023 1.908088 1.184784 0.3707403 0.7964427 0.8466231 1.39877 1.332154 1.067923 0.9889122 1.014598 1.121904 1.289653 1.464507 0.8173776 1.102442 2.175123 3.548212 1.6841 0.6574455 0.7843754 1.023738 1.574057 1.676363 1.632965 1.634274 1.646144 1.898713 2.492631 2.669743 3.059325 3.057604 2.964029 2.917589 2.935449 2.976865 3.006697 3.018079 3.01627 3.007236 3.206455 3.201855 3.196372 3.190663 3.185066 3.179744 2.886159 2.830164 2.494619 2.395001 2.285169 2.164998 2.034753 2.050689 1.892601 1.727763 1.559227 1.3909 1.227503 1.0744 0.9372432 0.8213843 0.7310985 0.6687968 0.6345157 
0.9242621 0.9718129 0.980695 0.9542898 0.9122652 0.8740726 0.8501778 0.8432071 0.851637 0.8723702 0.9020044 0.9373659 0.9757167 1.014819 1.052934 1.145726 1.169161 1.244114 1.247227 1.246361 1.244722 1.242994 1.241514 1.241058 1.243107 1.249892 1.2631 1.282299 1.302753 1.317141 1.318309 1.241974 1.251901 1.139082 1.18221 1.250588 1.321306 1.445334 1.794042 1.82482 1.952648 2.123598 2.437508 2.93654 2.41458 0.6405208 0.3652269 1.019919 1.342118 2.073795 0.8581025 0.5541711 0.9644164 1.841916 1.626524 2.467709 1.23194 0.4645786 0.7401567 1.616808 2.095162 1.353537 1.211613 1.064914 1.289755 1.636619 1.826975 1.735715 1.608271 1.572536 2.082732 2.763175 3.158969 3.400352 3.1342 2.874675 2.782363 2.885208 2.999176 3.051602 3.227537 3.23358 3.230207 3.223133 3.214921 3.20669 3.198904 3.191731 3.185201 2.904063 2.849981 2.698313 2.595111 2.481154 2.356543 2.22184 2.078164 1.927264 1.77156 1.614135 1.45867 1.309305 1.170427 1.046358 0.9409474 0.8571039 0.7963589 0.7586062 
0.9490375 0.991136 0.9980158 0.9723909 0.9310844 0.8921276 0.8662924 0.8569558 0.8631156 0.8819071 0.9099816 0.9441327 0.9815528 1.019923 1.057422 1.152454 1.174298 1.24264 1.245 1.242742 1.239848 1.236169 1.231697 1.227069 1.224125 1.227145 1.242539 1.273169 1.311188 1.342214 1.354105 1.329745 1.271948 1.181879 1.111925 1.165541 1.355686 1.704468 1.836998 1.458456 1.899386 2.308955 2.299671 3.91822 2.909361 0.4737682 0.5357578 1.313683 1.856485 2.498195 2.276982 0.7574992 0.6440572 3.067401 2.065754 3.061841 1.017306 0.2933492 1.332961 2.442231 1.071022 1.076373 0.251574 1.277778 1.357813 1.704405 2.676461 1.527321 1.404899 2.189122 2.018344 3.03658 4.469432 3.908899 3.166811 2.519964 2.33043 2.832272 3.186682 3.26543 3.27693 3.268466 3.254907 3.240981 3.228288 3.217013 3.207102 3.19841 3.19077 2.920234 2.800258 2.707863 2.605442 2.492853 2.370354 2.238699 2.099215 1.953842 1.805136 1.656189 1.510502 1.371778 1.243682 1.129563 1.032173 0.9534093 0.8941245 0.8540521 
0.9368518 0.9729946 0.9797303 0.9591553 0.9245257 0.891017 0.8685895 0.8609873 0.8678195 0.8867049 0.9145951 0.948447 0.9855303 1.02355 1.060678 1.095529 1.237589 1.241041 1.242293 1.239063 1.234659 1.228597 1.220261 1.209139 1.195953 1.186145 1.195873 1.241986 1.310727 1.372055 1.407083 1.387068 1.271256 1.16497 0.9722828 1.024588 1.194887 1.331375 2.043435 1.425647 1.907549 1.600458 1.11747 0.9600813 1.751493 1.561115 0.9776919 1.08646 3.448561 0.7295298 0.7438542 0.5743698 0.8613162 0.5184687 1.465778 2.724199 0.1953837 0.9344313 1.059154 0.4871081 0.8780352 0.9031498 2.763278 1.758063 1.536436 1.441167 2.204623 1.346168 1.435357 1.771006 1.184881 2.765102 5.312696 3.870933 3.182091 2.185797 1.586289 3.263294 3.409589 3.38244 3.342527 3.308374 3.281019 3.259154 3.241461 3.226921 3.214795 3.204541 3.195767 3.188176 2.806394 2.714093 2.612095 2.50032 2.379121 2.249363 2.112498 1.970581 1.826242 1.682575 1.542962 1.410835 1.28942 1.181477 1.089098 1.013566 0.9553065 0.9139338 
0.8989209 0.9298455 0.9376083 0.9239265 0.8988581 0.874384 0.8589426 0.8561483 0.8660595 0.8868147 0.9157815 0.9502054 0.9875403 1.025603 1.062628 1.097258 1.236849 1.23974 1.240012 1.235972 1.230264 1.221981 1.209614 1.190732 1.162183 1.124849 1.106227 1.170853 1.294301 1.400491 1.476741 1.400939 1.40597 1.051745 0.978021 0.9696893 0.9263652 1.101757 1.096691 1.432529 1.398594 0.8978848 1.405087 2.391559 1.230231 2.773176 1.56525 2.273061 0.9703594 2.217591 1.018903 0.4644621 1.223228 0.723865 0.6738184 0.6247292 0.4922682 0.6081578 1.014435 0.840992 0.1740538 3.662833 1.571566 0.8192568 0.7318457 1.280723 1.799856 2.997135 1.52363 0.746883 3.17421 2.688452 1.950399 3.046743 3.33868 3.953346 5.943411 4.26161 3.704004 3.502763 3.402636 3.342719 3.302625 3.273767 3.251912 3.234736 3.220851 3.209374 3.199717 3.19147 2.809182 2.71675 2.614777 2.503194 2.382373 2.253215 2.117206 1.976438 1.833562 1.691669 1.554099 1.424192 1.305025 1.199165 1.10848 1.034048 0.9761521 0.9343609 
0.8407601 0.8678102 0.8778558 0.8722389 0.8583012 0.8449901 0.8389302 0.8432286 0.8581643 0.8823285 0.9135284 0.949359 0.9875288 1.026032 1.063223 1.159895 1.236429 1.238874 1.238276 1.233773 1.227332 1.217794 1.203065 1.17923 1.139129 1.074022 1.009525 1.084558 1.266204 1.404118 1.556058 2.019583 1.614851 1.177242 0.96138 0.7590492 1.437247 1.407031 1.201826 1.402181 1.339912 0.5935922 1.004292 0.9826254 0.9320887 1.198306 0.8409914 0.9578468 0.5505866 1.479794 1.817815 0.5193646 1.617009 1.27398 0.05751936 0.9129272 3.153118 0.7521508 1.232632 0.4183269 0.4927222 1.251207 0.8144059 0.7222645 0.9878049 2.637451 0.3076587 2.621877 1.471372 1.330803 1.963799 2.595669 2.758484 2.997524 3.325434 3.943401 4.540006 4.173132 3.762681 3.546249 3.429761 3.360144 3.314496 3.282349 3.258323 3.239687 3.224796 3.212601 3.202415 3.193767 2.808496 2.71572 2.613373 2.501339 2.379946 2.250043 2.113067 1.971066 1.82666 1.68294 1.543281 1.411116 1.289668 1.181697 1.089294 1.013742 0.9554677 0.9140843 
0.7637857 0.7884328 0.8023373 0.8061936 0.8048326 0.8043789 0.8095849 0.8228408 0.8444635 0.8734059 0.9079021 0.9459285 0.9855009 1.024848 1.062499 1.155125 1.236367 1.238516 1.237229 1.232673 1.226234 1.216835 1.202582 1.18009 1.143678 1.088442 1.041902 1.11027 1.255455 1.353181 1.408986 1.281208 1.120477 1.102162 0.9243211 0.3116644 1.199757 2.343313 1.477026 1.309048 1.645881 1.793667 1.014703 0.7758868 2.779311 0.3364724 0.924448 1.744832 1.053403 0.7094634 1.024623 2.175559 1.004603 0.990373 0.6814488 0.1508626 0.4685438 1.798466 1.991654 1.478369 1.26592 0.7610997 0.8772159 0.5228091 1.851107 0.9305299 0.975266 1.044759 2.717778 3.048967 3.143606 2.706291 2.892151 3.040362 3.248683 3.555433 3.798296 3.780767 3.63603 3.506648 3.416458 3.355272 3.312533 3.281456 3.25798 3.239654 3.224951 3.212885 3.202794 3.120231 2.804346 2.71104 2.607945 2.494854 2.371979 2.240041 2.100339 1.9548 1.805961 1.656907 1.511129 1.372328 1.244164 1.129987 1.032547 0.9537439 0.894429 0.854336 
0.667833 0.6913796 0.7109736 0.7261833 0.7392029 0.7533967 0.7716521 0.7955562 0.8253621 0.8603224 0.8990863 0.9400368 0.9815401 1.02211 1.060499 1.149962 1.171444 1.238664 1.236961 1.232757 1.22701 1.218992 1.207602 1.191346 1.169131 1.144773 1.139711 1.185495 1.254447 1.289078 1.246113 1.006551 1.254979 1.166194 0.956097 0.300701 1.032285 1.541438 0.959385 1.461737 0.733524 0.8333881 0.9220961 1.282271 0.8043847 0.2558265 0.7956755 2.132237 0.2997135 0.009915386 1.48692 0.1461404 1.324948 1.421576 2.24297 0.635639 0.6777364 1.359381 1.387182 1.158972 2.255641 1.019965 0.7537755 0.7063754 0.9019516 0.9708306 0.8214645 1.109469 2.130793 2.868172 3.619311 3.05722 3.048724 3.079553 3.196641 3.355103 3.485581 3.525832 3.492229 3.434227 3.379501 3.335232 3.300841 3.274129 3.253087 3.236204 3.222407 3.210939 3.20126 3.107832 3.051834 2.702896 2.598743 2.484071 2.358921 2.223809 2.079818 1.928673 1.772773 1.615187 1.459584 1.3101 1.171117 1.046956 0.9414673 0.8575619 0.7967714 0.7589898 
0.5538359 0.5772116 0.6042864 0.6329399 0.6623775 0.6931041 0.7261308 0.7622193 0.8015234 0.8435745 0.8874412 0.9319398 0.9758266 1.017944 1.117464 1.144394 1.167047 1.23924 1.237327 1.233742 1.229086 1.223031 1.215261 1.205777 1.195848 1.190071 1.197421 1.222171 1.249276 1.254919 1.223886 1.141069 1.115742 1.032061 0.8911582 0.7506871 1.130665 1.715952 1.795093 1.818368 0.6992562 0.8778157 1.881045 2.773113 0.4999534 0.7802897 1.212009 1.591249 1.294397 2.112225 1.402695 1.166386 1.31201 1.548365 1.437566 0.08244317 0.6775218 2.443056 1.477683 1.010721 1.576501 1.084147 0.9670873 0.7607405 0.7946872 0.9719817 0.8655697 1.146741 1.903006 2.327778 3.029203 2.956023 2.830178 3.370041 3.17006 3.258645 3.337559 3.379827 3.383338 3.363512 3.335523 3.307667 3.283019 3.26215 3.244711 3.230131 3.21786 3.207437 3.198498 3.093475 3.034693 2.691621 2.586189 2.469549 2.34152 2.202352 2.05284 1.894434 1.729339 1.560587 1.392074 1.228511 1.07526 0.9379719 0.8220019 0.7316288 0.6692661 0.6349501 
0.4263087 0.4499075 0.4856957 0.5294165 0.5769233 0.6257005 0.6748439 0.7242804 0.7740577 0.8239846 0.8735604 0.9220579 0.9686544 1.012554 1.110008 1.138436 1.16233 1.240119 1.238108 1.235237 1.23174 1.227574 1.22286 1.21814 1.214795 1.215334 1.222243 1.234236 1.243779 1.24169 1.179985 1.111522 1.080139 1.027131 0.8213784 0.9211637 1.45922 2.067844 2.812969 5.893949 2.630231 1.912674 3.011308 4.554581 3.905777 1.960775 1.338264 1.673592 2.368566 4.422687 2.347093 1.679286 1.42148 1.368612 1.157457 0.8477713 1.111285 1.462046 1.355865 1.4424 1.394082 1.133995 1.032695 0.7756762 0.7787476 0.9830278 0.8553354 1.411832 1.929552 2.119999 2.445797 2.84685 2.799927 3.393576 3.43743 3.480738 3.259505 3.294185 3.308262 3.305959 3.294247 3.278721 3.262656 3.247589 3.234069 3.222168 3.211763 3.202671 3.194702 3.077402 3.016024 2.874675 2.762336 2.636708 2.497329 2.344152 2.02126 1.854542 1.67886 1.497186 1.313668 1.133702 0.9638289 0.8113214 0.6833576 0.5858458 0.5221902 0.4924889 
0.2948944 0.3185106 0.3630547 0.4220607 0.4879561 0.5551611 0.6208264 0.684014 0.7446356 0.802756 0.858303 0.9109976 0.9604447 1.00622 1.102199 1.132106 1.157213 1.240974 1.239084 1.236885 1.234388 1.231686 1.229026 1.226925 1.226225 1.227889 1.232168 1.237399 1.239901 1.183877 1.168744 1.096327 1.063998 1.0205 0.7928665 1.34487 1.799792 2.105365 2.86984 3.688566 2.976891 2.328235 2.650888 2.75139 2.584815 2.153858 2.138006 1.919393 2.131827 2.255187 1.959284 1.736447 1.603631 1.345193 1.211103 1.214586 1.216152 1.231737 1.509712 1.586718 1.385045 1.162029 1.112852 1.055599 0.8413205 0.9884084 0.8505226 1.444368 1.899665 2.073031 2.104218 2.778025 2.761553 3.117225 3.448397 3.473268 3.499973 3.241279 3.256989 3.261992 3.259211 3.251838 3.242318 3.232196 3.222315 3.213076 3.204628 3.196986 3.114481 3.059945 2.996198 2.921428 2.745072 2.61694 2.473913 2.315579 2.14204 1.954126 1.753666 1.543802 1.329312 1.033895 0.8466467 0.6783442 0.5381451 0.4336781 0.3693188 0.345098 
0.1737597 0.1967451 0.2484825 0.320794 0.4031788 0.4872766 0.5683469 0.6445249 0.7154922 0.7814837 0.8427771 0.8995179 0.9517162 1.057389 1.094199 1.125507 1.151779 1.173018 1.240082 1.238435 1.23669 1.23497 1.233493 1.232589 1.232646 1.233891 1.236004 1.237794 1.180968 1.172982 1.159485 1.083865 1.055615 1.021012 1.110649 1.748233 1.916987 2.090847 2.375975 2.701892 2.896652 2.387596 2.428394 2.345973 2.152544 2.060313 2.263027 1.923804 2.132487 1.690574 1.862556 1.759111 1.665595 1.321206 1.523803 1.343381 1.373913 1.13909 1.510569 1.628037 1.390872 1.352147 1.117563 1.149511 0.8414568 0.8485912 0.8476461 1.533576 1.881194 2.001999 2.009299 2.533643 2.729638 3.112489 3.135577 3.472528 3.489564 3.50488 3.221291 3.228933 3.230734 3.228374 3.223445 3.217166 3.210356 3.203517 3.196927 3.190724 3.097492 3.041497 2.975659 2.898068 2.726633 2.596259 2.449922 2.286863 2.106804 1.910196 1.698581 1.475017 1.244564 1.014659 0.7951627 0.5977534 0.4344121 0.3151418 0.245591 0.2084205 
0.07810939 0.09976811 0.1557378 0.2371254 0.3316385 0.4288438 0.5223582 0.6093446 0.689101 0.7618734 0.8281662 0.8884427 0.9430463 1.047874 1.086263 1.118795 1.14608 1.168014 1.240989 1.239754 1.238522 1.237394 1.236515 1.236053 1.236133 1.236709 1.180211 1.177933 1.173152 1.164947 1.152851 1.075339 1.051675 1.171328 1.179603 1.907227 1.949101 2.000556 2.098237 2.369041 2.487694 2.270522 2.308159 2.148293 1.939614 2.29552 2.299578 2.310897 1.951338 1.9182 1.728101 1.663965 1.696164 1.645818 1.584901 1.398869 1.405582 1.3215 1.330012 1.58271 1.393098 1.362248 1.32181 1.163638 1.132889 0.8454173 0.8468409 1.547834 1.869414 1.95658 2.017787 2.554514 2.704856 3.107115 3.133961 3.141482 3.485343 3.496104 3.504887 3.510951 3.207943 3.208519 3.206643 3.203181 3.198805 3.193991 3.189053 3.184184 3.079192 3.022459 2.954891 2.874957 2.70791 2.57583 2.426914 2.260117 2.074841 1.871229 1.650593 1.415951 1.172629 0.9287624 0.69539 0.4857359 0.3134075 0.1896877 0.1207804 0.1062387 
0.01906569 0.03905914 0.09576172 0.1806837 0.2812288 0.3859963 0.4874443 0.5818091 0.66785 0.7456192 0.8156615 0.8786089 0.935026 1.039011 1.07863 1.112141 1.140262 1.16279 1.241751 1.240804 1.239894 1.239092 1.238475 1.238109 1.237996 1.177835 1.175835 1.172453 1.167059 1.159137 1.148435 1.069853 1.367587 1.157004 1.296017 1.958504 1.874876 1.919362 2.08292 2.410122 2.378461 2.189895 2.164001 2.043725 1.954857 2.28765 2.233526 2.305869 1.878373 1.692212 1.783663 1.779095 1.704323 1.682231 1.684852 1.488554 1.425858 1.314713 1.30618 1.515901 1.392204 1.367318 1.335982 1.169345 1.146817 0.8431924 1.145316 1.556976 1.783641 1.927309 1.976541 2.228045 2.754898 3.102249 3.128247 3.136785 3.484107 3.491656 3.498356 3.503542 3.507038 3.19194 3.192022 3.190546 3.188017 3.184836 3.181298 3.108358 3.059901 3.00229 2.93383 2.852522 2.689778 2.55678 2.406369 2.23731 2.04879 1.840758 1.614402 1.372757 1.121394 0.868975 0.6273446 0.4107037 0.2335895 0.1079152 0.04005091 0.02925588 
3.949595e-032 0.01849607 0.07295386 0.1561036 0.2563843 0.3626139 0.4667723 0.56438 0.6535909 0.7340868 0.8062604 0.870744 0.9836548 1.031157 1.071573 1.10575 1.134475 1.157445 1.175403 1.241597 1.240878 1.240239 1.239713 1.239309 1.176318 1.17448 1.171802 1.167904 1.162408 1.155028 1.145658 1.385419 1.411025 1.191807 1.397304 1.701555 1.85308 1.85763 2.011369 2.34709 2.305781 2.120987 2.095764 1.977439 2.229841 2.278261 2.222846 2.222527 2.185248 1.787623 1.735956 1.757337 1.70551 1.772352 1.709279 1.505896 1.439726 1.377168 1.290285 1.504539 1.388118 1.369659 1.344543 1.098732 1.155427 0.8420133 1.079238 1.561836 1.774986 1.907457 1.947965 1.975933 2.51999 3.09817 3.120482 3.132946 3.137431 3.489595 3.494626 3.498855 3.50204 3.504172 3.179444 3.179327 3.178158 3.176252 3.173861 3.089574 3.040725 2.982506 2.913227 2.830903 2.733254 2.5401 2.389549 2.220062 2.03075 1.821505 1.593513 1.349894 1.096405 0.8419886 0.5988051 0.3813053 0.2041164 0.07905712 0.01229327 0.002901583 
