rasters-bowlers/lasithmalinga.asc
ncols         108
nrows         21
xllcorner     -3.075
yllcorner     -1.575
cellsize      0.15
NODATA_value  -9999
[rows 0 to 20 of 21, columns 0 to 61 of 108]
7.266666e-008 0.112321 0.3767575 0.6402374 0.8877151 0.998576 1.177466 1.280373 1.368777 1.577314 1.174529 1.144374 1.171836 1.078859 1.001171 1.089946 1.01596 0.8735922 0.9297048 1.083435 1.131138 1.284594 1.575769 1.581601 1.626123 1.700907 1.788972 1.815748 2.08622 1.982595 1.640755 1.750349 1.089851 1.152034 1.202142 1.140905 1.368223 1.374266 1.430236 1.328418 1.335853 1.511329 1.562451 1.035721 1.175665 1.198589 1.374934 1.693603 2.043499 2.638226 2.560973 2.797702 3.122404 3.768386 4.599582 4.899968 4.096277 3.234362 2.665658 2.55015 2.426895 2.546766
0.110593 0.2253613 0.4656692 0.6967866 0.8777875 1.069976 1.147838 1.320159 1.418629 1.585327 1.285473 1.258842 1.231608 1.094051 0.9973073 0.9351504 0.961594 0.8171559 0.8382019 0.85274 1.118047 1.311131 1.573768 1.592655 1.699336 1.584873 1.823049 1.853964 2.107917 1.975301 1.716647 1.522717 1.030884 1.202003 1.125035 1.277254 1.341154 1.357594 1.361243 1.364752 1.328527 1.485833 1.541717 1.149154 1.149848 1.177722 1.371181 1.18302 2.006688 2.586024 2.469172 2.634009 2.920891 3.457057 4.280706 4.604142 3.758466 2.95955 2.521559 2.417914 2.548517 2.700847
0.353503 0.4469962 0.6069793 0.764773 0.9045731 1.07999 1.209022 1.342694 1.459871 1.678857 1.483281 1.486367 1.266993 1.106861 0.9926442 0.9666323 0.8556122 0.7240509 0.6754259 0.7840031 1.266305 1.372232 1.555843 1.586973 1.730222 1.663655 1.874831 1.913537 2.121956 1.798064 1.643457 1.313319 1.035728 1.130552 1.101378 1.133729 1.29758 1.386444 1.263635 1.331515 1.30652 1.45089 1.519423 1.13733 1.106756 1.313356 1.301031 1.231828 1.727963 2.55145 2.361081 2.468907 2.549257 2.634287 2.984184 3.144076 2.835605 2.468773 2.261617 2.274793 2.217148 2.581293
0.4668257 0.5185593 0.6980591 0.7932326 0.8993498 1.065189 1.195771 1.324037 1.471258 1.680042 1.880312 2.023033 1.49916 1.094028 0.9661131 0.9177761 0.6480963 0.6680306 0.2645113 0.4019902 1.385725 1.66793 1.330509 1.470891 1.822883 1.756536 1.920891 2.164836 1.920328 1.814379 1.618004 1.309511 1.040851 1.131029 1.060101 1.034293 1.252296 1.386032 1.280728 1.233809 1.270419 1.277833 1.455492 1.175729 1.191531 1.177548 1.284186 1.324088 1.835241 2.364276 2.263417 2.228213 2.182103 2.071025 2.047994 2.04266 1.8665 2.101251 2.011827 2.122729 2.070462 2.208395
0.5597463 0.5830449 0.6135153 0.660807 0.8463181 0.9804471 1.16001 1.283309 1.420307 1.701555 2.42002 3.538545 1.766049 0.8086061 0.8828378 0.8324402 0.2539028 0.5294244 0.7890779 1.196055 2.598568 2.053962 1.150898 0.2920556 3.312593 1.425372 2.323755 2.399764 1.984561 1.783484 1.431489 1.059595 1.035969 1.120093 1.023169 0.7726699 1.072351 1.466579 1.37721 1.019201 1.213585 1.241369 1.623294 1.138148 0.8823919 0.9835892 1.251621 1.511597 1.927067 2.469348 2.029788 1.766616 1.801053 1.648106 1.592658 1.081358 1.565111 1.843421 1.763915 1.982612 2.03531 2.026381
0.593223 0.5840096 0.5626773 0.5641765 0.6858453 0.943118 1.124999 1.259663 1.363126 1.421513 1.814496 1.722327 1.234772 0.1721229 0.9841378 1.002604 1.120797 1.095297 1.080773 1.363798 3.015513 1.749468 1.164131 1.019201 1.729565 1.447255 3.332547 2.171247 2.037899 1.871371 1.510812 0.8776193 1.022658 1.178619 1.304776 0.5279748 1.057876 1.48814 1.732057 1.456201 1.142625 1.433648 1.784459 1.253659 0.4346849 0.7567718 1.041747 1.896051 2.712121 2.643298 2.124929 1.460704 1.379638 1.647856 1.196705 0.7954586 1.025919 1.684926 1.994604 2.320193 1.945142 1.533202
0.5995802 0.5602417 0.4678404 0.2997912 0.6176665 0.9305153 1.123504 1.386632 1.227068 0.9738746 1.150394 0.9995878 0.7492127 0.5594778 0.6805417 1.019326 1.526368 1.478888 0.7411455 0.6393672 1.205768 1.134544 0.9968465 0.9155844 0.8621123 0.502306 1.082507 1.443217 3.197276 1.82327 0.9763209 0.8078824 0.948531 1.07589 3.391336 1.488548 1.212896 1.300665 1.981608 1.347351 1.636062 2.047325 2.21026 1.622728 0.6345392 0.7921855 0.7139842 1.818471 3.561041 2.440951 2.356028 2.510798 2.587768 1.365774 1.005815 0.4785618 0.7768868 1.396768 2.374362 3.291325 1.884181 1.164395
0.6027555 0.554464 0.4478067 0.2044543 0.5005458 0.9086062 1.092471 1.678143 1.331227 0.089672 0.8489333 0.6406655 0.3529336 0.2923597 1.459842 1.14232 1.756654 1.648909 0.6322085 0.4306941 2.166387 0.8123691 0.6949859 0.3493947 1.008853 0.7861544 1.144484 1.188988 1.749604 1.085536 0.6464343 0.762709 0.5570445 1.204258 1.179062 1.05559 0.8957641 1.402275 2.869292 0.8073194 1.569651 2.813116 2.492039 2.865716 1.304031 0.5531249 0.8100999 1.715762 1.586758 1.894523 2.614413 2.867294 3.237684 0.4385604 0.8838461 0.4609785 0.3319661 0.7301842 2.069153 3.991665 0.09989925 1.700636
0.6097115 0.5706469 0.5177631 0.510699 0.6173964 0.7553315 0.7165753 0.2251982 3.864831 0.979727 0.9434507 0.7495915 1.108821 0.1424111 1.053551 1.557968 2.233914 2.407095 0.9978163 0.9990481 0.4954049 1.149259 2.289339 1.079752 2.147107 1.105308 2.338551 0.9107444 0.8661198 1.060758 0.8595972 0.6674574 1.165556 1.835374 1.718794 1.121409 0.5485138 0.8323563 0.6527243 0.3974969 2.070383 2.612804 2.70261 2.510716 1.493305 0.8869304 1.004902 1.23569 0.3268082 1.320179 2.185086 0.1364784 2.011758 1.443999 0.6780297 0.7111784 0.9530449 0.6696913 1.475394 4.611959 1.722728 1.340505
0.6159612 0.6337129 0.5655828 0.4935205 0.5227509 0.629608 0.2164548 0.6355224 1.503571 1.078875 1.044132 0.7604092 0.9440079 0.8853869 0.9682081 1.516094 2.211387 2.848405 0.8030468 1.051471 1.934152 1.253934 1.297862 0.9499614 0.8132082 0.1064129 1.115569 0.05942246 0.8406222 1.343641 3.689151 0.9060251 0.6221451 0.8812968 0.3386412 0.9351706 0.5113626 1.818549 0.889994 2.805385 1.066553 2.160733 0.8276379 1.433547 1.506703 1.259928 0.8000526 1.239774 0.1867289 1.48252 1.689776 0.6248318 1.005634 3.01203 0.5891968 0.302606 1.502404 1.226604 1.622222 1.102784 0.5907876 0.337153
0.6981924 0.6361737 0.5281888 0.2872047 0.1122758 0.728188 0.6891862 0.8698222 1.217602 1.215657 1.23239 1.009534 0.9556047 0.8170797 0.05409545 0.4221066 0.9940532 1.108813 0.6088678 1.077692 1.620115 1.03597 0.7367253 0.6262811 0.2265534 0.8289386 0.7816638 0.8611258 0.1932484 1.321748 0.4104793 0.753753 0.3978797 1.26879 0.4521134 0.7688013 0.9356839 1.248135 0.9213923 0.9647583 1.323191 0.8992667 2.064156 1.117511 1.07543 0.9340668 2.265357 0.350147 0.7881013 1.624292 2.06473 1.089381 0.9854801 0.8832801 0.6955364 0.901332 0.749587 1.493844 0.4937068 2.584585 0.6567007 0.19904
0.7144636 0.7284913 0.6204143 0.4544964 0.5551415 0.9648686 0.9361472 1.219392 1.511318 1.635954 1.509995 1.197211 1.005556 1.961107 0.9530042 0.8026296 1.069355 1.419252 1.051374 0.03620781 3.041387 0.6906821 0.6179697 1.086968 1.612682 2.67893 2.138182 0.8350214 0.7111225 1.005609 0.8963279 1.887825 0.7650806 0.5754604 0.5516778 0.9945862 0.9397154 0.5459121 0.6348499 0.5426636 0.7484896 0.405579 0.6817226 0.9775409 1.744906 0.3068128 0.6223283 0.8210732 2.708044 3.536452 3.039824 2.950498 1.031635 3.008412 0.5653591 2.783546 0.7148212 0.2958051 2.188753 3.586751 1.918584 2.114663
0.7793769 0.7487065 0.7381099 0.7060559 0.7616435 0.8963521 1.176202 1.442883 1.735597 1.85445 1.7992 1.353917 1.014016 0.6217898 0.9222407 1.709362 1.483786 1.346535 1.704219 1.01456 0.6481379 0.5173204 1.51925 1.393006 2.530349 1.354117 1.062585 0.2600188 0.4787511 0.6793435 0.7304714 0.77433 0.2194709 0.1343787 0.3628914 0.9474373 0.8294591 0.818081 0.7045599 0.9822376 0.5469518 0.09899084 0.9832504 1.51961 2.302675 1.056136 0.8963428 0.4308178 3.90068 1.53003 2.182631 2.861821 1.320824 0.9357814 1.113812 3.212893 1.062127 0.4389031 0.9589754 1.443549 0.7627569 0.6377535
0.8025617 0.799492 0.800308 0.9668887 1.029489 1.161305 1.363457 1.657992 1.859818 1.815987 1.733448 1.942463 1.142584 0.8971077 1.19376 2.483017 2.563069 1.536835 1.425021 1.104253 0.9087208 1.327428 1.694169 1.85307 1.69816 0.8058527 0.5395529 0.2165739 0.5007676 0.5805364 0.6807722 0.2373916 0.3693113 0.4552635 0.8174133 0.9203113 0.9142907 2.827064 2.01407 1.134376 0.4864741 1.322822 1.223332 0.8437242 1.152472 2.307814 1.839468 1.400184 1.12252 1.140025 1.958267 1.759952 2.621859 1.648695 2.431248 3.036777 2.609763 0.9882715 0.9246448 0.9315125 2.680176 2.211127
0.937332 0.9575129 0.9899852 1.044377 1.135288 1.303202 1.501952 1.606482 1.853332 1.740351 1.303249 2.083506 1.479615 1.47677 1.873438 1.998128 1.63984 1.612743 1.240156 1.06011 1.185939 1.51952 2.687566 2.415848 0.9924879 0.610894 0.2758856 0.08562445 0.1957713 0.07075975 0.4093602 0.4228189 0.578862 0.6775497 1.505347 1.217641 1.544217 1.579165 1.623786 1.42909 1.29381 1.491099 1.321764 1.021939 0.799156 1.86042 1.503127 1.27945 0.123206 0.7891122 1.199622 1.65696 2.285889 3.760911 2.216841 3.374403 2.997591 4.096182 1.948668 1.263613 1.446002 1.892118
0.9086482 0.9533842 1.016106 0.8653179 1.243506 1.153024 1.34957 1.533237 1.596206 1.670404 1.565197 1.224615 1.234602 1.836537 2.848674 2.76528 1.108358 1.561795 1.504421 1.13843 1.374855 1.446732 2.058672 2.1668 0.660889 0.1699712 0.1014844 0.160742 0.2834004 0.3802842 0.6250216 0.6428343 0.8160166 0.9776 1.07012 1.434357 1.61745 1.408246 1.554955 1.792185 3.704875 1.800163 1.365963 1.215242 1.113775 1.382534 1.448076 1.167213 0.8221903 0.9119409 1.11264 1.722515 1.997095 2.474077 2.436828 2.520324 0.9491377 3.401303 2.501574 1.911637 1.444483 1.461756
0.81327 0.6705129 0.7583832 1.087477 1.027742 1.155346 1.327303 1.423183 1.661072 1.621287 1.520901 1.322512 1.438441 2.020252 3.078554 3.213203 2.007372 1.74059 1.601811 1.296883 1.374289 1.488194 1.647431 1.601162 0.9147315 0.5216753 0.3339168 0.2062576 0.4258743 0.6316161 0.9909188 0.813396 0.9385913 0.9772646 1.041009 1.235937 1.656599 1.793718 1.791132 1.781539 1.972351 1.771003 1.43674 1.443101 1.142769 1.133101 1.127594 1.108766 0.9915 0.9227509 1.000992 1.578488 1.712163 2.313876 2.273157 2.301769 1.971423 2.028851 2.154183 1.977726 1.720219 1.641302
0.4753639 0.5507701 0.6720789 0.8538526 0.993223 1.122539 1.277489 1.54065 1.635331 1.611593 1.564204 1.502349 1.703804 2.038517 2.39548 2.437044 2.066837 1.778588 1.524536 1.147411 1.09621 1.273978 1.385319 1.408062 1.024119 0.762059 0.4717299 0.4184365 0.4846115 0.6379963 0.8055778 0.7486992 0.8425121 0.9657089 1.025217 1.217873 1.524277 1.937842 1.865647 1.917396 1.650948 1.51728 1.35394 1.188372 1.204062 1.174227 1.153373 1.110444 1.06288 0.9854749 1.023053 1.302129 1.595924 2.315378 2.545756 2.250023 2.08711 2.388549 2.318272 1.975863 1.857329 1.819229
0.276013 0.3615434 0.5290752 0.7549184 0.9281083 1.113078 1.371034 1.456284 1.543677 1.621974 1.611421 1.70844 1.802615 1.93406 2.054985 2.071015 1.873947 1.847081 1.468089 1.09439 1.061615 1.172367 1.214501 1.332195 1.013764 0.8700952 0.604256 0.53433 0.5005234 0.5434585 0.6214627 0.7305599 0.8007402 0.956979 1.018244 1.213548 1.73332 1.98159 1.936272 1.871237 1.633439 1.402345 1.186779 1.001432 1.130975 1.056688 0.980486 1.123972 1.001867 1.026884 1.081483 1.140217 1.640273 2.244761 2.568519 2.2765 2.196586 2.354553 2.257594 1.964551 2.06339 1.881725
0.07973707 0.1676146 0.3780195 0.6461101 1.014642 1.197292 1.330844 1.420527 1.52125 1.635707 1.729177 1.762909 1.829804 1.915536 1.891635 1.890192 1.748899 1.774719 1.525659 1.311044 1.228229 1.166625 1.156512 1.300816 1.023057 0.9263626 0.7154727 0.6338733 0.5576504 0.4556822 0.5113773 0.7519324 0.7750428 0.9510117 0.9490822 1.004888 1.675406 1.927032 1.927571 1.836437 1.511141 1.290889 1.209556 1.105232 1.161853 1.095288 0.9794411 1.135683 1.081149 1.049272 1.086052 1.104052 1.346705 2.254972 2.248407 2.287015 2.194748 2.372567 2.196747 1.953011 2.084925 1.917466
1.707235e-031 0.08208342 0.3140154 0.6933966 0.9560741 1.152054 1.29063 1.438248 1.497378 1.536467 1.756421 1.787134 1.82648 1.871467 1.800884 1.791391 1.673165 1.728516 1.60419 1.417816 1.190454 1.223161 1.176597 1.290404 1.027088 0.9583865 0.7565134 0.6690556 0.5623533 0.4914806 0.4748156 0.7371503 0.7571273 0.8884571 0.9416061 1.214478 1.683674 1.710893 1.915004 1.816489 1.477746 1.321657 1.279561 1.223603 1.230137 1.046191 1.091734 1.145095 1.099022 1.061146 1.280958 1.081407 1.516797 2.257103 2.247447 2.289951 2.305413 2.380911 2.193285 1.945869 2.100247 1.942211
