rasters-bowlers/mishra.asc
ncols         164
nrows         21
xllcorner     -6.075
yllcorner     -1.575
cellsize      0.15
NODATA_value  -9999
[rows 0 to 20 of 21, columns 0 to 61 of 164]
4.196663e-008 0.06924145 0.292872 0.6714902 1.171222 1.733066 2.292625 2.797843 3.216995 3.537718 3.761847 3.89986 3.966534 3.977963 3.949637 3.895262 3.826123 3.750872 3.675017 3.602839 3.571643 3.496867 3.428852 3.366367 3.307465 3.282591 3.204843 3.124719 3.03719 2.704797 2.615435 2.494679 2.334313 2.126028 1.865574 1.581874 1.270771 1.082117 1.089034 1.263852 1.479128 1.47766 1.345979 1.222142 1.171688 0.9740293 0.9642183 0.9511568 0.9347475 0.9771059 1.027984 1.019262 0.8843383 0.8917672 0.9120896 0.8715033 0.9633567 1.054269 1.079442 1.09821 1.161124 1.15509
0.06753606 0.1489332 0.397172 0.8156388 1.368045 1.987689 2.600236 3.145253 3.586324 3.910208 4.120727 4.232055 4.263381 4.23517 4.166715 4.074638 3.972168 3.868983 3.771489 3.683332 3.642728 3.559929 3.487738 3.424343 3.367284 3.340448 3.269414 3.19743 3.119011 2.808134 2.726063 2.610113 2.449963 2.234048 1.953406 1.614383 1.268451 1.038162 1.048584 1.260782 1.503179 1.500255 1.557265 1.225107 1.174117 0.9838988 0.9749539 0.961667 0.9436598 0.8632884 1.021359 1.00824 0.8720263 0.8125244 0.7662295 0.8601742 0.9593543 0.9992824 1.093828 1.178836 1.176242 1.167541
0.2769681 0.3851252 0.6634111 1.117243 1.710689 2.373873 3.025988 3.599209 4.051558 4.367614 4.552464 4.62412 4.606949 4.526755 4.407434 4.268993 4.126694 3.991071 3.868507 3.762078 3.672439 3.622467 3.546702 3.483439 3.429682 3.402978 3.341151 3.280512 3.21538 2.932271 2.864616 2.763247 2.617252 2.414648 2.146594 1.82001 1.485414 1.260838 1.258211 1.432177 1.623141 1.557212 1.582325 1.450668 1.217702 0.995392 0.9879131 0.9754764 0.9566056 0.8749518 0.9020297 0.9956968 0.8559254 0.8551435 0.6875787 0.8403706 0.9505168 1.006197 1.114457 1.147593 1.198164 1.185205
0.6141931 0.7635128 1.077205 1.561377 2.183129 2.874693 3.553226 4.144769 4.600282 4.8999 5.048633 5.068416 4.989887 4.845565 4.665037 4.472231 4.284476 4.112853 3.963268 3.837779 3.735838 3.682858 3.604358 3.542376 3.5281 3.46886 3.418558 3.372221 3.324213 3.075231 3.028808 2.951118 2.831641 2.659888 2.430695 2.155652 1.880673 1.6901 1.649579 1.720355 1.800725 1.632306 1.61149 1.456074 1.297333 1.279553 1.002198 0.9919678 0.9734936 0.891063 0.9065888 0.8688704 0.8964673 0.8265329 0.7771063 0.7527689 0.8744481 1.013942 1.094789 1.238547 1.231753 1.212836
1.034049 1.232583 1.583406 2.092369 2.731548 3.439592 4.135682 4.740934 5.19733 5.477502 5.5844 5.543844 5.394137 5.176266 4.926802 4.674144 4.437613 4.228412 4.051454 3.907314 3.793906 3.739348 3.659214 3.599719 3.585327 3.536405 3.499587 3.469996 3.442204 3.232756 3.213213 3.166049 3.08075 2.947339 2.762611 2.540045 2.316489 2.142478 2.047022 2.008021 1.744654 1.703642 1.732429 1.665203 1.286903 1.246815 1.014242 1.007817 0.993586 0.9123776 0.9144639 0.8657886 0.7050192 0.7881706 0.7792721 0.6615031 0.8385166 1.020963 1.159766 1.308758 1.284421 1.267584
1.474936 1.721025 2.104512 2.630944 3.278379 3.994308 4.702889 5.32171 5.782365 6.046834 6.113436 6.01131 5.787538 5.493177 5.172916 4.859993 4.575521 4.330381 4.128048 3.967287 3.844281 3.790185 3.709761 3.653963 3.640979 3.603639 3.58177 3.570685 3.565197 3.399184 3.40993 3.39705 3.348944 3.25273 3.101917 2.908047 2.701459 2.515137 2.322789 2.234819 1.858363 1.758941 1.762764 1.665932 1.384934 1.208652 1.146774 1.01278 0.9828728 0.9381602 0.8162646 0.8658777 0.7001701 0.6526958 0.6880969 0.6150178 0.7380738 0.9643452 1.292582 1.576184 1.431386 1.466978
1.878616 2.162263 2.568245 3.102202 3.748166 4.462988 5.177631 5.808379 6.277092 6.53349 6.568775 6.413766 6.123988 5.760856 5.377373 5.011498 4.685833 4.41066 4.187858 4.014375 3.884753 3.792767 3.754574 3.703596 3.870378 3.668383 3.662351 3.67081 3.688708 3.694803 3.609632 3.630946 3.618892 3.555675 3.425697 3.236042 3.01865 2.803771 2.600427 2.351496 1.943516 1.791737 1.780616 1.671579 1.389712 1.182101 1.047297 1.014269 1.108788 0.9715912 0.995666 0.872031 0.7056944 0.6444883 0.5201377 0.3963594 0.6788148 0.8740024 1.252849 1.893753 1.312509 1.408082
2.203169 2.510174 2.925608 3.455322 4.08826 4.789546 5.497661 6.13067 6.604445 6.858346 6.875623 6.686212 6.351219 5.940061 5.512405 5.109976 4.756506 4.461748 4.226323 4.045797 3.913527 3.822402 3.973015 3.957554 3.913713 3.893738 3.89394 3.910494 3.808526 3.844656 3.898858 3.930891 3.93242 3.829843 3.716934 3.519121 3.279149 3.035431 2.789293 2.479447 2.003642 1.892101 1.762318 1.664584 1.417529 1.341561 1.164767 1.206679 1.201288 1.220598 1.036352 0.8206616 0.7329206 0.689753 0.5162151 0.1684707 0.8867609 0.806219 0.9547413 0.9380538 1.157891 1.335757
2.425353 2.741214 3.153228 3.667037 4.274667 4.947326 5.630589 6.247404 6.713664 6.96414 6.976269 6.776721 6.427067 5.999424 5.556317 5.141305 4.7788 4.478456 4.240439 4.059797 3.929458 3.842042 3.99971 3.984561 3.949631 3.940996 3.955633 3.990424 4.040783 3.987373 4.063686 4.098849 4.075497 4.037158 3.988285 3.750234 3.492997 3.236758 2.967929 2.645072 2.216426 1.833417 1.649539 1.600473 1.434715 1.430943 1.439123 1.480191 1.424364 1.32733 1.13012 0.9988822 0.8908174 0.7883698 0.7572134 0.9527946 0.7769986 0.5975161 0.5186047 0.8780748 1.424648 2.149382
2.536349 2.848459 3.246303 3.734565 4.306331 4.936369 5.576183 6.155845 6.597359 6.838287 6.854651 6.668737 6.337079 5.927899 5.501533 5.100745 4.749991 4.45934 4.229481 4.05597 3.932192 3.85119 4.018574 4.004011 3.977313 3.978869 4.00669 4.059104 4.133335 4.121857 4.233204 4.277258 4.154299 4.005015 4.098146 3.996906 3.766546 3.556093 3.328006 2.975363 2.276623 1.695765 1.358428 1.4366 1.479969 1.45345 1.480759 1.635689 1.778951 1.490493 1.167103 1.109938 0.9790043 0.7525818 1.043138 1.325178 0.7708267 0.5436206 0.5064048 0.8642653 1.750645 1.912913
2.536192 2.834499 3.210304 3.666649 4.195992 4.774544 5.358465 5.886095 6.289762 6.515623 6.542504 6.388433 6.101156 5.739722 5.357815 4.994817 4.674359 4.407163 4.195179 4.035316 3.922175 3.849815 4.029227 4.015512 3.995851 4.005666 4.044234 4.112001 4.081236 4.2438 4.426005 4.595835 4.630417 4.44398 4.406727 4.16169 3.885422 3.738307 3.580568 3.200638 2.553443 1.596209 1.014876 1.286805 1.495603 1.377595 1.341925 1.480445 1.832107 1.46286 1.272214 1.137233 0.9333811 0.773336 1.302273 1.504367 0.8659147 1.276645 0.6163263 3.568969 1.074865 1.683348
2.429936 2.706748 3.055571 3.477422 3.963052 4.488707 5.014184 5.486208 5.848998 6.05978 6.102329 5.991061 5.76376 5.467967 5.148284 4.838928 4.561803 4.328096 4.141263 3.999986 3.900522 3.838313 4.021724 4.01843 4.003958 4.019105 4.06424 4.141779 4.128951 4.325675 4.587973 4.968872 5.562061 5.807622 4.97987 4.300035 3.956576 3.914724 3.887092 3.533026 2.871572 1.956166 1.467729 1.552853 1.616783 1.409915 1.120531 1.064664 1.308591 1.270638 1.166376 1.357442 0.651237 0.5141324 1.749118 2.008079 1.509972 1.381809 0.8686902 3.389955 1.682954 0.8376529
2.226322 2.475895 2.795434 3.183952 3.629947 4.108836 4.583151 5.007174 5.336232 5.538054 5.601367 5.537635 5.375538 5.151545 4.900962 4.652227 4.424861 4.23006 4.072567 3.952819 3.8688 3.817441 4.006142 4.012554 4.000973 4.017808 4.063912 4.142435 4.128214 4.330822 4.609639 5.014901 5.545905 5.69721 4.991776 4.274032 3.961479 3.973761 4.009482 3.949142 3.242198 2.379718 1.973393 1.841754 1.856046 1.799406 1.241992 1.243058 1.061508 1.29382 1.323658 2.245095 1.917512 1.458291 1.600035 1.658533 0.9228367 0.9815351 1.097642 1.375267 2.092947 2.671215
1.93865 2.156896 2.447106 2.806622 3.221425 3.665399 4.102715 4.493568 4.802174 5.004555 5.093282 5.077483 4.978602 4.82402 4.641012 4.452598 4.275675 4.120973 3.994077 3.896849 3.828805 4.018618 3.983008 3.998226 3.987142 4.001944 4.043202 4.113211 4.076814 4.251849 4.475014 4.747495 4.994394 4.969836 4.548863 4.079848 3.87973 4.001352 4.670084 5.260026 3.255903 2.351026 2.078635 1.760813 1.412446 3.180855 3.786561 2.080424 1.578177 1.453346 1.212713 1.178148 1.784053 1.429995 1.104633 1.065706 0.53128 0.6914467 0.2016565 1.116366 1.425811 4.151964
1.586938 1.771448 2.034088 2.371004 2.765439 3.188928 3.605914 3.980444 4.28297 4.495316 4.612668 4.642442 4.60087 4.508622 4.386753 4.253761 4.124041 4.007538 3.910216 3.834926 3.782373 3.981984 3.953205 3.976369 3.963692 3.973389 4.005214 4.059665 3.987107 4.116912 4.261448 4.399344 4.468588 4.374735 4.10228 3.804284 3.641732 3.729751 4.426991 4.738887 1.378759 1.793454 2.046805 1.794258 1.388413 3.665727 4.788242 2.783229 1.947106 1.55382 1.381974 1.169936 1.214084 1.198196 1.015158 0.8273331 0.6850303 1.012663 1.104048 1.157012 0.1948807 2.013935
1.199899 1.350284 1.588367 1.909526 2.294032 2.710274 3.121629 3.494081 3.802006 4.031003 4.177961 4.249159 4.257336 4.218536 4.149309 4.064651 3.976788 3.894746 3.824504 3.769497 3.731253 3.94083 3.917905 3.910446 3.932623 3.93528 3.955174 3.990999 3.877769 3.962391 4.040694 4.091163 4.077641 3.962077 3.755852 3.514005 3.276119 3.000244 2.697774 2.683055 1.689562 1.831174 2.093091 2.097478 2.189919 2.87873 3.088309 2.600082 2.011204 1.647411 1.417544 1.203209 1.114132 1.031421 0.89156 0.8463863 1.275023 2.976564 2.117659 3.105947 1.150856 1.279619
0.8146708 0.9330298 1.150139 1.460887 1.842561 2.260066 2.674963 3.053893 3.373542 3.621877 3.796875 3.904095 3.954013 3.959573 3.934171 3.89019 3.838075 3.785932 3.739524 3.702547 3.67704 3.896432 3.878458 3.872121 3.896218 3.891098 3.898602 3.916228 3.764874 3.813225 3.846154 3.847333 3.794825 3.679268 3.503562 3.279564 2.991474 2.554656 2.042733 2.25785 2.268797 2.159781 2.208096 2.257501 2.300363 2.494694 2.394546 2.281285 1.982971 1.698473 1.446074 1.173771 1.060462 0.8969438 0.5569256 0.09144446 1.445068 1.433277 1.836235 1.678314 1.229225 1.41267
0.4724537 0.5635186 0.7630751 1.065647 1.44608 1.866441 2.286724 2.673807 3.005763 3.271983 3.471047 3.607972 3.691694 3.733031 3.743153 3.732493 3.710063 3.683111 3.657055 3.635629 3.872016 3.850039 3.836259 3.830592 3.856843 3.844283 3.840512 3.842499 3.658462 3.680962 3.684584 3.657477 3.592845 3.484569 3.332665 3.138219 2.893093 2.594658 2.362448 2.391268 2.399179 2.37985 2.294676 2.28789 2.234551 2.300604 2.077324 2.103469 1.932352 1.701349 1.460716 1.148727 1.113717 0.9758708 0.8097552 0.903177 1.560183 1.978619 1.798838 1.648057 1.486416 1.544458
0.2101209 0.2806731 0.4653317 0.7583354 1.133347 1.551308 1.971912 2.362628 2.702513 2.981723 3.198976 3.358686 3.46856 3.537826 3.575982 3.591961 3.5936 3.587364 3.578264 3.569929 3.817899 3.802801 3.792624 3.787474 3.816613 3.797576 3.784407 3.774072 3.563248 3.56693 3.551541 3.513505 3.447508 3.350732 3.223572 3.068544 2.891099 2.712247 2.586188 2.548455 2.477195 2.456134 2.309376 2.305684 2.189054 2.194213 1.905818 1.998115 1.826446 1.679672 1.469341 1.194069 1.239799 1.065001 1.060814 1.270413 1.547521 1.737189 1.741752 1.657982 1.555928 1.321304
0.05105022 0.1085702 0.2799688 0.5593371 0.9208546 1.32667 1.738022 2.123798 2.463997 2.749096 2.977517 3.152859 3.281658 3.371778 3.431348 3.468059 3.488749 3.499164 3.503883 3.506339 3.764907 3.755721 3.748704 3.744124 3.777101 3.752856 3.732403 3.710099 3.478476 3.469161 3.445511 3.403918 3.341681 3.257914 3.154104 3.034455 2.907372 2.788648 2.699193 2.647225 2.531889 2.50261 2.324646 2.308481 2.153243 2.127099 1.85907 1.689638 1.776513 1.659725 1.594448 1.318296 1.137256 1.142021 1.267815 1.375793 1.512362 1.681155 1.689347 1.656597 1.587358 1.673102
1.058499e-031 0.05110083 0.210013 0.4708939 0.8100496 1.193008 1.584349 1.955332 2.287095 2.570215 2.802503 2.986532 3.127602 3.232289 3.307484 3.359787 3.395137 3.418612 3.434343 3.71676 3.713756 3.709631 3.705441 3.701594 3.739402 3.711269 3.682019 3.652249 3.403668 3.388237 3.360904 3.319619 3.263183 3.191792 3.107455 3.01436 2.919307 2.831574 2.760077 2.608299 2.567494 2.533507 2.327584 2.305101 2.125775 2.084516 1.796311 1.623085 1.738406 1.708583 1.605494 1.34493 1.174569 1.192074 1.337669 1.413013 1.54471 1.642446 1.654195 1.584847 1.601696 1.627061
