rasters-bowlers/mishra.asc
ncols         164
nrows         21
xllcorner     -6.075
yllcorner     -1.575
cellsize      0.15
NODATA_value  -9999
[rows 0 to 20 of 21, columns 62 to 123 of 164]
1.145172 1.187061 1.171851 1.312945 1.867217 1.888916 2.068805 1.987288 2.188942 2.414502 1.810643 1.756435 1.328833 0.9179055 0.6310266 0.7740402 0.8546538 0.9324488 0.8593249 0.862543 0.7980974 1.14691 1.216874 1.212401 1.077634 1.141516 1.148763 1.540856 1.506106 1.463598 1.475196 1.809135 2.485726 2.367788 2.359462 2.971509 2.847667 2.675386 2.684699 2.387154 2.400938 2.287621 2.287768 2.286762 2.156169 1.831461 1.87952 1.859902 1.599443 1.583347 1.566467 1.549334 1.532689 1.517475 1.503433 1.49095 1.480273 1.471507 1.464632 1.459532 1.456028 1.453911
1.152972 1.185461 1.166285 1.621532 1.849738 1.838444 2.101725 2.028008 2.199534 2.37665 1.719848 1.70283 1.302193 0.920409 0.6377168 0.7758976 0.854116 0.9328146 1.078848 1.08547 0.8036115 1.146931 1.213018 1.203561 1.190567 1.135848 1.144475 1.525245 1.504327 1.46834 1.481169 2.125208 2.343356 2.342216 2.570776 2.911087 2.622304 2.63594 2.651487 2.370287 2.146435 2.278264 2.27944 2.278936 2.149693 1.83461 1.879776 1.617659 1.600563 1.581941 1.562364 1.543139 1.524515 1.50686 1.490821 1.476874 1.465288 1.456133 1.449313 1.444618 1.487174 1.486213
1.16302 1.181572 1.386681 1.59754 1.822584 2.110758 2.150035 2.274598 2.225704 2.17519 1.720152 1.612125 1.049013 0.9215168 0.6442465 0.7767323 0.9256229 0.9327628 1.151904 1.021014 0.8109432 1.147811 1.146289 1.191646 1.175161 1.125649 1.136822 1.449651 1.445274 1.478334 1.492188 2.122702 2.678106 2.298609 2.503165 2.992633 2.564481 2.590317 2.328374 2.352089 2.138244 2.268601 2.271067 2.146217 2.143217 1.838887 1.639305 1.621882 1.602063 1.580492 1.558707 1.536294 1.514272 1.493647 1.475266 1.459713 1.447267 1.480336 1.473787 1.470008 1.468541 1.46893
1.335263 1.172769 1.362718 1.39787 1.71349 2.106826 2.209604 2.359605 2.284148 2.152592 1.630164 1.196618 1.041857 0.9224159 0.7133619 0.7757188 0.9226916 0.8625772 1.153977 0.9639228 1.029313 1.276275 1.142873 1.176309 1.150567 1.104195 1.122289 1.37805 1.455097 1.499415 1.821417 2.237081 2.606416 2.435036 2.392113 2.547365 2.494576 2.53938 2.303141 2.108605 2.129901 2.258776 2.141091 2.140285 1.795407 1.844564 1.647419 1.627194 1.604933 1.580716 1.554574 1.527666 1.501377 1.477095 1.496781 1.478575 1.464877 1.455496 1.449954 1.447626 1.447859 1.450043
1.316139 1.119332 1.319201 1.375445 1.670024 2.075365 2.44103 2.530528 2.39906 1.932303 1.528489 1.006759 1.029538 0.9717324 0.7018803 0.7736623 0.8485777 0.9289902 1.094537 0.9858835 1.109481 1.274321 1.139535 1.165682 1.020437 1.053969 1.127275 1.371896 1.484127 1.851454 2.172552 2.513524 2.480458 2.240069 2.443926 2.397143 2.415833 2.486356 2.276368 2.09428 2.121161 2.131239 2.135823 1.80378 1.807174 1.851908 1.657415 1.635667 1.610127 1.58112 1.549518 1.516846 1.524898 1.494351 1.468724 1.448906 1.435016 1.42657 1.422731 1.422548 1.425106 1.429618
1.254378 1.085408 1.20171 1.299053 1.448501 1.997342 2.292923 2.568291 2.659398 2.051355 1.594718 1.004355 1.018829 0.6086661 0.6796807 0.7195502 0.8470669 1.11059 1.113445 1.032874 1.124406 1.151551 1.134263 1.165884 1.028979 1.004053 1.12425 1.412353 1.549622 1.878244 2.177842 2.560446 2.438483 1.999089 2.030836 2.140692 2.344848 2.202695 2.245345 2.075437 2.10774 2.125192 1.814653 1.821997 1.927372 1.861049 1.672626 1.647004 1.616963 1.624773 1.583558 1.540929 1.499907 1.463591 1.434287 1.41303 1.399626 1.393048 1.391896 1.39476 1.400406 1.407853
1.143401 1.046804 1.054478 1.415473 1.256875 1.334231 2.235858 2.101957 3.39766 1.636059 1.256975 0.8873167 1.145191 0.7191777 0.6822724 0.7463428 0.8016292 1.061829 1.117803 1.161981 1.18439 1.141303 1.172137 1.151166 1.07261 1.191295 1.174509 1.51236 1.913121 1.940013 2.290083 2.667092 2.225233 1.272589 1.409318 2.027317 2.31995 2.175534 2.00751 2.044875 2.092674 1.824969 1.845341 1.948418 1.940896 1.870842 1.832789 1.70469 1.667114 1.622954 1.5728 1.519866 1.469058 1.425267 1.391793 1.369656 1.357931 1.354622 1.357483 1.364506 1.374108 1.385134
1.028813 1.044715 1.575449 1.765792 1.142791 1.004482 1.780784 3.31403 3.739362 0.8357212 1.176393 1.633856 1.304875 0.9553716 0.7788865 0.8717544 0.9755876 0.7989391 1.158584 1.474633 1.143082 1.250694 1.076413 1.102144 1.147783 1.339439 1.180831 1.55887 2.023994 2.117468 3.185719 3.045867 2.48131 1.35943 1.547264 2.104996 2.362428 2.11943 1.924177 1.989973 1.99164 1.878724 1.990061 1.978372 1.957092 1.784838 1.751642 1.717931 1.677312 1.625462 1.562914 1.495197 1.430665 1.37718 1.339335 1.317614 1.309532 1.311466 1.319994 1.33243 1.346877 1.362081
1.218537 1.001211 1.191771 2.933541 1.1183 0.9825078 1.371037 2.844755 2.28123 2.309526 1.438952 0.8887536 0.9184936 1.138267 0.04696574 1.384391 0.806232 0.5322005 1.394863 0.6808931 0.9443967 1.006007 0.6059273 1.044012 1.624842 1.348879 1.145418 1.78976 2.380237 2.724349 3.296503 3.341079 2.953268 2.777501 2.540619 2.500319 2.177504 1.945084 1.72491 1.828998 1.895627 2.032163 2.021973 1.971783 1.925468 1.800924 1.769144 1.739988 1.698904 1.637158 1.556234 1.466539 1.382579 1.316863 1.275285 1.256512 1.255017 1.264685 1.280683 1.299728 1.319763 1.33958
2.156573 0.5006607 0.7449256 1.124286 1.465062 2.501829 0.8860329 2.824085 0.6008787 2.060135 0.1702665 0.7553362 0.9848149 0.4710896 1.208141 0.7886671 0.6318944 0.230485 0.2974751 0.9532378 1.228115 1.775115 1.909879 1.093677 1.042536 1.028451 1.197493 1.718271 4.261938 2.917387 2.900547 3.188192 3.536497 3.502221 3.153971 2.878539 2.164815 1.443643 1.31722 1.791562 2.283108 2.269545 2.142081 2.010956 1.929346 1.81122 1.792928 1.779852 1.742314 1.665548 1.55581 1.433394 1.322776 1.24276 1.199752 1.188109 1.196945 1.216862 1.241806 1.268243 1.294224 1.318761
1.141412 2.840143 2.109464 1.261036 0.8540725 2.672776 1.144372 5.610004 1.039905 0.6091572 1.632711 0.8211527 0.6917117 0.7828759 0.5188823 0.87723 1.205049 0.5194113 0.5863847 0.8135543 0.5644515 1.393098 0.9839113 1.359599 1.373924 1.043538 0.925052 1.377489 3.089949 2.10919 2.465343 3.724759 4.268547 3.803535 3.749631 3.181962 2.096567 0.8344412 1.071527 2.036725 3.056867 2.714576 2.260155 2.011638 1.904208 1.811099 1.829269 1.850947 1.81994 1.71679 1.56284 1.395535 1.252227 1.157829 1.117659 1.118506 1.140932 1.172403 1.206639 1.24038 1.27202 1.300915
0.8189647 1.82608 1.273628 1.156906 1.076679 1.04206 0.8195308 0.3610915 0.9505622 0.3732002 2.405221 0.8873211 0.3107137 1.004753 0.1063766 0.9387376 0.9623546 1.838864 0.8396544 1.026291 0.7149367 1.263433 0.538092 2.057691 2.286793 1.360566 1.473337 1.49815 1.541336 1.201063 2.597694 5.383668 4.033975 3.600466 3.94226 3.153611 2.528039 1.074666 1.302344 2.476312 3.956978 2.904548 2.178439 1.90375 1.829955 1.795551 1.875803 1.948422 1.920549 1.777519 1.569921 1.355444 1.182225 1.076729 1.042845 1.060137 1.095609 1.136962 1.178998 1.218768 1.254982 1.287329
1.048503 2.641056 1.233944 2.264344 0.7931395 1.989981 0.9857196 0.7355551 0.4565043 0.803505 2.020864 2.990244 1.259606 0.9397871 2.116052 5.095443 0.7842372 0.8396263 0.4490685 0.9439008 1.008371 1.466691 1.045046 0.8052983 1.287864 0.9450861 2.239985 2.55167 1.02891 1.550166 1.863374 3.432221 2.197057 3.189128 3.515172 1.819786 3.509219 2.492887 1.632474 1.958897 2.437263 1.996147 1.626351 1.561848 1.616805 1.75035 1.885901 1.990014 1.960075 1.793661 1.55857 1.321985 1.138211 1.032196 1.001458 1.028957 1.068877 1.115543 1.162274 1.205704 1.244669 1.279068
5.603582 3.860848 1.205263 3.062359 1.517015 1.073634 0.6291521 2.872452 0.9640957 1.567425 1.395804 0.2343456 1.87342 0.6766229 0.8789939 1.882215 1.194401 1.170964 0.9388996 1.644891 0.4365597 0.5475046 1.297755 0.8939969 1.708119 0.8720622 1.155491 1.377542 0.5348024 0.6815833 1.849455 3.067065 2.803533 2.326609 2.198797 1.525931 2.397208 1.187221 1.093117 1.487869 1.319061 0.6943024 0.8812951 1.30499 1.546934 1.66314 1.808364 1.897221 1.871075 1.730067 1.522268 1.305824 1.134823 1.037502 1.001049 1.020661 1.062742 1.110904 1.158564 1.202617 1.242032 1.276774
3.170843 3.324946 2.80124 1.28336 2.935111 2.51358 1.319859 0.8977131 0.4021851 0.9046913 1.043758 0.65918 0.7683336 0.7923786 2.118701 2.348238 1.929184 1.556601 1.140541 0.8605774 0.9352244 1.150426 0.9394733 0.6959872 0.9628028 0.7625112 1.151094 0.8693195 0.4002939 0.7619279 1.297631 2.944581 2.7713 1.960117 1.57137 1.595784 1.810639 1.294486 1.336432 1.373116 0.8438182 0.01778918 0.519348 1.103318 1.434238 1.563999 1.691151 1.754186 1.73592 1.637043 1.481851 1.309665 1.163369 1.068781 1.028837 1.041585 1.07958 1.123945 1.168267 1.209713 1.24719 1.280519
2.483724 2.279386 0.7184607 1.217952 0.8121407 1.164657 1.475222 1.752851 2.841165 0.4752358 0.3224376 1.929812 0.08873145 0.9601839 3.862962 3.288105 2.148653 1.529564 1.076559 0.8573612 1.064265 1.100798 0.9657872 1.089597 1.062601 1.689054 1.164006 1.033068 0.6410745 1.043049 1.231792 1.520267 2.347563 2.24875 2.108013 2.204533 2.127092 1.743097 1.584835 1.441668 1.060656 0.6519833 0.8378197 1.155254 1.413545 1.49714 1.59836 1.643917 1.632058 1.565043 1.455789 1.328444 1.212563 1.130878 1.092402 1.093172 1.117939 1.152619 1.189756 1.225857 1.259384 1.289798
1.677276 2.632989 1.934105 1.50782 0.9750701 1.112395 1.345725 1.256988 1.143434 1.187675 1.397563 1.382087 0.8745733 1.148078 1.535914 1.931922 1.917054 1.553049 1.384608 0.9685865 0.9336058 1.072771 1.055624 1.24268 1.385829 1.49424 1.233766 1.123267 0.6844398 1.2052 1.519835 1.753855 2.227395 2.291375 2.690871 3.596048 3.144319 2.177946 1.959664 1.58892 1.353991 1.158716 1.223998 1.354725 1.502744 1.475177 1.546058 1.577283 1.568813 1.522367 1.445831 1.354226 1.266846 1.20057 1.163981 1.155847 1.168034 1.191438 1.219615 1.248838 1.277151 1.303626
2.021986 2.275513 1.863413 1.377964 0.8862453 1.131726 1.240344 1.453088 1.289484 1.232661 1.313552 1.342408 0.9724278 1.257639 1.62378 1.88165 1.967112 1.842937 1.459718 0.9691242 0.8986247 1.109505 1.063934 1.381485 1.436527 1.466706 1.502211 1.17075 1.065394 1.119201 1.641813 1.875923 2.079799 2.407513 2.897823 3.49473 3.283413 2.423751 2.125835 1.726668 1.551141 1.424263 1.429638 1.510669 1.580351 1.645187 1.530903 1.548299 1.539047 1.504189 1.448768 1.382247 1.316929 1.264233 1.23092 1.217664 1.220642 1.234291 1.253843 1.275988 1.29868 1.320759
2.237611 1.962598 1.759832 1.461616 1.076462 1.141119 1.256254 1.438225 1.251779 1.070436 1.219884 1.029408 0.9922002 1.372408 1.75928 1.799384 1.95111 1.929383 1.479237 1.026632 1.086522 1.028832 1.401525 1.418081 1.450764 1.464589 1.148683 1.181347 1.04841 1.265081 1.714664 1.944414 2.114033 2.424451 2.748757 2.772956 2.809599 2.349741 2.187514 2.000748 1.672666 1.621918 1.577336 1.628241 1.654675 1.683519 1.692974 1.540479 1.529243 1.501265 1.459587 1.410171 1.360806 1.318982 1.289676 1.274303 1.27127 1.277478 1.289713 1.305367 1.322589 1.340175
2.199672 1.920412 1.590915 1.131626 1.092689 1.241318 1.24371 1.435762 1.310393 1.474319 1.251349 1.014971 0.9976236 1.344493 1.818958 1.8153 1.959394 1.943392 1.485558 1.091165 1.158692 0.9485327 1.432068 1.090966 1.457695 1.465258 1.134508 1.18195 1.141046 1.311976 1.271271 1.981631 2.124772 2.332724 2.609816 2.43305 2.413018 2.222886 2.052139 2.051481 1.743548 1.664383 1.671612 1.656681 1.71717 1.723002 1.716394 1.702379 1.678013 1.50708 1.474184 1.436187 1.39799 1.364453 1.339104 1.323425 1.316982 1.318137 1.32485 1.335221 1.347734 1.361286
2.073649 1.969197 1.572294 1.285924 1.164541 1.239947 1.237546 1.450111 1.30705 1.382427 0.9357296 1.008721 1.3159 1.35555 1.780072 1.805096 2.292062 1.952106 1.913899 1.385343 1.160628 0.9411131 1.522123 1.093305 1.461949 1.467382 1.124865 1.180863 1.154687 1.343619 1.298854 2.001939 2.180337 2.050152 2.523918 2.266612 2.201448 2.122438 2.019858 2.072877 1.994471 1.718156 1.733473 1.7128 1.708327 1.817493 1.741976 1.721923 1.696203 1.664141 1.490535 1.460122 1.429642 1.402236 1.38035 1.365263 1.357055 1.354925 1.357635 1.363873 1.372476 1.382512
