rasters-bowlers/mitchelljohnson.asc
ncols         108
nrows         21
xllcorner     -3.075
yllcorner     -1.575
cellsize      0.15
NODATA_value  -9999
[rows 0 to 20 of 21, columns 0 to 61 of 108]
1.952025e-008 0.03083525 0.1175329 0.2325171 0.3746071 0.4746693 0.5506394 0.6070288 0.6494617 0.6822723 0.7089888 0.7940431 0.8147265 0.8281525 0.7642156 0.7621733 0.7572231 0.6815264 0.7258253 0.651786 0.8629435 0.7295982 0.7156491 0.7222781 0.7329239 0.6847519 0.6929955 0.6371105 0.6444722 0.644171 0.6409866 0.6377713 0.3774765 1.004742 0.9716564 1.075305 0.9850246 1.095484 1.135325 1.495187 1.507646 1.567118 1.623063 1.596601 1.588866 1.591604 1.334207 1.577032 2.300029 2.859624 2.944963 2.82382 2.745131 2.606856 2.559265 2.296854 2.35443 2.399223 2.669579 2.391023 2.364694 1.943538
0.03077617 0.06446284 0.1530778 0.2675011 0.4085235 0.5030661 0.5732011 0.5764371 0.6616493 0.6911095 0.7156416 0.7376713 0.816498 0.8266046 0.7697823 0.7687723 0.7002231 0.6895641 0.7286625 0.8770922 0.8523629 0.7214069 0.7044434 0.7066084 0.7187636 0.6760579 0.6869402 0.6347027 0.6446445 0.5760229 0.6401813 0.6349559 0.5793102 0.9838447 1.07965 0.9954828 0.978934 1.034598 1.148536 1.446324 1.525793 1.582904 1.565362 1.591908 1.632567 1.574232 1.336536 1.580518 2.315399 2.764098 2.980368 3.050842 2.755625 2.588142 2.117789 2.265456 2.341756 2.407064 2.684748 2.417969 2.304816 1.874608
0.1170685 0.1528383 0.2327737 0.3323404 0.425958 0.5418492 0.6008631 0.643117 0.6241813 0.6986734 0.72032 0.7411729 0.810298 0.8227841 0.7758335 0.777527 0.7110829 0.7000473 0.7330538 0.8715247 0.8405766 0.7124502 0.6915626 0.6873645 0.700622 0.6637276 0.679059 0.5702998 0.6449972 0.5760164 0.638844 0.6306792 0.5796394 0.7299274 1.053678 0.9758371 1.028396 1.152339 1.163072 1.465804 1.553635 1.606362 1.57323 1.582029 1.601538 1.54789 1.336099 1.397254 2.198307 2.755357 3.032394 3.083711 2.773732 2.232709 1.957098 2.342031 2.314172 2.416693 3.015725 2.460525 2.319296 1.875705
0.2109261 0.2669416 0.3322561 0.4098462 0.4826513 0.5415259 0.6296495 0.6618378 0.6850613 0.6530283 0.7215478 0.7333289 0.7472348 0.8174949 0.7806014 0.7892445 0.7258847 0.71088 0.7396605 0.865432 0.8277332 0.7032633 0.8065926 0.6637563 0.6767668 0.6465535 0.6681666 0.5720673 0.6463295 0.6439227 0.6342874 0.8647815 0.6377503 0.7282876 0.9692779 1.057802 1.00787 1.138537 1.177673 1.264129 1.60015 1.590184 1.581028 1.560183 1.359515 1.337748 1.329797 1.415932 2.170405 2.816598 2.867607 3.137297 2.987728 2.223017 1.914904 1.913817 2.259058 2.429008 2.815693 2.842043 2.646289 1.876299
0.3120271 0.3753106 0.4260487 0.4834229 0.5364463 0.5797329 0.6563638 0.6783317 0.6933265 0.6572999 0.7122812 0.7216396 0.7383554 0.8099592 0.8354934 0.8025643 0.7456254 0.7261381 0.7494118 0.8601474 0.8145059 0.6957378 0.6633089 0.7623172 0.7714033 0.6210485 0.6517299 0.6835952 0.5916396 0.648551 0.6288583 0.6694125 0.6253018 0.7226804 0.7691782 1.020955 0.98179 1.064316 1.189316 1.329176 1.682958 1.660265 1.585418 1.506305 1.335788 1.107304 1.311557 1.368093 1.835552 2.89727 3.273991 3.280688 3.022121 2.217566 1.844043 1.814992 2.392598 2.647362 2.90994 2.849404 2.643659 1.876176
0.3589096 0.3870053 0.5020295 0.5440832 0.5828922 0.6138272 0.6358624 0.6924506 0.6987167 0.69922 0.6969352 0.7038824 0.7237284 0.7997144 0.8348611 0.8172846 0.7729462 0.7480793 0.7600795 0.8568972 0.7262824 0.6963981 0.6559468 0.7087074 0.7102408 0.5796531 0.6234136 0.6767887 0.6644043 0.7180095 0.6239349 0.6486962 0.6016218 0.7055209 0.7772872 0.9372079 0.9690142 1.062807 1.189624 1.422478 1.843216 1.817003 1.585645 1.398249 1.292165 1.141177 1.269248 1.354463 1.844184 3.014051 3.420338 3.514149 3.095526 2.175348 1.530199 1.432742 1.972049 2.601493 3.116625 3.145779 2.666912 1.962386
0.4168567 0.4441529 0.5592901 0.5917655 0.6211779 0.6448328 0.6598538 0.7062584 0.7022895 0.6882347 0.6768088 0.6766985 0.6984548 0.783727 0.8355048 0.8818656 0.8097106 0.7801715 0.7753641 0.8943576 0.730944 0.7274317 0.6838408 0.6353493 0.6233888 0.5031645 0.5627146 0.6244438 0.6970049 0.735585 0.6215254 0.6179219 0.6092692 0.6628558 0.7501304 0.8802933 0.9987199 1.008099 1.253925 1.509904 2.115096 2.297498 1.635097 1.062894 1.417521 1.31222 1.196428 1.405905 1.885569 3.52864 3.633537 3.686789 3.198993 2.164618 1.442183 1.186519 1.675246 2.684503 3.694257 3.692562 2.077122 1.938812
0.4578763 0.4850733 0.5163805 0.6287251 0.6548826 0.6756335 0.687873 0.7203987 0.7052141 0.6820566 0.6521284 0.6339282 0.6520195 0.7547075 0.8395436 0.8716685 0.8989978 0.8266414 0.9207593 1.038004 0.7255926 0.7989061 0.8635231 0.4508824 0.5134023 0.3331234 0.4166354 0.6393498 0.8094402 0.7695377 0.6720245 0.5683909 0.7070717 0.5779021 0.6613587 0.7335102 0.8232604 0.8906973 1.239969 1.496153 2.462231 3.446125 1.712398 1.476712 2.154273 1.136238 1.057967 0.7126253 1.448063 3.275365 3.645916 4.043304 3.726162 1.684146 1.696426 3.146927 1.887324 3.112971 3.728635 4.397492 1.639035 1.517993
0.4849985 0.5127288 0.544928 0.6571194 0.6856374 0.711953 0.7279211 0.7453437 0.7247276 0.6974829 0.6319469 0.5620995 0.5609052 0.692997 0.8505707 0.955796 0.953666 0.9187511 0.9505315 1.051941 0.7250296 0.6210716 0.3188857 0.195209 0.4835881 0.08757903 0.2451947 0.7661877 0.9368014 0.8117275 0.6419024 0.6423862 0.5946704 0.4010744 0.6344099 0.7052078 0.7741043 0.686321 0.9555052 1.092673 1.641279 1.670495 1.316493 1.470871 1.727027 1.021103 0.9002041 0.7954168 1.010816 1.718915 3.260835 5.796879 5.100107 1.359298 0.5307538 1.438793 1.797261 1.364385 3.605904 2.643793 3.24503 2.476463
0.5004931 0.5289215 0.5628971 0.6035768 0.7129557 0.7557916 0.809884 0.8024172 0.7661837 0.7867913 0.6595079 0.4275828 0.3615002 0.5395638 0.8891711 1.034251 1.060815 1.049005 0.9868284 1.068348 0.934607 0.5180404 0.07617051 0.5269241 0.6936673 0.5700378 0.712194 1.167767 1.189865 0.8302298 0.5254319 0.3954877 0.39631 0.09564873 0.4982527 0.04227575 0.8228593 0.2560712 0.5514768 0.5724674 0.7040624 0.6587486 1.265849 2.162812 2.463259 1.966799 1.445015 0.6019245 1.275922 0.03175376 1.752387 4.522072 2.834476 1.676812 0.2144166 0.9227462 1.278312 3.492326 2.53111 2.897532 1.333466 0.896897
0.5056535 0.5342808 0.5692919 0.6135833 0.6733739 0.7951813 0.8976414 0.9236747 0.7963881 0.9035614 0.7002252 0.08537195 0.1378767 0.3948909 1.006288 1.398459 1.01281 1.076432 1.005617 1.140736 1.091216 1.026003 1.099072 1.206251 0.7628153 0.667491 1.054572 1.840319 1.513352 0.397765 0.3142056 0.2058636 0.4663503 0.2904821 1.004328 2.296679 1.502268 1.249364 0.7037478 1.165678 0.5293611 0.5602617 1.202896 2.010555 2.114183 2.443042 2.484393 1.655411 2.551063 1.010106 0.6495573 1.566137 2.739272 1.47101 0.2657665 1.255642 0.648153 4.024904 1.426474 0.6822323 0.7143973 0.3867065
0.5011036 0.5289677 0.5629192 0.6059064 0.7156739 0.7878038 0.9066182 0.9616165 0.7218368 0.6225104 0.4600157 0.2650872 0.4889576 0.8456552 1.008331 1.593539 1.14092 1.133287 1.267916 1.137882 0.2497852 1.680466 2.086015 1.730563 0.01084103 0.7083502 1.006918 1.179243 0.7172948 0.6353 0.5008844 0.751833 0.9723798 0.8595021 1.040317 1.646694 2.152012 0.7448395 0.1061523 0.2835245 0.789709 0.9203236 0.5261937 1.152336 0.9289954 1.011726 0.5049803 0.1630685 0.8442298 0.8990101 1.170382 0.953109 1.112924 0.2838415 0.09012855 0.8413593 0.4053186 2.370273 0.6251376 0.4918133 0.8869373 0.6138045
0.4870731 0.5133809 0.5442863 0.6436348 0.6756945 0.7175063 0.7585348 0.7133408 0.4904403 0.2526338 0.3233784 0.4651643 0.6535639 0.8798168 0.9585072 0.6734345 0.4574862 1.209062 1.797174 1.774639 1.441838 2.438201 3.401193 1.208889 0.6141323 0.9235817 0.9422708 0.9532018 0.8770822 0.815253 0.775464 0.8119552 2.270854 0.9106072 0.4858121 0.9390687 0.3593045 0.861038 0.1183618 0.2594819 1.002474 0.7159429 0.624115 0.9002641 0.6799787 0.6159816 0.2359963 0.9319606 0.9023704 2.41299 3.882287 1.099402 1.529441 2.124562 0.349876 2.591759 2.12721 0.6951424 1.36896 0.5181501 0.4936481 0.635839
0.4633 0.4881236 0.5158648 0.6063768 0.6242543 0.6334842 0.6163607 0.5297366 0.3316433 0.04532866 0.1977087 0.4894423 0.7067539 0.8910933 0.9746486 0.8629074 0.9965745 1.473078 2.868097 2.673691 1.325296 3.223835 1.169012 1.491002 1.050882 0.9625752 0.688626 0.4908637 0.9591451 0.7172462 0.7364811 0.5583181 0.4711642 0.539287 0.6061379 0.9414972 0.9181579 0.5540703 0.08709925 0.1325865 0.8359772 1.795452 3.106184 1.579224 0.4224978 0.4485922 0.7732418 0.8021536 0.7657335 0.4382109 4.4765 0.5370595 1.5498 1.08748 0.6711441 0.8171979 0.6956598 0.8345267 0.8936196 3.195254 0.2059566 1.415246
0.4285013 0.4530494 0.5463916 0.5660676 0.5768292 0.5714691 0.5390636 0.4661227 0.3546764 0.2659301 0.3097437 0.5072877 0.7106001 0.9252395 1.022907 1.096189 1.251917 1.865867 2.192108 2.437297 2.247192 3.831165 2.48962 1.671663 1.281338 1.156168 1.264976 3.571828 1.706473 0.6155845 0.8227727 0.619733 0.4154777 0.5820658 0.6733922 0.7991702 0.8033219 0.5585893 0.2672181 0.443933 0.9749424 2.398186 3.198249 2.237307 2.075578 0.7916588 0.2255527 0.06652593 0.7613481 0.9541199 0.5559241 1.487512 1.078925 1.884224 0.8104188 2.848572 0.5827678 0.7352872 1.230579 2.698409 2.444585 1.333217
0.3797387 0.4698668 0.4992454 0.5246207 0.5381184 0.4744939 0.4511823 0.401959 0.3403196 0.2153979 0.2266458 0.498641 0.7009906 0.8635789 1.056048 1.222314 1.402056 1.823515 1.976258 2.197887 2.416891 2.723768 2.419229 1.764145 1.589894 1.264341 1.435611 1.952865 1.025601 0.2128396 0.7160773 0.6255711 0.6618456 0.7356881 0.8378162 0.9094635 0.9159319 0.7599254 0.5507047 0.9066727 1.125408 1.961722 2.299656 2.079858 1.652978 0.9440318 0.9085913 0.9662743 1.662445 0.9137225 1.678247 3.551893 1.872328 1.92401 1.746122 1.711976 1.196648 1.184325 1.524868 2.251349 2.616564 1.880249
0.3125573 0.3977338 0.3805514 0.4177184 0.4429816 0.4509981 0.4398814 0.4323004 0.3574828 0.1798854 0.2211822 0.6646233 0.696202 0.8315512 1.078409 1.218259 1.409721 1.422451 1.586894 1.98276 2.226569 2.298016 2.125585 1.631371 1.371573 1.184816 1.231127 1.252843 0.9906797 0.8138606 0.6740196 0.6587777 0.509369 0.8368633 0.9857263 0.9208396 0.9563409 0.833361 0.9119436 1.000333 1.099178 1.707154 1.99425 1.800514 1.328235 0.9610245 1.034061 1.000094 1.260441 1.465873 1.939632 2.371685 2.072242 1.839925 1.81844 1.336792 1.25042 1.484647 1.276417 1.871589 2.186274 2.078508
0.2236109 0.2578062 0.31319 0.3701611 0.4129391 0.4683923 0.4730932 0.4634385 0.4491794 0.488046 0.8559841 0.9019799 0.7535809 0.9698042 1.078934 1.197005 1.341647 1.047905 1.208351 1.777379 2.031837 2.063184 1.870259 1.363596 1.002056 1.169514 1.233498 1.082719 0.9919021 0.9775783 0.8226386 0.8572631 0.5692078 0.7187493 0.9330375 0.8227343 0.7734791 0.8322802 0.9434859 1.048354 1.283087 1.556043 1.806024 1.654896 1.290179 1.094782 1.066211 0.9659155 1.385605 1.508304 1.6378 1.916226 1.906628 1.832769 1.772511 1.433582 1.204318 1.327159 1.009231 1.461651 2.002016 1.998323
0.1211699 0.1589174 0.2554476 0.3446265 0.4138356 0.4572184 0.4809068 0.4959253 0.5211837 0.6153469 0.7423763 0.7834851 0.801604 0.9823022 1.076017 1.144189 1.342628 1.258039 1.354092 1.723877 1.951403 1.931031 1.9268 1.439428 1.202731 1.202747 1.192804 1.036757 0.9745154 0.94454 0.837969 0.7549677 0.5911821 0.6429505 0.787366 0.7357602 0.6887388 0.6993233 1.088795 1.10016 1.409966 1.630712 1.707306 1.578062 1.261131 1.113223 1.097526 0.9348471 1.408412 1.510744 1.616928 1.852775 1.804876 1.802264 1.802704 1.631054 1.515538 1.383629 1.418806 1.658091 1.931489 1.876852
0.03699087 0.07813925 0.1792124 0.2936239 0.3846957 0.4454445 0.484617 0.5145404 0.5818263 0.629256 0.7090522 0.717513 0.8621992 0.9987159 1.036361 1.265301 1.416881 1.460361 1.525927 1.650284 1.906407 1.874468 1.812164 1.426497 1.349809 1.343898 1.193181 1.015879 0.9527755 0.920389 0.8769743 0.7755142 0.5951718 0.6213051 0.7074581 0.7292323 0.5879444 0.9513999 1.126646 1.340831 1.509113 1.675545 1.656739 1.602775 0.9369549 1.118784 1.107642 1.098294 1.365013 1.50304 1.569533 1.802147 1.748262 1.830528 1.772819 1.680183 1.767309 1.640372 1.873997 1.815726 1.933812 1.809867
7.981093e-032 0.0385183 0.1420029 0.2637253 0.3646495 0.4356695 0.4841252 0.5598622 0.5929477 0.6282093 0.7022377 0.6975465 0.8801678 1.016165 1.038491 1.280924 1.470875 1.560111 1.612235 1.720126 1.899113 1.897899 1.841341 1.478311 1.430531 1.40266 1.203846 1.00122 0.9353721 0.9075485 0.8764739 0.7842734 0.5914164 0.6639617 0.6860203 0.7026691 0.5982815 0.965024 1.154704 1.441871 1.532526 1.663553 1.562371 1.577967 1.189906 1.120551 1.109782 1.109 1.498916 1.493962 1.538372 1.772177 1.785282 1.794748 1.750906 1.679503 1.810323 1.787843 1.852651 1.893892 1.949398 2.045061
