rasters-bowlers/mitchellmcclenaghan.asc
ncols         108
nrows         21
xllcorner     -3.075
yllcorner     -1.575
cellsize      0.15
NODATA_value  -9999
[rows 0 to 20 of 21, columns 0 to 61 of 108]
9.023567e-008 0.1427691 0.5069245 0.9397463 1.249807 1.457323 1.597365 1.703725 1.784258 1.758061 1.641578 1.524681 1.381645 1.226252 0.9197495 0.7994412 0.7057465 0.6817347 0.6554626 0.7981396 0.8073251 0.7809865 0.7779061 0.775321 0.7822899 0.7628725 0.5984536 0.753017 0.8001708 0.7884203 0.9730101 1.014475 0.9878156 1.054477 1.077688 1.256345 1.320855 1.377904 1.404018 1.353672 1.331429 1.283207 1.179492 1.233582 1.103539 0.8999506 0.8529584 0.8263406 1.114857 1.196182 1.517704 1.705338 1.824334 2.364159 2.551921 2.556929 2.486238 2.427016 2.301275 2.258693 1.903565 1.878295
0.1403435 0.2937666 0.6480567 1.014242 1.331077 1.509373 1.633777 1.748645 1.868084 1.897568 1.78765 1.693544 1.52849 1.224933 0.9283543 0.7484394 0.6253009 0.7165127 0.5874633 0.7431955 0.7416741 0.7446175 0.7289864 0.7139647 0.6798268 0.7126557 0.5676243 0.7332726 0.797021 0.7998745 0.7813346 0.952673 1.021091 1.036598 1.065267 1.239374 1.327642 1.401149 1.393247 1.393095 1.365292 1.259171 1.256642 1.197582 0.9326171 0.8628057 0.8116767 0.7962257 1.075315 1.230983 1.519122 1.654504 1.789923 2.333936 2.571214 2.757202 2.953239 2.902062 2.455236 2.147431 1.807273 1.729605
0.4873511 0.6325343 0.9056913 1.180624 1.384698 1.558145 1.646748 1.747058 1.904632 1.999988 1.885802 1.710951 1.534612 1.352375 0.9078858 0.7127581 0.5608199 0.4841862 0.5758054 0.6860117 0.7103589 0.7062769 0.660618 0.6180543 0.6193918 0.705249 0.5267669 0.7112935 0.7986086 0.8154197 0.8078063 0.8209223 0.9954466 1.01097 1.044539 1.21241 1.333628 1.436439 1.454628 1.449029 1.400163 1.277521 1.231176 1.107092 0.8848368 0.8045547 0.7557676 0.7598165 1.020164 1.126419 1.129629 1.534312 1.721342 2.020146 2.490973 2.945458 4.016556 3.791103 2.527903 1.909194 1.633463 1.595121
0.8489288 0.9679532 1.150089 1.33269 1.512141 1.60601 1.650073 1.675043 1.785089 1.858389 1.79442 1.665956 1.528676 1.226505 0.9260433 0.6972334 0.3687152 0.1337898 0.444792 0.6414681 0.6845503 0.6734612 0.5561078 0.4458233 0.4724334 0.572015 0.7846147 0.6919982 0.8109752 0.8396904 0.9161781 0.8530797 0.9676672 0.9784356 1.011739 1.167307 1.327535 1.498989 1.564607 1.529714 1.436511 1.262405 1.175274 1.017808 0.7887698 0.7089199 0.6815253 0.5534302 0.6809998 0.9982033 1.154264 1.243385 1.800268 2.057815 2.19441 2.677778 4.396954 3.111926 1.779652 1.466511 1.361138 1.315569
1.115219 1.202755 1.31669 1.430692 1.566782 1.670704 1.74368 1.595148 1.53291 1.661831 1.626644 1.611392 1.542688 1.423876 1.137522 0.9105827 0.5580264 0.1986446 0.527836 0.5775703 0.6411396 0.6810338 0.4317174 0.1084157 0.3021066 0.3323058 0.6752778 0.6929528 0.8431219 0.831453 0.9340086 0.9287961 0.9450313 0.9431239 0.9653937 0.9627072 1.266178 1.634715 1.845891 1.642784 1.401229 1.129505 1.103081 0.7379098 0.6033996 0.5370793 0.5115244 0.5068427 0.6823923 0.859929 1.023014 1.370834 1.57936 1.838669 1.725648 1.873211 2.23597 1.310871 0.3266135 1.281961 0.8551419 1.071115
1.283419 1.343297 1.410296 1.473859 1.541543 1.685546 1.987498 1.367661 1.132309 1.427478 1.655307 1.614565 1.606902 1.527267 1.382679 1.263012 1.522968 1.283359 0.7104452 0.2197278 0.5534499 0.8023254 0.6142135 0.2357528 0.2298189 0.1179216 0.6397269 0.7058554 0.9080073 0.9272315 0.9324539 0.9108658 0.9279867 0.8033224 0.9110686 0.8896539 0.8689605 1.773797 2.97774 1.852256 2.686497 1.516053 1.091341 0.1618095 0.395685 0.1160943 0.4390434 0.4852185 0.6701867 0.587319 0.8103536 1.546303 1.661357 1.673826 1.192396 1.46503 2.144359 1.775096 1.315269 1.136566 0.9920894 1.29234
1.382734 1.421668 1.456246 1.479718 1.488852 1.4826 1.227559 0.05676838 0.6184009 1.308907 1.685774 1.702415 1.733031 1.670962 1.53018 1.550764 1.845698 1.729976 0.8900006 0.5244278 0.8986036 0.9881133 0.9837101 0.8669012 0.7607193 0.7292741 0.8960362 0.9963332 0.9903964 1.009441 1.059895 0.9362671 0.4599542 0.6533718 0.7964911 0.9443837 0.5199594 0.9075273 1.556499 1.6599 1.967298 1.674753 1.042819 0.572174 0.7341245 0.3940197 0.7023238 0.1715015 0.5048959 0.4830319 0.8028659 2.002968 2.266545 1.948067 0.9771503 1.672661 3.160802 2.592435 2.074181 2.059675 2.102917 1.835575
1.442788 1.462767 1.473545 1.467321 1.445015 1.359581 1.038006 0.5625491 0.9001617 1.503813 1.86079 1.976604 1.8983 1.84845 1.648036 1.637341 1.53379 1.459118 1.145904 1.017389 0.9891154 1.111129 1.277968 1.31904 1.10655 1.046081 1.029898 1.086203 0.9704532 1.156714 1.274612 1.557452 0.915971 0.8912417 0.7280257 0.7497394 0.7709568 0.717286 0.6840082 0.6618786 1.303127 1.464532 0.7875851 0.7630588 0.8119639 1.0022 1.866856 0.7202612 0.4828154 0.7701093 1.123638 2.518946 3.278683 1.438096 1.887749 2.947198 2.275367 2.280031 2.149635 2.564737 1.880236 1.767808
1.409676 1.487406 1.470775 1.420177 1.376905 1.469349 1.467856 1.351945 1.552693 1.958471 2.170738 2.137693 1.99283 1.971329 1.77731 1.601465 1.372989 1.223646 1.372712 1.344095 1.511257 1.537013 2.106661 2.102066 1.093166 1.103276 1.077201 1.127948 1.151582 1.195921 1.275723 1.566404 0.9306592 0.790216 0.7038309 0.5556916 0.6593707 0.9446453 1.066578 0.5606613 1.538395 1.50108 0.9711249 0.3037868 0.7177057 0.9829558 1.041285 0.740645 0.7434925 0.6875564 0.315596 1.040064 1.066757 1.220379 2.659719 2.413167 1.724931 1.876592 1.015999 2.345642 1.338828 1.603505
1.420619 1.447954 1.516222 1.360662 1.15909 1.35837 1.768746 2.016391 2.177108 2.517724 2.67996 2.476545 2.145095 1.938786 1.724832 1.346438 1.227026 1.208564 1.609636 1.684424 1.860978 2.179046 3.35249 5.838734 1.848976 1.191937 1.001675 1.004107 1.443914 1.611385 1.022243 0.9627271 0.6713941 0.8430267 0.7268829 0.9184066 0.7357461 1.465539 2.478565 3.373158 3.107437 2.038326 0.9779817 0.3357036 0.8551016 0.7702035 0.8944689 0.8776479 0.8201774 0.3012012 1.288972 1.405504 2.170153 2.98725 3.870941 3.171578 2.42822 2.475609 1.381192 0.5717595 0.7315744 0.425637
1.409195 1.510416 1.521092 1.433479 1.098082 1.448678 2.095568 2.466679 2.80433 3.311466 3.522316 3.086899 2.627513 2.037861 1.279491 0.7669399 1.100479 1.434655 1.722131 1.891112 1.914352 2.065718 2.64906 3.095348 1.787154 1.074544 0.7001112 0.4956661 0.9172068 0.2258519 0.6180584 0.8416146 0.7537987 0.7729259 0.7851449 0.4434346 1.253 2.227952 3.263636 5.583393 4.350875 2.531615 1.036522 0.05576533 1.490527 1.301 0.7942483 0.7302749 1.924649 2.639946 1.201535 1.24943 2.660769 0.5695159 3.5698 2.262938 2.775636 2.841791 0.9839293 0.9898275 0.07459133 0.6608247
1.416301 1.485808 1.602612 1.725954 1.971696 2.567096 2.88485 2.920355 3.254064 4.03879 4.691655 3.821208 3.296765 2.145553 1.003106 0.04225675 0.9916801 1.74974 2.159014 2.266886 1.918165 1.528939 1.705784 1.437079 1.053954 0.8338988 0.1312708 0.1747455 0.549825 0.4208356 0.5734279 0.8508043 0.8333349 0.8683872 0.6930873 0.4946117 1.34384 2.629329 3.397679 3.632237 4.958765 3.178538 1.282859 1.062803 2.824008 1.978695 1.588277 1.383442 3.699364 5.660028 1.777685 0.863856 1.971737 1.562651 3.245413 2.254621 3.280115 2.85933 1.691118 1.517814 1.581565 0.6630836
1.306656 1.386709 1.513795 1.838021 2.745445 4.316236 3.962903 3.217048 3.292536 4.038424 4.635104 3.85639 3.979508 2.178491 1.008512 1.105704 1.545337 1.958383 2.306226 2.6677 2.284041 1.004125 1.305665 1.351235 0.9963342 0.7633675 0.4888242 0.5945744 0.8093247 0.494543 0.433748 0.8954811 0.9795021 0.9604743 0.8573723 0.7929571 0.59712 1.820205 3.684892 3.021218 2.494948 1.376755 0.8499277 1.635169 3.308508 0.6141734 2.36585 1.949848 2.176883 1.950086 0.4448833 0.9104838 0.5350127 0.872986 1.404694 2.111524 3.324623 1.398966 4.550042 2.264244 0.8509916 0.6774554
1.153881 1.156193 1.18474 1.313948 2.088199 4.194259 3.866644 3.045049 3.054986 3.326527 3.466339 3.338842 3.162925 2.325713 1.659712 1.826715 2.073938 2.308853 2.335265 2.631912 2.487176 1.398628 1.296007 1.128052 0.7272953 0.5865376 0.4090433 0.8109179 0.8544438 0.3689163 0.1721743 0.8174883 0.9841855 0.9186364 1.01917 1.1071 0.6104881 2.114579 1.420199 2.349084 1.828978 0.8665908 0.5822912 0.9536241 1.278777 1.194741 1.846475 2.113927 3.644008 2.269699 0.6552085 0.8322488 0.6376356 0.5305286 0.3380308 1.817741 4.211252 2.29812 1.762922 3.233393 2.120462 0.9440368
0.8844487 0.8749296 0.7841241 0.5255662 0.3391329 1.50239 2.415019 2.601082 2.751946 2.778196 2.776027 2.598314 2.491086 2.316477 2.17886 2.432683 2.965469 3.091217 2.403612 1.859831 1.119495 1.397929 1.055072 0.7447168 0.5011671 0.2563091 0.09341871 0.3355701 0.6456933 0.568333 0.6012955 0.866173 0.9200127 0.891945 0.9169407 0.3976858 0.3281249 1.761114 2.316525 1.049392 1.958167 0.8255687 0.5311468 0.6229236 1.093317 1.16704 1.124378 1.693944 1.994642 1.581807 0.4938739 0.6385094 0.5764402 0.8078602 0.6620588 1.365 1.540194 2.940346 3.096302 2.545094 1.349783 0.9201339
0.667653 0.5436217 0.4965827 0.2939025 0.00726699 0.7240995 1.786513 2.47349 2.688866 2.486976 2.200798 1.80743 1.813856 1.952208 2.368688 2.87402 4.030625 4.729653 2.407348 1.962262 1.37226 1.09319 0.2759515 0.4114746 0.2330654 0.07637118 0.2197074 0.3330342 0.5417268 0.687686 0.8602732 0.9471152 0.8828201 0.8118849 0.6392686 0.5518063 0.3449166 0.9133972 1.066157 1.019268 2.299267 0.5385953 0.3004103 0.4826603 0.7792673 1.037858 1.25266 1.025057 0.3830801 0.7058448 0.7852713 0.7219092 0.6663145 0.9536975 0.9870827 1.319605 2.110228 2.633598 3.8348 1.840195 2.419291 1.391403
0.4811948 0.2404882 0.1583449 0.3926257 0.451237 0.9797227 1.977366 3.032202 3.329 2.68546 1.81062 1.152036 1.219357 1.688016 2.256513 2.84217 3.67031 3.91101 2.586521 1.994729 1.539305 0.9081494 0.2152531 0.3600553 0.2368758 0.07670546 0.2510607 0.4083012 0.5688463 0.7692233 0.9681875 0.99692 0.9071011 0.7811593 0.5826339 0.4939991 0.2111303 0.8645558 1.07649 1.211082 1.301991 0.8955219 0.6639233 0.7271878 0.7853175 0.9545704 1.292473 0.8028111 0.2307707 0.5492188 0.7779409 0.5036444 0.6189421 0.8972525 1.074828 1.556862 2.197668 2.825545 3.216673 2.929401 3.324909 2.141364
0.4293483 0.1836268 0.09271237 0.4697297 0.8377452 1.37048 2.310845 3.541854 3.908054 2.869603 1.77473 1.168663 1.047685 1.5188 2.107436 2.397825 2.868304 2.841158 2.430187 1.972776 1.566871 1.112427 0.7571821 0.6523042 0.4643998 0.229617 0.3202569 0.4462334 0.5909972 0.7732298 0.9395797 0.9651515 0.8575509 0.7720338 0.6021144 0.6936584 0.6795943 0.9274401 1.002993 1.106031 1.170821 0.9150253 0.7927822 0.7331256 0.8215459 0.9315764 1.291527 0.9415854 0.6631331 0.748329 0.7995065 0.4860079 0.6031302 0.8906246 1.144745 1.627258 2.382708 2.662913 2.928637 2.790661 2.367131 2.046042
0.390131 0.3621576 0.4116337 0.6735688 1.048452 1.553877 2.261148 3.012019 3.195874 2.644962 1.894205 1.426914 1.327318 1.640793 2.075166 2.302176 2.413464 2.353276 2.184521 1.914324 1.579098 1.268937 1.021767 0.8662753 0.6310394 0.4037149 0.383379 0.4766871 0.5907149 0.7361707 0.8644801 0.8842407 0.8028009 0.7639407 0.632108 0.5642243 0.9751871 0.9827102 1.048189 1.104131 1.166002 0.9056035 0.8936763 0.7927631 0.6910644 1.166841 1.015226 0.7960983 0.8664341 0.8653175 0.8889514 0.469884 0.5680696 0.5964551 1.524156 1.903464 2.388213 2.573962 2.872324 2.644804 2.296952 1.921594
0.1697755 0.3086206 0.5421134 0.8223209 1.160436 1.573124 2.039012 2.429293 2.60732 2.369501 2.000612 1.759203 1.600169 1.877272 2.134012 2.190085 2.173629 2.093159 2.000807 1.831586 1.579886 1.3565 1.165466 1.022217 0.7502915 0.5246022 0.4257569 0.4951701 0.6192318 0.6938473 0.8189106 0.792711 0.7610304 0.7571582 0.6520901 0.6126716 1.064724 1.018577 1.074152 1.110015 1.158997 0.8913499 0.9119619 0.8183958 0.7763427 0.9731669 0.8664592 0.8270891 0.8799889 0.9239003 0.9235312 0.4587426 0.5471689 0.9170294 1.441029 1.969726 2.197134 2.340181 2.75105 2.43536 2.19451 1.858429
4.116588e-031 0.181597 0.5451202 0.87867 1.200319 1.531202 1.849256 2.08639 2.280258 2.206412 2.112479 1.97376 1.805452 2.041498 2.170532 2.144326 2.232016 1.932036 1.875845 1.765798 1.570453 1.406344 1.25507 1.132472 0.7867134 0.5318275 0.5515108 0.5057285 0.6103225 0.6608458 0.7395545 0.7006791 0.7349526 0.7031115 0.6627756 0.6371467 0.8259268 1.045118 1.036888 1.11092 1.160626 1.197407 0.9195535 0.8900822 0.7925795 0.7505018 1.063261 0.903726 0.9067867 0.9568843 0.949008 0.8747826 0.5346135 0.9259107 1.422712 2.013717 2.182036 2.290187 2.398062 2.247324 1.947803 2.067545
