rasters-bowlers/mohitsharma.asc
ncols         108
nrows         21
xllcorner     -3.075
yllcorner     -1.575
cellsize      0.15
NODATA_value  -9999
1.323015e-007 0.1947223 0.6272028 1.02537 1.299081 1.473413 1.722789 1.841387 1.949826 1.765426 2.041311 2.037681 2.071628 2.12778 2.155405 2.149274 2.129289 1.915371 1.943279 1.86373 1.82172 1.76895 1.731045 1.750497 1.362056 1.285137 1.197734 1.104316 0.8666999 0.7650918 0.7212802 0.5891665 0.7351541 0.7934 0.8812125 0.9243248 0.9246413 0.9531792 0.9727721 0.9705849 0.9491572 0.9649439 1.108432 1.137109 1.304707 1.674064 1.990151 2.31345 2.513175 2.255177 2.327897 2.50936 2.405224 2.644701 2.714202 2.720673 2.282508 1.908516 1.836433 1.598341 1.344126 1.532047 1.334788 1.326842 1.384389 1.458408 1.710183 1.710002 1.755268 1.720199 1.519637 1.695525 1.099174 1.135233 1.126938 1.094664 1.247211 0.9795193 1.429482 1.680322 1.608158 1.57974 1.929534 1.35913 1.629961 1.78985 1.582183 1.306409 1.487694 1.242537 1.229051 1.405284 1.670075 1.764619 1.858164 1.858526 1.932739 1.928313 1.999037 1.977311 1.843328 1.749088 1.500403 0.9686451 0.833247 0.4533147 0.1043348 0.02148043 
0.2097977 0.414764 0.8189145 1.16122 1.379274 1.51422 1.611033 1.840331 1.951664 2.057845 1.873997 1.930923 2.098458 2.169242 2.200861 2.191858 2.167689 1.959654 1.980794 1.955319 1.862846 1.632309 1.751926 1.753601 1.451799 1.304783 1.209325 0.9284518 0.8631617 0.7428865 0.673718 0.5428556 0.6834797 0.7842084 0.8961657 0.9178444 0.9425673 0.9728361 0.9922846 1.031345 1.003548 0.9554244 1.072834 1.103865 1.27393 1.63546 1.953979 2.294452 2.50757 2.630724 2.364251 2.458803 2.651947 2.957526 2.894929 2.554367 2.276345 1.913529 1.856218 1.641015 1.417821 1.488662 1.290988 1.297859 1.379385 1.464661 1.498735 1.719887 1.754637 1.55248 1.46734 1.672393 1.104886 1.151896 1.139167 1.024851 1.226194 0.9908102 1.429952 1.685701 1.627022 1.584684 1.625676 1.286451 1.599388 1.818845 1.585006 1.326406 1.450333 1.202383 1.174047 1.507786 1.637388 1.768874 1.813758 1.928894 2.030519 2.133768 2.161599 2.077582 2.024183 1.815391 1.564127 1.038446 0.9895934 0.6365038 0.3142741 0.2372087 
0.7226128 0.8872148 1.140055 1.338894 1.455464 1.534762 1.610495 1.692595 1.945824 2.060595 2.135997 1.945487 2.131552 2.220045 2.257937 2.254156 2.224913 2.017666 2.021786 1.995484 1.919853 1.698316 1.785448 1.588566 1.524166 1.324316 1.223795 0.9541804 0.8706283 0.7217206 0.6073251 0.4545647 0.5733057 0.76465 0.9481106 0.956434 0.9638391 0.9993747 1.019966 1.042676 1.004157 0.9887847 1.024621 1.055848 1.223267 1.534932 1.735564 2.283966 2.49472 2.606835 2.377855 2.675804 2.921147 3.663425 3.26523 2.272175 2.194668 1.921008 1.663011 1.759914 1.589816 1.332627 1.125215 1.241999 1.382841 1.485712 1.534757 1.715846 1.7544 1.576073 1.475931 1.632369 1.113188 1.179434 1.09314 1.028871 1.187092 0.9983098 1.541176 1.696137 1.66296 1.586107 1.652958 1.330153 1.55018 1.68182 1.587512 1.367257 1.248057 1.128601 1.053909 1.380165 1.61492 1.791457 1.854221 2.005445 2.297127 2.358346 2.310656 2.191679 2.108697 1.886946 1.645736 1.123643 1.171764 0.9567906 0.7929114 0.7240737 
1.213344 1.292451 1.409994 1.461213 1.470289 1.495738 1.56811 1.672831 1.930899 2.272791 2.130203 1.960998 2.043102 2.277325 2.333231 2.352612 2.321734 2.100128 2.026887 2.035556 2.006602 1.811457 1.844321 1.613857 1.51521 1.382893 1.240732 0.9997558 0.854552 0.7150794 0.5314997 0.3122749 0.3176948 0.6087855 0.9489771 0.9941453 0.9834852 1.072316 1.124193 1.055529 1.085537 0.967439 0.7945275 1.050377 1.140077 1.290454 1.756697 2.124168 2.480744 2.553412 2.46714 2.645868 2.881639 3.589608 2.968369 1.881843 2.007625 1.991287 1.780338 1.874397 2.250615 0.8950231 0.6940764 1.204747 1.411837 1.537938 1.427358 1.685016 1.727099 1.607122 1.47657 1.557029 1.303335 1.234951 1.139441 1.015922 1.172861 1.049013 1.452046 1.515938 1.718002 1.481597 1.558566 1.284377 1.461935 1.375818 1.573592 1.460357 1.295001 0.9656663 0.7666553 1.157108 1.668859 1.834394 1.808654 2.025088 2.50545 2.636879 2.546879 2.391788 2.18897 1.950965 1.363474 1.395509 1.065274 1.179848 1.09727 1.057006 
1.539262 1.556168 1.56358 1.488765 1.387202 1.358983 1.469414 1.638917 1.956206 2.2549 2.298977 2.09642 2.084988 2.336773 2.434305 2.481328 2.515822 2.238602 2.049941 2.057454 2.19259 2.040619 1.661891 1.63326 1.47903 1.394941 1.301826 1.069311 0.9216328 0.7543148 0.5231041 0.1549259 0.01446219 0.359941 0.7801311 0.9257106 1.043493 1.178303 1.114527 1.101369 1.069479 0.9391005 0.7764404 0.9760962 1.032668 1.24762 1.830098 2.153494 2.331248 2.429902 2.561096 2.668595 2.402972 2.197017 1.769803 0.950956 1.912569 2.504631 1.791911 1.806476 2.616405 2.352087 1.053054 1.214873 1.462345 1.695477 1.301742 1.597781 1.737004 1.595953 1.453349 1.258931 1.176587 1.570592 1.396386 0.9440224 0.8788269 1.034051 1.122059 1.82865 1.742282 1.609275 1.316249 1.118666 1.326938 0.8580632 1.597884 1.578075 1.500004 0.8430696 0.04933471 0.9063009 2.024622 2.21734 1.491476 1.824519 3.346944 3.039154 2.729146 2.49783 2.241822 1.872019 1.376251 1.11204 1.155877 1.227646 1.087026 1.103155 
1.73396 1.714381 1.634906 1.462857 1.225103 1.115423 1.348183 1.739847 1.97163 2.25977 2.298035 2.112715 2.287133 2.222222 2.544819 2.747113 2.970829 2.536845 1.970235 1.969138 2.550753 2.612225 1.872262 1.613211 1.394089 1.351495 1.253859 1.160754 1.024789 0.8307629 0.6271453 0.2039012 0.1697617 0.4843853 0.7098448 0.8279591 1.148572 1.381762 1.129819 1.065676 1.052972 0.9244526 0.6386159 0.8667717 0.9050468 1.076086 1.848155 2.791072 2.464186 2.058747 2.420018 3.937629 2.428008 1.646624 1.180252 0.3200169 1.457691 3.767444 1.713838 1.284069 1.044121 1.28344 1.238042 1.024931 1.21716 3.181955 1.615923 1.472088 1.344718 1.223988 2.022479 0.9628991 1.026484 1.959187 1.654203 0.7886406 0.8948686 1.194226 0.392515 3.620888 0.8657702 1.683621 3.378143 1.901052 2.019255 1.358296 2.157371 2.048476 3.312796 0.6322044 0.6079577 1.136266 2.164733 0.2560125 1.484529 3.802479 4.850975 3.314167 2.754936 2.47941 2.088072 1.913748 1.413182 1.170961 1.22795 1.268577 1.022359 1.090144 
1.83955 1.821378 1.746442 1.491623 1.092989 1.077157 1.443541 1.830872 2.052343 2.286586 2.294978 2.383835 2.297895 2.241341 2.589692 2.973372 3.787293 3.067734 1.602173 1.407002 3.208953 3.424405 1.906521 1.497407 1.260077 1.194525 1.210126 1.322623 1.15025 0.9591081 0.8891265 0.592174 0.4901593 0.5518794 0.6742694 0.3102143 1.133298 2.29907 1.292082 1.102525 1.034403 0.9761539 0.3604251 0.27285 0.5260592 0.3926609 1.961231 3.70024 2.677978 1.03963 1.002821 4.64522 1.899415 1.010955 1.456488 2.096196 1.943827 1.719898 0.9806418 0.5285406 0.3232884 0.4591449 0.6820551 0.6387917 0.4508508 0.8998166 1.18787 1.110202 1.552151 0.9992273 2.092033 0.7660978 0.1716732 1.679404 1.02485 0.1456374 1.529697 1.104183 0.6132178 0.9167988 1.34436 1.16402 0.6961582 2.15406 1.607466 1.734965 2.416307 1.846748 1.451916 0.6302946 0.574397 1.213368 1.590807 1.451469 1.532091 2.333185 3.434854 2.932907 2.591915 2.262977 2.061332 1.954567 1.131089 1.189942 1.351662 1.528623 1.295983 1.321873 
1.883392 1.834264 1.902406 1.805903 1.477088 1.506812 1.837593 2.092906 2.188074 2.308479 2.270666 2.358485 2.266737 2.384169 2.350769 2.735086 3.166506 2.51953 1.515112 1.297859 1.899827 2.046293 1.722557 1.41064 1.218271 0.9485905 1.076593 1.730051 1.335261 1.046466 0.9850872 0.8398371 0.7982256 0.5850496 0.8153489 0.7834287 1.25809 3.016487 1.469749 0.7376361 1.004306 0.9676109 0.8082387 0.9118295 0.8149611 0.7907454 2.310578 3.033026 2.040489 1.65558 2.247534 3.069061 0.8029803 0.3312956 0.7001304 3.996508 2.223392 0.7167951 0.3221837 0.615615 0.4103403 0.4379172 0.1638975 0.480571 0.3574559 0.994247 0.6622908 0.1110114 0.9055682 1.045091 1.000394 0.8232845 0.5869499 1.627668 1.567045 0.7961342 2.361731 1.629478 1.150136 0.9639406 0.9976032 1.092202 1.180963 2.601976 2.47511 3.393281 0.739499 2.407076 1.63864 1.10858 0.9680273 1.189286 1.52007 1.819871 2.049551 2.361471 2.64203 2.252898 2.199887 2.106056 2.311589 1.920417 1.054599 1.191568 1.395535 1.742526 1.805875 1.649085 
1.698555 1.528728 1.966629 2.165732 2.189865 2.380735 2.498725 2.458831 2.313718 2.269557 2.254614 2.319154 2.339499 2.437164 2.209947 2.217739 2.271389 2.256823 1.50621 1.015895 1.073346 1.143232 1.375594 1.433612 1.307566 0.8686407 2.205361 2.580703 1.066922 1.004174 0.9893992 0.8721734 0.8599359 0.1754441 0.9754612 1.160213 1.47712 1.455013 0.9784166 0.9308959 1.493185 1.218363 1.105909 1.154465 1.290942 1.441895 1.715463 1.84321 1.586936 1.156242 1.436668 2.985001 2.37721 0.9628523 1.633728 2.307156 0.07634341 0.7360225 0.6441341 0.9666706 1.294368 0.4737693 1.09375 0.9047018 1.222012 0.631873 0.5486144 0.7957145 1.008944 0.328348 0.5071175 1.362743 1.538204 1.510134 1.146026 0.6357739 1.268772 1.925162 1.960102 1.720557 1.221232 0.9633211 0.9823945 1.196442 1.617227 2.362875 2.458201 2.873103 1.763712 1.288636 1.474092 1.621997 2.109617 2.036536 2.152143 1.963629 2.168867 2.085012 2.125601 1.595304 2.135534 1.89281 1.50388 1.037407 1.692369 1.815067 1.984124 1.802051 
1.57736 1.010377 2.01441 2.496406 2.631689 3.388817 3.374494 2.939456 2.419022 2.112885 2.052836 2.230084 2.614117 2.67646 2.21706 2.006528 2.115306 3.769982 1.4783 0.07254693 0.9342332 1.098983 1.439214 1.542388 1.216264 1.199174 1.383015 1.339544 0.8643494 0.9954305 0.8196222 1.030008 0.9203659 0.5931135 0.6308749 1.269144 1.656682 1.232841 0.5557518 0.9180887 1.474549 1.253048 1.551222 1.471297 1.493768 1.112662 0.6973237 0.5248702 0.8908151 1.47722 2.364583 2.708713 1.152684 0.5387665 1.290911 1.758013 0.7808788 1.002432 1.06102 1.253788 4.094359 2.553267 2.385722 1.806003 1.629517 0.4192643 0.6687306 1.016024 1.249218 0.4114532 0.2512055 0.955414 1.526958 2.026112 1.760664 0.7934334 1.556519 1.255604 2.742691 1.682653 1.088916 1.082893 0.5095819 0.2543563 0.8566866 1.607351 1.491881 2.050408 1.647921 1.715505 1.609187 2.284012 2.636223 2.209599 2.026637 1.55713 1.624394 1.833543 2.046172 1.716816 2.038809 2.032644 1.511588 1.137321 1.492065 1.761434 1.775615 1.633164 
1.953204 1.992067 3.152262 4.992638 4.683571 5.165546 4.577049 3.198244 2.238132 1.799114 1.674396 1.902591 3.498603 3.281892 2.382809 1.815933 1.654507 1.315584 1.001458 0.8882464 1.034291 1.268918 2.055837 3.069973 1.3583 1.678761 1.672595 0.9035873 0.4455691 0.3904142 0.7642526 1.141744 1.359497 0.10992 0.6851791 1.189401 1.715806 1.196607 0.6429616 0.9342075 1.183087 1.599349 2.866816 1.807297 2.677004 1.275869 0.6808602 0.8289322 0.0369471 2.026305 2.364964 2.305433 0.8601324 0.7546672 0.895898 1.36326 1.222754 3.052197 1.352507 0.9298933 1.094169 1.964329 1.791902 0.591208 2.367149 0.8159117 1.019745 1.239422 0.8141134 0.9838791 0.6689016 0.6026942 1.616228 0.1606308 0.7544944 0.8418571 2.487767 1.423322 0.6066703 0.1598461 2.810543 0.6372905 1.019353 0.4597145 3.127913 0.1778649 1.624259 1.858348 1.184691 1.486507 1.942896 2.491098 2.397305 2.480898 2.147002 1.202269 1.47454 2.052307 4.031204 1.545072 1.754013 1.8704 1.540804 1.178067 0.2887655 1.934385 1.840428 1.899206 
2.516878 2.878304 3.85921 5.290989 5.025316 5.547935 4.753564 3.059216 1.89257 1.260997 1.345958 1.004953 2.540637 2.810828 2.113989 1.444436 1.264718 0.9096755 0.3667806 0.4178731 0.8654044 1.186904 2.128598 2.292425 3.69979 2.752897 0.5649523 0.7147715 0.5039093 0.501546 0.9711924 0.9641565 1.078865 2.002088 0.4939002 1.097217 1.194552 1.099253 1.212261 1.110589 1.267744 1.695462 1.512914 0.6896687 2.09022 1.268416 1.018235 1.947103 1.508419 0.3478506 3.159853 1.558056 0.6237975 2.018339 0.8523567 1.079127 1.486758 2.887279 1.000737 1.108688 0.3526282 1.045805 0.1536721 1.44114 2.680194 1.270198 0.1915491 0.4876665 0.3696629 1.375421 1.583308 0.7327751 1.324687 1.724701 1.826851 0.932258 2.764308 0.5279294 0.2853067 0.8199087 0.7548297 0.1434677 3.283432 0.996999 0.2956649 1.327579 3.605497 1.691803 1.562018 1.020544 2.469783 2.671351 2.281606 3.624114 3.385367 1.115888 1.348117 1.333684 1.270499 1.101558 1.419003 1.833505 1.648825 1.411295 1.457678 2.64795 1.924869 1.748222 
2.738421 3.068559 3.571779 4.03105 4.095026 4.102022 3.644252 2.760472 1.938725 1.573708 2.077467 1.657529 1.886538 2.05593 1.766554 1.170528 0.8046625 0.4066746 0.5602015 0.6520593 0.8619624 1.02539 1.498933 1.255996 3.115311 1.611431 1.851057 1.794098 0.6272064 0.3027954 0.728607 0.9649181 0.7223969 2.381905 1.51138 1.729669 1.062498 1.236013 1.285563 2.049019 1.442006 1.28994 1.820577 1.062233 0.8330101 0.3214595 1.025407 1.753074 3.975036 1.074245 3.414698 3.771683 0.7701361 1.803147 5.714374 2.168914 0.7469839 1.336801 1.549913 1.165864 0.7604982 0.9753587 0.9040747 2.54652 0.7235119 0.8141232 1.34011 1.148224 0.8273501 0.414166 0.2875668 0.6117141 0.5084623 0.395843 0.159192 0.9574112 2.059761 1.950047 0.2515752 0.8089201 1.907124 1.989816 1.073472 2.072912 1.712953 2.329013 3.419015 0.9760396 1.809713 1.401874 4.892742 1.374971 3.073386 2.89813 1.762883 1.049148 0.9601125 1.098192 0.7627947 0.6439685 0.9559689 4.489907 1.446673 1.190279 1.248107 2.863104 0.7395505 1.725025 
2.723114 2.941779 3.183524 3.393598 3.477361 3.231479 3.005062 2.589726 2.225335 2.348502 2.893375 2.124157 1.827445 1.718659 1.510537 1.260964 0.6520676 0.1150553 0.664892 0.8411711 0.7870491 0.2660625 1.08894 1.282606 3.515205 1.79835 1.11902 0.8572402 0.7932687 0.5924439 0.5812553 0.9101882 1.100133 2.009242 1.327584 0.9565908 1.006593 1.596872 1.679501 2.117247 1.013059 2.245118 2.064085 1.430829 0.3419584 4.832457 1.459541 0.9081793 1.696618 1.512936 2.483868 2.056501 1.492793 2.068776 1.570078 2.055218 0.5542452 0.7098442 0.568518 1.466871 0.01872878 0.7076077 2.495579 3.348352 1.240441 0.7924767 0.3973184 0.5691318 0.5255724 1.295614 1.073673 0.8844193 0.2367041 2.032134 0.6979439 1.477663 1.014581 0.7930604 2.459083 1.177453 2.151643 1.295195 1.042921 1.605798 1.349819 1.051239 0.9173877 3.046833 3.249479 3.181691 2.284203 0.9869573 4.063303 2.497043 1.224518 0.3401616 0.514958 0.8747227 1.581672 1.097001 1.004711 3.036935 1.443524 1.123409 1.246255 3.270999 1.459901 3.022549 
2.575044 2.709532 2.847375 3.182262 3.984977 2.594345 2.418796 2.431964 2.309638 2.300758 2.209838 2.007102 1.65536 1.390172 1.23642 1.255038 0.9663392 0.9309733 1.116474 1.462057 1.391696 1.099834 1.047308 1.123299 0.8851498 1.009988 0.927171 0.8547435 0.630716 0.3535872 0.1169705 0.73351 0.9791151 0.6927915 0.5707411 1.019668 1.00332 1.251181 0.8480111 0.3097523 1.313688 3.481353 1.31204 1.344395 1.147295 1.671363 1.462227 1.675794 1.690823 2.328602 2.923992 1.43493 1.52036 1.412122 0.5628448 0.7750098 0.1343026 0.1946005 0.006471497 0.683332 0.613475 0.6889079 2.966092 2.856772 1.174497 0.3891173 0.4953308 2.350021 0.9814004 0.629033 1.713773 0.5359849 0.3298775 1.961596 1.486836 2.469614 1.194833 1.068836 3.808997 3.400925 0.7826566 0.9879514 0.601881 0.7415962 0.5278109 1.620041 0.6532755 0.7906866 2.764809 2.506377 1.632436 2.061208 3.91052 2.686039 1.581551 0.7220805 0.213643 0.8193448 1.166901 1.230894 1.344913 1.782092 2.088921 1.27111 1.545372 2.262061 2.951253 3.350722 
2.343453 2.420428 2.425447 2.216677 0.6508088 0.8860618 1.86601 2.247721 2.27163 2.203835 1.973877 1.771413 1.288677 1.127091 1.205814 1.203352 1.082728 1.043733 1.493854 2.849161 3.182912 1.619003 1.029144 0.8514147 0.2518878 0.1827277 0.51306 0.7735723 0.6702942 0.5244758 0.4346992 0.794396 0.9512711 0.8677151 0.9179131 1.018985 0.856083 1.123183 0.9697119 0.9780598 1.103001 1.592681 1.570558 1.279436 1.294033 1.345345 1.322485 1.736776 1.775363 1.910098 1.703768 1.08321 1.228038 1.100962 0.8557126 0.6371992 0.322162 0.09019184 0.1988363 0.027278 0.3006719 0.6488177 1.044397 1.81564 1.445564 1.243128 2.027593 3.306663 1.814842 1.018351 1.540109 1.512501 1.36376 2.729104 4.27384 2.339519 1.196261 1.50928 2.77189 2.75966 5.894904 2.105928 1.253361 0.6266739 0.9375095 1.03025 0.7628682 1.487448 2.364389 2.013624 1.817807 2.167669 2.701288 2.477852 1.956151 1.076075 0.6712715 0.9050436 1.041342 1.333909 1.410492 1.719634 1.526062 1.387317 2.049811 2.305221 2.563916 2.693068 
2.027332 2.0949 2.061607 1.721065 0.9918357 1.080654 1.703571 2.07374 2.212712 2.137828 1.841029 1.620827 1.200436 1.019644 1.155023 1.263147 1.239566 1.244568 1.761951 2.956294 3.144615 1.859243 1.196252 0.9922315 0.8062832 0.76777 0.841127 0.8255027 0.6492391 0.6718712 0.6021561 0.8898541 0.988241 0.9179704 1.034786 0.9660056 0.8864109 1.082361 0.9573696 0.1160301 3.202522 1.271529 1.280661 1.37673 1.191968 1.164307 1.003919 1.408615 1.300887 1.400307 0.9207106 0.01243824 0.9331822 0.9656597 0.9713315 0.795169 0.4370458 0.1623957 0.2354865 0.2186799 0.3655421 0.7678522 1.003829 1.410888 1.579796 1.73716 2.9926 5.225317 2.79339 1.634812 1.511106 1.492902 1.978397 3.152876 3.841347 2.823584 1.75671 1.941364 2.854692 2.700498 3.300293 2.472924 1.459649 1.216929 0.9821845 0.9603935 0.9594476 1.550347 2.249332 2.144551 2.231203 2.20677 2.370827 2.025354 1.993048 1.560175 0.8195344 0.8890589 0.9896536 1.277908 1.429965 1.144964 1.380081 1.429348 2.159203 2.304661 2.38526 2.449705 
1.577711 1.700761 1.792497 1.718173 1.548056 1.577136 1.79403 2.032594 2.101583 2.097045 1.777683 1.601426 1.360153 1.20826 1.256862 1.30715 1.371141 1.326318 1.641168 2.167801 2.125081 1.624517 1.339602 1.120943 0.9932243 0.9821544 0.9899614 0.8900579 0.691407 0.5393035 0.8235337 0.8636506 0.9061135 0.991098 0.9445117 0.9593667 0.9137345 0.9715346 1.116692 1.059867 2.093511 1.743028 1.449517 1.443075 1.393282 1.131724 1.060833 1.075574 1.166975 1.244356 0.971235 0.6841443 0.9470191 0.9759715 0.9906332 0.6936948 0.2949829 0.2033911 0.2767977 0.3126289 0.6411892 0.7773648 0.9145849 1.38329 1.673117 2.131371 2.912324 3.25955 2.567745 2.062815 1.588999 1.555672 2.107456 2.870239 2.951316 2.70554 1.876779 2.565079 2.64543 2.555387 2.634638 2.272289 1.434982 1.298496 1.009815 0.8798195 0.8949103 1.56827 2.12645 2.054285 1.996196 2.413854 2.286743 1.827948 1.762862 1.704829 0.9527193 0.971162 0.9649065 1.269495 1.435343 1.105608 1.095964 1.712365 2.112201 2.070278 1.833857 2.087761 
0.9436712 1.152515 1.457496 1.639828 1.703257 1.765305 1.86381 2.025102 2.068129 1.83895 1.75966 1.573861 1.484414 1.326339 1.370751 1.379849 1.331487 1.312989 1.456124 1.590598 1.672776 1.460159 1.262147 1.2014 1.083438 0.9379354 0.955343 0.9451275 0.760816 0.560851 0.841045 0.8417853 0.9075552 0.9079306 0.9905002 1.042209 0.9000433 0.9924795 1.290022 1.293943 1.541669 1.574624 1.52529 1.425973 1.168278 1.295076 1.051122 1.091926 1.131245 1.207516 1.084207 1.00142 1.118027 0.9733666 0.9571807 0.6529442 0.3405978 0.2437399 0.2730068 0.3557458 0.7104871 0.7712566 0.863954 1.224943 1.631922 2.141067 2.668073 2.716451 2.475794 2.10944 2.242337 1.9357 1.81915 2.660062 2.625834 2.563518 2.093255 2.6827 2.55422 2.422175 2.432951 2.116373 1.397023 1.288124 1.348181 0.6660037 0.8969159 1.298129 1.915329 2.075505 2.026884 2.454991 2.260627 1.550522 1.761797 1.650223 1.352705 0.9806249 1.225195 1.264134 1.436551 1.081978 0.978849 1.700722 1.908915 1.702512 1.32852 1.420189 
0.2774409 0.5459743 1.061434 1.456695 1.671668 1.79112 1.875564 2.01579 2.047304 1.809988 1.762347 1.613036 1.568612 1.400484 1.45133 1.299383 1.308168 1.263593 1.309553 1.355279 1.504652 1.394557 1.252833 1.252601 1.155028 0.957426 0.9630597 0.9625552 0.9624133 0.6178442 0.8496548 0.8803889 0.9006121 0.8936649 0.9999263 1.072397 0.9912625 1.037861 1.386744 1.343869 1.399599 1.459099 1.456499 1.428079 1.190412 1.349952 1.075276 1.280752 1.157154 1.213871 1.139221 1.098982 1.028515 0.9812667 1.097411 0.5909414 0.3416904 0.2695002 0.3095421 0.4342405 0.6414926 0.7732223 0.8386195 1.32196 1.673941 1.954463 2.415914 2.438481 2.347958 2.155439 2.319718 2.051173 1.964562 2.558708 2.481037 2.465437 2.235197 2.953118 2.954416 2.342268 2.339653 2.023111 1.788811 1.37735 1.401092 0.6614134 0.8253044 1.005139 1.846285 2.532001 2.043193 2.20991 2.250667 1.728263 1.683999 1.687372 1.402796 0.9858216 1.231105 1.260791 1.356968 1.034963 0.9840272 1.638463 1.62804 1.188652 0.5838553 0.5234412 
5.704799e-031 0.2569175 0.8156227 1.295406 1.59096 1.757201 1.932337 1.999298 1.882126 1.789865 1.467432 1.646883 1.625326 1.443247 1.503859 1.32341 1.305164 1.166632 1.208463 1.418903 1.394561 1.329708 1.240314 1.154359 1.040809 0.9874323 0.9923582 0.9802594 0.9802575 0.6157445 0.6304199 0.879393 0.8943883 1.056517 1.019629 0.9811342 1.014165 1.05799 1.471334 1.333537 1.379919 1.39299 1.421615 1.421669 1.359013 1.353848 1.283002 1.172047 1.18329 1.232135 1.069873 1.144182 1.068494 0.8492029 0.8844931 0.544513 0.327654 0.2849791 0.3319957 0.3359419 0.660739 0.7765697 1.195463 1.345594 1.691093 1.899925 2.301666 2.384284 2.272755 2.127977 2.356132 2.073138 2.083446 2.502618 2.112192 2.114684 2.230184 3.265785 2.957366 2.291098 2.286156 2.264464 2.058558 1.306393 1.281985 1.037606 0.8267151 1.00009 1.851512 2.408198 2.052542 2.211761 2.243844 1.710642 1.67591 1.705297 1.435108 0.9886988 1.234149 1.254976 1.31617 0.9179238 1.254713 1.516393 1.40334 0.8430379 0.1696118 0.04903134 
