rasters-bowlers/mornemorkel.asc
ncols         108
nrows         21
xllcorner     -3.075
yllcorner     -1.575
cellsize      0.15
NODATA_value  -9999
1.114364e-007 0.1509026 0.3397464 0.5462084 0.8245471 1.166328 1.515448 1.804401 1.856961 1.966062 1.832624 1.929512 1.857749 1.785183 1.786327 1.798498 1.920379 1.901346 2.122719 2.335699 2.553961 2.564512 2.326634 2.116263 1.975764 1.978488 1.954725 1.958568 1.64062 1.87345 1.877234 1.734993 1.726998 1.450632 1.217986 1.379745 1.273428 1.168688 1.132359 0.9270471 0.9199649 0.9830956 1.227358 1.157849 1.208997 1.373375 1.310176 1.305175 1.377738 1.395066 1.94109 2.322502 2.19055 2.259803 2.582507 2.665685 2.974156 2.844708 2.925293 2.741657 2.635489 2.274899 2.082912 1.427281 1.301594 1.280726 1.272519 1.066543 1.321039 1.330932 1.190305 1.597874 1.628803 1.97911 2.268131 2.30868 2.193489 2.012901 1.937231 1.81605 1.681238 1.770281 1.535405 0.9359502 0.8702422 0.7121702 0.7501249 0.7821006 0.8541318 0.8673838 0.9190711 0.9226519 0.9228048 0.919322 0.8608516 0.9485683 0.9362572 0.8706003 0.8142962 1.01107 0.9899522 1.222679 1.370726 1.163236 0.840809 0.4617654 0.08993531 0.02224819 
0.1571404 0.2345822 0.2884648 0.4076011 0.7653205 1.23327 1.730466 2.172616 2.335465 2.361236 2.098602 1.761783 1.791667 1.680566 1.669457 1.704849 1.696423 1.996268 2.350275 2.732229 2.999092 2.857634 2.431463 2.0728 1.89144 1.877844 1.878354 1.9184 1.659133 2.031402 1.865936 1.737707 1.729017 1.466177 1.413208 1.375439 1.263962 1.155219 1.110291 0.917221 0.9604471 0.9681976 1.153391 1.159951 1.283025 1.383257 1.325215 1.316655 1.363298 1.659249 1.843076 1.887902 2.162687 2.251016 2.581509 2.695744 3.024749 2.900767 2.961944 2.754595 2.377992 2.397034 2.018597 1.397893 1.287372 1.264138 1.252843 1.052524 1.265056 1.256952 1.336847 1.53344 1.617602 2.002187 2.318569 2.390099 2.341499 2.101528 1.99104 1.83153 1.934759 1.697717 1.277597 0.896009 0.8385786 0.7074964 0.7557303 0.7945736 0.8647305 0.8742278 0.9204077 0.9190387 0.9190788 0.9156849 0.8608178 0.9410226 0.9364027 0.8291266 0.8307841 1.03032 1.166528 1.542887 1.454308 1.288727 1.090067 0.7080712 0.3254382 0.2431092 
0.4004697 0.2383289 0.03902129 0.2631969 0.7282575 1.332364 1.996551 2.678505 3.075053 2.973446 2.360812 1.803721 1.676589 1.52459 1.502996 1.601537 1.608329 1.974903 2.488892 3.289714 4.141766 3.666551 2.472532 1.931396 1.75062 1.646184 1.752486 1.66532 1.68874 2.000135 1.845656 1.741156 1.728397 1.48782 1.417397 1.365656 1.196721 1.137527 1.081401 0.9045231 0.9405487 0.9053692 1.132984 1.165653 1.353668 1.400456 1.344771 1.332898 1.479407 1.623548 1.804232 1.856445 2.118702 2.232964 2.363143 2.727088 3.094563 2.985415 3.025717 2.77938 2.348072 2.279107 1.903646 1.345809 1.271505 1.371576 1.23511 1.034072 1.179367 1.141264 1.21372 1.43602 1.606047 2.051437 2.363365 2.411887 2.456823 2.426452 2.063735 1.898894 1.873297 1.539578 1.174544 0.8357767 0.8500279 0.7533564 0.7655008 0.9025571 0.8788806 0.8811659 0.9155738 0.911651 1.062597 0.9092926 0.8617969 0.8473631 0.9304935 0.8445926 0.8951055 1.046566 1.196636 1.594846 1.554451 1.571222 1.382312 1.161221 0.9067217 0.8198192 
0.6227611 0.3583012 0.128809 0.3729782 0.9573899 1.463043 2.196435 3.099303 3.848228 3.560168 2.504079 1.78442 1.335918 1.313525 1.279741 1.379821 1.448694 1.836857 2.353726 3.449528 5.490787 4.346829 1.980734 1.615757 1.617494 1.259952 1.55974 1.740512 1.895265 1.938028 1.679079 1.747076 1.738625 1.521606 1.42083 1.299434 1.237892 1.113437 1.04416 1.009557 0.8875303 0.9971858 1.1533 1.280584 1.371816 1.487105 1.554787 1.349314 1.412027 1.578553 1.747881 1.805148 1.712884 2.198301 2.376555 2.769926 3.112316 3.17012 3.252056 3.140094 2.28381 2.056211 1.683445 1.278723 1.601352 1.374276 1.223899 1.017832 0.9064874 0.948983 0.8941033 1.287402 1.594659 2.1562 2.568733 2.632193 2.613836 2.547492 2.162683 2.180191 1.834533 1.250969 1.122147 0.7514355 0.7086909 0.7464909 0.7828738 0.9251171 0.859938 0.8858885 0.9020257 0.8968439 1.032833 0.9015769 0.86534 0.8537224 0.8912419 0.90309 0.8541939 1.00509 1.346309 1.630106 1.642129 1.738511 1.670611 1.645541 1.508852 1.441759 
0.9391779 0.7824374 0.6828036 0.854381 1.257653 1.760659 2.164343 2.961266 3.660139 3.277855 2.254906 1.541869 1.134078 0.9277465 0.9995421 0.9987053 1.225532 1.492821 1.828543 2.583984 2.97644 1.511825 1.006261 1.116953 1.88082 1.488233 1.725584 2.008301 1.884551 1.644517 1.668978 1.730904 1.67646 1.583101 1.540521 1.25842 1.211719 1.077089 0.964644 0.9652178 0.9602475 0.9664145 1.128071 1.29198 1.412455 1.475983 1.577538 1.299344 1.291168 1.613377 1.982141 1.721366 1.703627 2.132219 2.387785 2.836607 3.201586 3.38173 3.569882 3.001028 2.152682 1.479552 1.05127 1.137055 1.570667 1.386249 1.224225 1.010822 0.9464478 0.7187267 0.5354201 0.7718177 1.453122 2.382161 2.910718 2.869749 2.842482 2.714471 2.604421 2.189241 1.5534 1.059558 0.4885863 0.6340367 0.6526797 0.7376628 0.8600876 1.00167 0.8901041 0.9079755 0.870747 0.8650448 0.9965343 0.8964099 0.9074376 0.8685049 0.8357349 0.9090418 1.035488 1.185679 1.329711 1.626916 1.804141 1.853038 1.933154 1.946295 1.912919 1.92126 
1.210674 1.197478 1.221978 1.334628 1.555708 1.84898 2.187289 2.550284 2.669664 2.422427 1.703459 1.263455 0.9398325 0.6856432 0.5753132 0.6711074 0.9993975 1.451012 1.570641 1.732443 1.667107 1.172061 0.6296062 0.9523768 3.079926 2.879964 2.408351 2.744999 1.894417 1.183063 1.620215 1.83264 1.79659 1.76998 1.431705 1.070158 1.181238 0.8559996 0.8826806 0.9224386 0.9532856 0.9621319 1.190715 1.336034 1.492164 1.603893 1.703197 1.243036 1.173791 1.258777 1.682052 1.424405 1.57054 1.806858 2.381314 2.868774 3.473963 3.877802 4.028313 3.346559 2.21587 0.9802878 0.2360224 1.291135 1.097012 1.348205 1.132464 1.061627 0.7829947 0.348703 0.1745193 0.7350758 1.355432 2.663785 3.67468 3.125128 3.06586 2.986093 2.80651 2.232163 1.258902 0.6048945 0.5337276 0.5495778 0.7582086 0.7261606 0.9181268 1.030986 0.9535154 0.8493862 0.813704 0.8294824 0.9601308 0.9027228 0.8864685 0.7975737 0.9162661 0.9197246 1.144299 1.273347 1.434322 1.666437 1.778573 1.908279 2.032895 2.06212 2.182074 2.189225 
1.192289 1.300243 1.552565 1.697648 1.799995 1.919345 2.075949 2.12683 1.927587 1.818425 1.353572 1.127767 0.7935949 0.2536552 0.2263657 0.3140622 0.8759735 1.313156 1.491556 1.362767 1.19387 1.18445 1.04351 1.146255 1.428044 1.315912 2.339516 3.488574 1.839377 1.227784 1.637848 1.857628 1.935298 2.40799 1.394243 0.4031775 1.727684 0.5455239 0.6835296 0.8115159 0.3394068 0.707194 1.215351 1.435093 1.634654 1.652217 1.501054 1.457798 1.053495 1.162032 1.496538 1.401487 1.275641 1.645623 2.1212 3.056377 3.498551 4.813179 5.014993 3.531368 2.495829 1.608729 1.230967 1.849404 1.330748 1.064228 1.170384 1.2167 1.061172 0.5206702 1.060048 0.8632212 0.4706095 1.645178 3.12388 3.197941 3.591457 3.496791 3.120003 2.154754 1.11103 0.2230498 0.2251677 0.2944975 0.5383198 0.7643564 1.058279 1.164569 0.9885909 0.7739565 0.589188 0.7118102 0.9592178 0.938117 0.9048933 0.9635292 0.9697444 0.8462409 1.079405 1.200158 1.212141 1.541848 1.641717 1.916367 2.025558 2.064399 2.216615 2.493264 
1.043463 1.318761 1.945762 2.068887 2.036797 2.050281 2.013146 1.936115 1.722374 1.475381 1.361874 1.160589 1.15693 0.4241131 0.6283963 0.8176686 1.126941 1.263806 1.274001 1.193182 0.992924 0.9017439 0.7566677 1.028779 1.17226 1.731379 2.005854 1.953234 1.462179 0.8525038 1.110451 1.996413 2.101612 2.498418 1.411506 1.145881 1.614655 0.8505036 0.5663722 0.9547057 0.4896927 0.9222968 1.264183 1.589933 1.835714 1.868559 1.561308 1.355269 1.182421 1.206367 1.570428 1.210666 0.9385506 1.299663 2.122877 2.62692 2.273279 4.04454 4.162947 3.446086 2.633038 2.363786 3.058377 2.607329 1.220938 0.04776663 1.287502 0.9389462 1.910375 2.508674 2.454645 0.8875037 0.3867092 1.005729 1.677805 3.395728 5.380613 3.875208 3.12149 2.242933 0.9674467 0.3432987 0.4449487 0.3301179 0.5109751 0.8383384 1.234175 1.364633 1.059242 0.364602 0.136976 0.6528911 0.9756435 0.8945109 0.9119845 1.01702 0.9702266 0.9383245 1.036029 1.08356 0.9997705 0.8973197 1.391382 2.003295 2.0825 2.153186 2.466023 2.703402 
1.91121 2.636375 2.860227 2.564593 2.313066 2.149005 2.035531 1.98701 1.660275 1.467235 1.272687 1.019513 1.570649 0.3621953 1.592946 1.735215 1.416568 1.276133 1.08425 1.264709 1.173657 1.053487 0.334513 0.9765411 1.175502 1.69657 1.892732 0.7195605 0.8544675 0.5315539 1.00254 3.265293 1.893229 1.392905 1.038583 0.9854868 1.506352 1.923931 1.211848 1.12346 1.044135 1.067621 1.257388 1.860456 2.100083 1.852347 1.20315 1.08271 1.146674 1.30659 1.787418 1.391974 0.6408861 1.164803 3.868855 2.081341 2.348806 2.939153 3.438062 3.671492 1.815111 3.91516 1.296474 1.934919 1.418128 0.4083571 1.493303 4.438152 2.152745 1.109496 1.382035 0.7214094 0.4135468 0.9170124 1.48945 1.615041 1.162358 2.282158 2.318071 1.77788 0.9103106 0.4502001 0.5353042 0.9788383 0.9919044 0.994252 1.221756 1.865357 3.83756 1.327606 0.947686 0.989745 0.9115391 0.8809957 0.8878308 1.032974 0.886374 1.041136 1.129445 1.09294 0.6841213 0.03060122 1.048466 2.066025 2.402506 2.622924 2.842221 3.009668 
3.066558 3.950457 3.62893 2.94663 2.585544 2.383855 2.253809 2.105987 1.761884 1.541014 1.309056 1.208913 1.126566 1.055153 2.554884 1.161185 1.557385 1.60305 1.365783 1.203653 1.378259 1.328708 1.562419 1.880206 1.199264 1.025248 0.8267388 0.2961723 0.5644765 0.8281201 0.9758894 1.023955 0.9861211 0.7442083 0.8827232 0.3694254 0.8030499 2.989139 1.032421 1.31449 1.692711 1.411593 0.9665177 2.676263 2.946449 1.547265 1.074413 1.052412 0.9608074 0.2427007 3.499152 0.9665865 1.545906 1.132431 1.200824 0.901533 3.058348 2.978124 2.895099 1.030041 1.326629 1.326874 1.879539 1.859025 0.1537385 2.222661 0.358343 1.139452 2.455109 0.9995614 0.829683 0.2498879 0.281668 0.7613106 2.268701 1.700936 1.862242 1.331219 1.492953 1.928568 1.12338 0.7083199 0.6887375 1.323782 1.344207 0.8643466 1.096442 1.391893 1.637789 1.269677 1.00416 0.9812073 0.8945966 1.088051 1.043561 1.035469 0.832791 1.104476 1.313181 1.24226 1.246455 0.8047352 1.642318 2.489326 2.974536 3.167801 3.286459 3.350903 
3.139638 3.595129 3.431916 2.997163 2.641109 2.504484 2.357352 2.163081 1.995139 1.771337 1.099616 1.243548 1.217509 1.348408 1.675747 1.803528 1.844138 2.310789 3.909067 1.506839 1.918653 1.526626 1.571905 1.462636 1.005039 0.02375305 0.8208736 0.8205091 0.529564 0.3106482 0.3585845 0.7027341 0.6667244 0.4267106 0.6475967 0.7684219 0.8993659 0.8272237 0.4673305 0.9751387 1.674636 1.532714 0.9704186 1.256862 1.956469 1.013045 0.7616057 1.321421 0.8393085 1.061917 1.992155 2.733598 3.04608 0.976339 1.809034 1.997056 2.213086 1.30041 1.905579 0.7380919 1.271676 3.585404 3.172751 2.37834 0.2550822 0.0005637355 2.561602 0.7896672 1.69389 1.547385 0.3308572 0.4576317 0.1966088 0.7110705 1.091354 1.085456 0.6072289 1.050104 1.575645 5.394001 0.5843102 0.6514457 1.333882 1.093488 1.326205 1.020602 0.7654042 0.734789 0.8345401 0.7545791 1.117317 1.424629 1.256634 1.111684 1.172688 0.8084314 0.7588995 1.096366 1.325654 1.331894 1.839674 1.974287 2.688908 3.112111 3.54094 3.736216 3.758499 3.690455 
2.828871 3.031435 2.9798 2.72834 2.658618 2.532807 2.388177 2.462514 2.673347 3.195566 2.523158 1.646873 1.501633 1.651824 1.590015 1.652618 2.191944 2.360816 2.318163 2.29877 2.024735 1.445457 1.496264 1.240973 1.093863 0.8768598 0.8582062 0.8466986 0.9300594 0.7344232 0.6407901 0.7829302 0.7945762 0.416638 0.6952438 0.8424495 0.8303437 0.6648269 0.9429818 0.9904289 1.230549 1.390676 1.70585 1.645037 1.915772 0.4316488 2.997312 0.3462956 1.612418 1.995561 0.4932114 0.8739125 3.643255 1.518197 1.27281 2.165149 1.521351 1.159154 0.9275852 0.559733 0.2245881 2.48861 1.651096 0.4618321 1.748337 1.076014 0.8718196 1.031325 0.7642606 1.140042 0.55731 0.4437693 0.9739364 0.3024544 0.8421102 0.7451163 0.9939891 1.638255 2.095243 0.3186358 0.3595015 0.4367439 2.213441 3.105642 0.2052569 0.5270612 0.4003946 0.858932 0.4975176 1.06312 1.278018 1.519394 1.239568 1.069266 1.140045 0.7080033 0.7229162 1.194177 1.33999 1.198309 2.243366 2.678441 3.132104 3.584123 4.127871 4.432127 4.264257 4.008204 
2.517167 2.641482 2.546729 2.42961 2.408266 2.413576 2.482706 2.68672 3.344102 5.057375 4.985055 1.708855 1.120286 1.387264 1.611552 1.916135 2.413239 2.576184 2.515841 2.194876 1.425822 1.256165 1.359153 1.109519 1.095242 1.002575 0.9277487 0.9037605 0.8625087 0.9640719 0.9749396 0.7744263 0.5948414 0.3312228 1.230522 1.092729 0.9127977 0.8910459 0.8722243 1.79028 3.427781 1.563212 1.393465 0.8635992 0.1329364 0.7492194 0.826349 1.317444 1.802478 1.700217 1.183755 0.8534306 1.792053 2.227795 1.24633 0.9231418 1.328732 2.157599 0.01254071 0.3816225 0.8984079 3.286631 3.972452 1.15937 0.8927355 0.4609332 1.032902 0.2618905 0.9672585 2.125155 0.7549304 0.462341 0.9148186 1.042488 0.3111187 0.2452344 1.875982 0.402515 0.7115404 0.4097206 1.413858 1.07031 1.180694 1.364767 0.8949417 1.826741 1.067584 0.9922543 0.03171465 2.089139 1.0688 1.997087 1.235744 1.511652 0.4305959 0.7832016 0.4748586 1.215111 1.882069 1.118754 2.919167 3.419663 3.338962 3.846984 4.690199 5.496384 4.710246 4.228796 
2.272222 2.259643 2.264578 2.321903 2.302974 2.339514 2.489517 2.67413 3.14605 3.828403 3.361137 1.859493 1.378798 1.512642 1.8628 2.035593 2.788586 3.482317 3.842483 2.967232 2.09682 1.712991 1.673152 1.614995 1.232293 1.019525 0.954845 0.9135841 0.627083 0.9347519 0.9719506 0.8959295 0.8646943 0.9910271 1.198503 1.227272 1.054999 0.7530105 0.8278959 0.3697156 0.3975948 0.7684925 1.147349 1.002646 0.8602536 0.04980998 1.525046 1.492027 2.029906 3.649487 1.596248 1.3489 1.415361 2.025098 1.478653 0.814684 1.983141 0.8493397 0.2523267 0.1605743 0.6824412 0.3059956 0.5646581 1.626448 0.8438185 1.46641 0.7359821 0.5289086 2.884984 0.3509386 0.5595248 0.2846281 0.3423307 0.3599482 0.9160317 1.015781 1.198432 1.010261 1.549525 1.314879 2.265729 0.9863387 0.5186374 0.08041318 0.4959871 1.167051 0.6993808 1.365128 1.062308 1.002941 0.5701413 0.4086981 1.38219 1.724193 0.6130252 0.9390676 0.4675494 1.615835 2.219345 1.645651 2.571784 3.07877 3.418532 3.869699 4.718814 5.274946 4.681304 4.233819 
1.92974 1.986988 2.029089 2.143134 2.181869 2.250413 2.360256 2.499661 2.666003 2.713719 2.293064 1.507915 1.028372 1.451792 1.938197 2.195858 3.173938 4.522492 5.965961 4.301367 2.662667 2.079861 1.804279 1.86548 1.403587 1.066841 0.91581 0.6347989 0.3513573 0.9082052 0.9852818 0.9605549 0.9179095 1.054768 1.19708 1.130694 1.006397 0.7271212 0.9525821 0.381945 0.5730588 1.366663 1.331435 1.294904 1.438238 1.999411 3.795491 1.936749 1.938944 1.939542 1.714087 2.29331 2.277575 1.99154 1.194673 0.5997771 1.190254 2.652317 2.850473 0.810367 0.5465021 0.6117609 0.6514233 4.626573 1.165906 2.952004 0.08699533 1.502099 1.368598 0.2693163 0.3877526 0.4341834 0.2711269 0.8965413 0.5306778 0.2827163 0.8897333 1.071102 0.7532834 3.512593 0.9680039 1.150983 2.097394 1.709365 3.962897 0.3049665 0.7933816 0.4925797 0.6244822 0.7171143 0.4651582 1.613261 1.198234 2.897661 0.982879 0.7961145 0.7475715 3.140188 1.575905 0.9215059 0.745015 1.703264 2.51339 3.30592 5.861441 4.719246 4.27377 3.955631 
1.639674 1.709708 1.869798 1.952936 2.037526 2.079617 2.216289 2.295176 2.322282 2.233692 1.940054 1.585112 1.306829 1.612274 2.043193 2.716673 3.22511 4.265838 4.991234 4.075522 2.873117 2.148493 1.861096 1.62333 1.273568 1.067507 0.9179437 0.7620278 0.7884135 0.95653 0.9672064 0.9341852 0.9455838 1.104499 1.134079 1.086264 0.9812524 0.7412689 0.2779002 0.413978 0.7259728 1.05142 1.813765 2.60393 1.985783 1.799641 1.571139 1.238882 1.124933 1.600822 1.804844 1.219031 1.945147 1.835821 1.398731 1.412216 1.609982 2.537526 2.443142 0.968642 0.8479425 0.3863246 0.5583329 0.8023543 1.981013 1.45287 1.225706 0.7462586 2.206389 1.158819 0.8010888 2.223206 0.8305564 1.677842 1.014077 0.2272444 0.8490711 1.148817 0.5273589 1.653995 1.307743 1.820581 1.668564 1.356731 2.497475 1.779858 0.7234342 0.3154276 0.5100014 1.084316 1.215804 1.767992 3.50844 1.94777 1.14112 0.8077279 1.027241 2.188096 1.623847 0.3742021 0.7946887 1.753661 2.404859 2.115224 3.474717 3.966222 3.828853 3.632081 
1.298073 1.387272 1.587432 1.73274 1.823298 1.935424 2.066958 2.115401 1.963746 2.031066 2.041903 1.798548 1.696192 1.892046 2.192307 2.617656 2.889897 3.524556 3.782189 3.399031 2.7802 2.216585 1.873531 1.562636 1.207884 1.045235 0.9462413 0.8866283 0.8643239 0.9201536 0.9187743 0.9109235 0.9536118 1.151421 1.104655 1.052148 0.9817858 0.8822442 0.6241665 0.6975306 0.8475857 1.21281 1.735796 2.581281 2.133816 1.61681 1.144711 0.9320206 1.151222 1.471705 1.740865 1.731554 1.692798 1.703336 1.693745 1.711379 1.692866 1.956114 1.514193 1.030319 0.7277618 0.6339574 0.6639367 0.563242 1.376509 1.075199 1.165729 1.264211 1.763076 1.699843 1.770436 2.380803 1.318761 0.9449081 0.8157468 0.5331247 0.8327693 1.004732 0.9292148 1.504816 1.841528 1.544937 1.649112 1.896372 2.280523 1.369126 0.7438807 0.5353101 0.6060418 0.9903335 1.261262 1.788943 2.011196 1.034825 1.19488 0.9178647 1.151943 1.475456 1.434963 1.018863 1.127979 1.678574 2.225376 2.688663 2.969262 3.365479 3.345474 3.213456 
0.8911867 1.051267 1.221954 1.440901 1.633632 1.781845 1.925632 1.974048 1.971725 2.021502 2.079543 1.949657 1.920044 2.108632 2.320102 2.619386 2.709351 3.026079 3.09893 2.965408 2.633234 2.207477 1.893633 1.560875 1.150249 1.028502 0.9663208 0.9285586 0.8844389 0.9098821 0.8885617 0.8908637 1.008239 1.138909 1.080058 1.038777 0.9228168 0.8244072 0.7157894 0.8469833 0.9818681 1.27916 1.614347 2.06052 1.934065 1.582499 1.313205 1.248795 1.455857 1.556199 1.738232 1.540791 1.628804 1.586727 1.925489 2.060156 1.656459 1.834029 1.245243 1.019814 0.8078626 0.7456791 0.7694789 0.940281 1.029028 0.9768451 1.162711 1.232389 1.274863 1.482491 1.575377 1.704014 1.223514 1.20937 0.7155336 0.5343369 0.2158258 0.776728 1.20222 1.469332 1.823711 1.455242 1.869291 2.412912 2.275409 1.283028 0.7559708 0.45496 0.7142466 0.9497423 1.28218 1.601571 1.686382 1.427567 1.257791 1.178905 1.239202 1.3096 1.389805 1.388421 1.452191 1.756291 2.203535 2.536533 2.703694 2.739021 2.620801 2.475261 
0.4594672 0.5990061 0.8688901 1.175743 1.437934 1.629536 1.796259 1.859733 1.974596 2.064199 2.043486 2.049293 2.171037 2.249595 2.256154 2.555619 2.805435 2.730266 2.747951 2.756844 2.561804 2.169729 1.895607 1.566567 1.369981 1.018482 0.9779548 0.9510348 0.8932322 0.9074993 0.9204957 0.9311271 1.007652 1.133929 1.064849 0.9839159 0.8076022 0.7977554 0.7630946 0.9314414 1.034791 1.256886 1.42355 1.822455 1.786956 1.635111 1.45381 1.392096 1.642344 1.640908 1.446779 1.518867 1.581202 1.642009 2.207785 2.089578 1.859626 1.461862 1.1925 1.046025 0.843263 0.7922412 0.8717297 0.9979323 0.9551555 0.9503289 0.979878 1.28926 1.655214 1.386766 1.441772 1.533592 1.128505 1.017388 0.8809142 0.5368109 0.4589586 0.9466832 1.281494 1.558954 1.901249 1.414604 1.895391 2.536476 2.367501 1.255301 0.8305671 0.6986715 0.6658264 1.275221 1.281525 1.519371 1.621278 1.545624 1.337901 1.169792 1.009225 1.312262 1.144906 1.368244 1.621846 1.842911 1.965775 2.380378 2.376482 2.170495 1.810144 1.61548 
0.1247291 0.2546967 0.5750892 0.947796 1.264516 1.492848 1.682614 1.956303 2.008502 2.041919 2.057452 2.117097 2.269918 2.33851 2.292624 2.641464 2.712057 2.547034 2.538613 2.591269 2.467672 2.060236 1.712532 1.508257 1.386049 1.012661 0.9847593 0.9645689 0.9536968 0.9073172 0.9164196 0.9262065 1.003682 1.010163 0.9970993 0.9759573 0.7813765 0.8457741 0.9380032 0.9815831 1.059979 1.012482 1.317428 1.710919 1.713106 1.624161 1.49129 1.464916 1.626102 1.704293 1.449029 1.504662 1.539491 1.864443 2.238904 2.099484 1.900348 1.389434 1.201623 1.025583 1.189768 0.8202561 0.897289 1.031085 0.9238871 1.143931 0.9765106 1.280519 1.700331 1.321321 1.349875 1.466488 1.317116 0.9949021 0.892755 0.5339186 0.4815695 0.8997743 1.24307 1.582024 1.904474 1.181355 2.2613 2.59507 2.386484 1.245312 1.055359 0.7183512 0.671385 1.218728 1.068598 1.373105 1.617578 1.574974 1.383156 1.468688 1.001277 1.220328 1.200579 1.29419 1.717517 1.824965 1.88613 2.197458 2.009383 1.497079 0.7718924 0.5611876 
2.568544e-031 0.1199156 0.4361007 0.8150146 1.144719 1.387281 1.773674 1.894808 1.967464 2.022558 2.06162 2.097581 2.335266 2.392515 2.309599 2.626243 2.650334 2.426843 2.458217 2.481485 2.208952 2.012416 1.690844 1.506299 1.399344 1.009125 0.9889487 0.9733364 0.9633616 0.9077836 0.9147764 0.9234512 1.000981 1.003658 0.9920537 0.9133634 0.7672104 0.8648446 0.8187522 1.012428 0.9623458 0.9794767 1.320746 1.645484 1.673821 1.617525 1.508303 1.505557 1.694747 1.53438 1.453334 1.496422 1.512567 1.867384 2.061996 1.886012 1.585559 1.34674 1.096247 1.012775 1.225199 0.8373968 0.9118331 0.7134651 0.9134102 1.169085 0.9699218 1.335758 1.686566 1.416636 1.574502 1.62949 1.366048 0.9715447 0.8973672 0.5303437 0.4935522 0.768499 1.259067 1.673928 1.910503 1.167068 1.855483 2.628549 2.400731 1.241469 1.063788 0.7301233 0.6732621 0.9364496 1.056795 1.156346 1.481509 1.587551 1.409769 1.517864 1.198478 1.004886 1.198175 1.322955 1.508341 1.631506 1.808045 1.729252 1.724283 1.062017 0.2270309 0.05328111 
