rasters-bowlers/piyushchawla.asc
ncols         108
nrows         21
xllcorner     -3.075
yllcorner     -1.575
cellsize      0.15
NODATA_value  -9999
[rows 0 to 20 of 21, columns 0 to 61 of 108]
1.348438e-008 0.02137784 0.08741269 0.1956041 0.3369709 0.4987538 0.6679172 0.8337788 0.9890844 1.129827 1.254464 1.363048 1.509153 1.580138 1.637743 1.683976 1.720566 1.748944 1.827693 1.821941 1.814807 1.806276 1.796488 1.785823 1.772775 1.760305 1.639177 1.652064 1.669249 1.628066 1.642621 1.476037 1.470323 1.44145 1.537981 1.836671 1.796816 1.755573 1.591915 1.647596 1.699625 1.641845 1.471424 1.581221 1.682799 1.461778 1.421016 1.63748 1.473269 1.335109 1.318136 1.429954 1.366032 1.413441 1.201359 1.146344 1.407636 1.418443 1.836307 1.784161 1.930516 1.909607
0.02057172 0.04318281 0.1102952 0.2192441 0.3608941 0.5224526 0.6909983 0.8560495 1.010551 1.150635 1.274826 1.383183 1.532477 1.602726 1.65971 1.705423 1.741559 1.769496 1.839776 1.834204 1.826894 1.817696 1.806628 1.794005 1.780118 1.764722 1.75191 1.65195 1.674081 1.645988 1.670344 1.522274 1.528982 1.492633 1.295958 1.435589 1.78783 1.734901 1.692354 1.61942 1.662864 1.66421 1.461328 1.581497 1.461135 1.481517 1.450157 1.57043 1.502264 1.195315 1.023529 1.319635 1.363759 1.6336 1.261586 1.149514 1.40563 1.411211 1.816781 1.899344 1.930945 1.903629
0.08055568 0.1056936 0.1727576 0.2790425 0.415923 0.5714926 0.7337799 0.8930539 1.0427 1.179009 1.300463 1.406978 1.499284 1.627748 1.683595 1.728538 1.764175 1.791781 1.85408 1.849087 1.841976 1.832392 1.820103 1.805192 1.788369 1.770085 1.752921 1.648092 1.67607 1.717825 1.708866 1.6433 1.606563 1.564877 1.545226 1.447915 1.777172 1.709485 1.6037 1.57618 1.603535 1.605859 1.440861 1.516599 1.483357 1.515747 1.494599 1.591682 1.624626 1.361317 1.194354 1.487029 1.416951 1.653931 1.262611 1.152981 1.395285 1.392787 2.014701 1.899125 1.93662 1.721905
0.1724326 0.2008399 0.2666486 0.3672903 0.4952213 0.6401486 0.791684 0.9412523 1.082853 1.21294 1.329872 1.433304 1.523671 1.654576 1.708981 1.75306 1.788285 1.872878 1.870942 1.867126 1.860869 1.851529 1.838471 1.821265 1.80013 1.77671 1.752789 1.494394 1.67061 1.731158 1.763332 1.744145 1.724785 1.718202 1.605057 1.654022 1.430869 1.681555 1.570226 1.556281 1.497016 1.504361 1.560571 1.502176 1.471244 1.833544 1.651968 1.66296 1.823742 1.965255 1.649771 1.78287 1.808046 1.498921 1.099546 1.377055 1.365924 1.362324 2.112815 2.11452 1.954615 1.740969
0.2837996 0.3154905 0.3789784 0.4720122 0.5884658 0.7200302 0.8582069 0.9957763 1.127447 1.249851 1.361192 1.46081 1.548785 1.6825 1.735159 1.778389 1.81349 1.890574 1.890623 1.888824 1.884438 1.876506 1.863848 1.845175 1.81952 1.78734 1.752734 1.72282 1.64848 1.732195 1.837617 1.881299 1.982387 1.855732 1.667414 1.407105 1.277736 1.608694 1.542318 1.46938 1.230072 1.325112 1.401254 1.435329 1.425162 1.796785 1.848718 1.688942 1.997819 2.241395 1.908564 1.820333 1.848986 1.411545 1.344518 1.350092 1.215451 1.559384 1.878255 2.079631 1.99106 1.937039
0.4006596 0.4350723 0.4955341 0.5802386 0.6845422 0.8021255 0.9263669 1.051403 1.172668 1.286995 1.39245 1.488068 1.573579 1.64918 1.761864 1.804323 1.839504 1.910397 1.91323 1.914524 1.91344 1.908769 1.898785 1.881101 1.852719 1.810941 1.756616 1.700592 1.480304 1.690067 1.945081 2.233573 2.434819 2.065813 1.64106 1.393849 1.166332 1.29957 1.564745 1.339638 0.4032456 1.162649 1.1482 1.619799 1.545468 1.899525 1.885267 1.826709 1.991168 2.551825 2.129139 1.83586 1.609773 1.242797 1.346945 1.509142 1.028002 1.385677 1.594651 2.020384 2.067428 1.992835
0.5104369 0.5467625 0.6039755 0.6807576 0.7738007 0.8785228 0.9899409 1.103397 1.215002 1.321805 1.421782 1.513715 1.597035 1.671656 1.788317 1.830482 1.984138 1.989941 1.938606 1.944238 1.948242 1.949396 1.945737 1.934041 1.908959 1.862232 1.784859 1.679144 1.401106 1.45017 1.874921 2.764309 3.515655 2.194775 1.557769 1.315438 0.9559771 1.124818 1.594855 1.745842 1.448423 2.0598 1.885496 1.527539 1.21485 1.302169 1.122982 1.536213 2.146201 3.849621 2.19467 1.967245 1.393383 0.2030526 1.727953 1.10526 1.292245 1.428388 1.082486 1.921923 2.020019 2.004004
0.6036124 0.6410958 0.6953181 0.765412 0.8491384 0.9432741 1.044123 1.147998 1.251579 1.352127 1.44758 1.536541 1.618216 1.692307 1.813224 1.855041 2.000724 2.010341 2.020469 2.030274 2.039645 2.047865 2.005943 2.008079 1.998996 1.965115 1.878109 1.70488 1.467896 1.186272 1.35065 2.214078 2.809871 1.457014 1.333354 1.210379 1.033333 0.9701918 1.34647 1.988773 3.169249 3.051504 2.114387 1.113691 1.25252 1.109475 1.675725 1.774628 1.889358 1.498474 1.663602 2.241638 1.838585 1.482642 1.198143 1.783364 2.065429 1.497667 1.432931 2.383881 2.23816 2.521739
0.673932 0.7120354 0.7639167 0.8290638 0.9059984 0.992447 1.085619 1.182526 1.280275 1.376311 1.468568 1.555547 1.636309 1.710427 1.836883 1.878471 2.016858 2.030027 2.044749 2.061173 2.079404 2.099465 2.12083 2.142818 2.164998 2.180214 2.115566 1.898518 1.427322 0.8590596 0.8531473 1.189268 1.365559 1.096426 1.266364 1.021668 1.151444 1.064052 1.080729 1.567266 1.852182 1.211018 0.2112883 1.743205 1.124882 0.3223178 3.78268 1.716211 1.986638 0.837185 0.1174799 0.1252633 1.135047 0.7909824 1.831474 1.055287 1.078518 1.115268 2.112834 3.297343 4.10902 2.668509
0.6265653 0.6608291 0.7057386 0.7610937 0.8260509 0.899164 0.9785132 1.0619 1.147076 1.231953 1.314778 1.39424 1.469503 1.5402 1.606371 2.017873 2.032482 2.049342 2.068953 2.091954 2.119179 2.15178 2.191535 2.241902 2.311631 2.425266 2.618379 2.595188 1.667871 0.7228023 0.4171377 0.8428766 1.11437 1.056241 1.468203 0.6712931 0.6605163 0.8629899 0.9892887 1.40547 1.253134 1.54269 3.308577 0.8058466 1.472932 2.023807 1.032358 0.7420558 2.155664 1.393581 2.04931 0.1833333 0.9434539 0.7575622 4.924056 0.03589112 0.6890466 1.154864 0.7292243 0.9198059 0.7748573 2.697432
0.6411565 0.6757087 0.7204476 0.7752446 0.8393897 0.9115995 0.9901117 1.072856 1.157669 1.242515 1.325667 1.405827 1.482182 1.554398 1.622585 1.8479 1.869889 1.895652 1.926188 1.962859 2.007545 2.062694 2.132535 2.223736 2.350292 2.55686 3.045114 3.981576 1.714471 1.02583 0.2709961 0.7690187 1.034434 1.145236 1.674658 0.9628438 0.3688912 0.6582021 0.8654718 0.8848379 0.5889668 0.2123179 0.9238783 1.171529 0.1568324 1.130614 0.8947307 0.7819929 0.888338 0.6920876 2.626774 0.7326297 1.592953 0.7951806 0.8036776 0.7366127 1.161571 0.976132 1.039307 1.291957 0.9072789 1.563169
0.6304638 0.6652046 0.7107057 0.766782 0.8326025 0.9067315 0.9872597 1.072002 1.158728 1.245381 1.330253 1.412097 1.490173 1.56424 1.697118 1.860464 1.88493 1.913936 1.948811 1.991429 2.04449 2.111977 2.199867 2.317095 2.475829 2.686974 2.925666 2.830803 1.573973 1.083094 0.6284193 0.8991817 0.9624799 0.9514954 1.018416 0.7877958 0.6047417 0.9753547 0.6933103 1.320106 0.8540097 1.445909 2.276116 1.109202 0.8453785 2.213436 1.144894 0.5386404 1.047425 3.196196 1.77496 0.7955656 0.6644819 0.1447301 0.5057371 0.4564087 0.5572116 0.8205777 1.210703 1.492287 0.6673715 0.510091
0.5947203 0.6294824 0.6766328 0.7358054 0.8057862 0.8846591 0.9700518 1.059417 1.150299 1.240552 1.328482 1.41293 1.49328 1.569434 1.696675 1.807893 1.835421 1.868181 1.907767 1.956466 2.017667 2.096576 2.201545 2.346676 2.557436 2.884565 3.433298 3.917679 2.171254 1.191045 1.100392 1.134677 1.868015 0.7264958 0.7503686 0.3577372 0.7346202 1.148366 3.174628 1.025572 0.9028311 1.370611 0.738764 2.941871 1.43072 1.987433 1.077201 3.73856 3.629626 0.9045603 0.8873416 1.117216 1.049044 0.7240522 1.010735 0.2639842 0.560999 2.705065 0.4410341 0.9580925 0.5118086 1.007515
0.5352088 0.5696558 0.6192065 0.6832035 0.7597731 0.8461642 0.9392022 1.03572 1.132887 1.228404 1.320605 1.408456 1.49152 1.569889 1.692346 1.746088 1.841433 1.875041 1.915679 1.965733 2.028786 2.110507 2.220511 2.376903 2.619592 3.057982 4.06873 5.824573 3.187578 1.27162 1.193084 1.031263 1.040148 0.8857939 0.4645213 0.2848326 1.032928 1.066621 1.747608 0.9741042 1.401562 1.491922 2.576132 1.995012 5.903208 3.135734 1.85059 1.856368 2.193905 1.009513 1.880744 0.5149015 0.6714652 1.961018 1.122577 0.6349245 0.1042726 0.3111013 0.6426281 1.67012 0.56657 1.013094
0.4548151 0.4883794 0.540844 0.6111777 0.6965669 0.7930473 0.8962858 1.002239 1.107558 1.209759 1.307212 1.399039 1.485039 1.624882 1.684113 1.74014 1.842785 1.875905 1.91571 1.96437 2.025101 2.102911 2.206125 2.349748 2.563215 2.938101 3.450999 3.749018 2.721361 1.619989 1.232172 1.003083 1.004644 0.941932 0.8644916 1.363071 1.243363 1.273308 1.237806 0.9041117 1.05107 1.304282 1.733313 1.401678 3.032252 0.09437412 1.105367 0.9169953 4.067545 1.43993 1.181905 0.4219199 2.133287 0.7123926 0.07742599 0.2261523 0.4810075 0.8678083 0.9744673 0.55673 0.9636492 2.031722
0.358814 0.3907279 0.446287 0.5240551 0.620025 0.7286538 0.8441054 0.9612208 1.076022 1.185814 1.289047 1.385096 1.474024 1.610415 1.672197 1.729816 1.839658 1.87106 1.908319 1.95312 2.007827 2.075838 2.16212 2.323344 2.462071 2.673381 2.801821 2.705822 2.254121 1.633535 1.28835 1.010833 0.9698884 1.022106 1.023967 1.309767 1.731813 1.900357 1.445604 0.9979776 1.109084 1.04194 1.47832 1.720055 1.716601 1.027558 0.007347305 0.7076575 1.920321 0.9529293 0.3320398 1.576066 1.066759 0.4216319 0.09999729 0.8293708 1.787102 2.922235 1.287743 0.8852648 1.218532 1.85345
0.2555214 0.2849527 0.3433605 0.4289416 0.5363414 0.6581778 0.7868662 0.9159773 1.040847 1.158582 1.267751 1.367996 1.522326 1.593282 1.657042 1.715579 1.832533 1.861237 1.894647 1.93383 1.980102 2.092606 2.153931 2.224901 2.347497 2.401092 2.396608 2.27 2.010948 1.546792 1.321644 1.220796 0.9556792 1.006701 1.135711 1.276963 1.480858 1.566375 1.273341 1.048112 1.170653 1.107336 1.438447 1.758069 1.161973 1.073176 0.3550857 1.046206 1.213236 1.005941 0.7017866 0.9777458 0.3697792 0.4518186 0.4623315 1.856322 3.179463 1.862009 1.748829 1.240101 1.324148 1.912325
0.1560735 0.182427 0.2430257 0.3358125 0.4541182 0.5886885 0.7301434 0.8707609 1.005196 1.130374 1.244996 1.348977 1.500702 1.574157 1.639255 1.697884 1.752027 1.847471 1.940016 1.971429 2.00611 2.044654 2.085202 2.177603 2.203717 2.206574 2.163128 2.052652 1.884247 1.553566 1.338345 1.275285 1.067925 1.092905 1.15937 1.248301 1.368267 1.454496 1.228603 1.082302 1.11367 0.9371371 1.263483 1.756628 1.319717 1.082033 0.5772809 1.168868 1.041989 1.081446 0.5082797 0.5611368 0.4439138 0.6112114 0.688668 1.686687 2.065943 1.825736 1.850198 1.845531 1.352957 1.582595
0.0732705 0.09651398 0.1583415 0.256599 0.3835847 0.5284779 0.6803558 0.8303692 0.9725717 1.103722 1.222621 1.329408 1.478552 1.553557 1.61916 1.67742 1.730155 1.89645 1.919072 1.94336 1.968513 2.054358 2.074434 2.088874 2.091392 2.072197 2.020202 1.931511 1.865357 1.465114 1.461111 1.432931 1.144174 1.113395 1.163394 1.217957 1.193088 1.409002 1.25428 1.144565 0.9621311 1.012715 1.332018 1.53704 1.278356 1.116205 0.6420396 0.9577098 1.017231 0.7133265 0.6780032 0.4634358 0.4455559 0.7966493 1.191929 1.430989 1.693086 1.69302 1.866931 1.947732 1.608705 1.460865
0.01878223 0.03961722 0.1016051 0.2026425 0.3345052 0.4854619 0.643619 0.7993666 0.9463133 1.081054 1.202415 1.368697 1.456825 1.532543 1.598086 1.655487 1.772792 1.878407 1.895508 1.913052 1.992813 2.005462 2.014234 2.015975 2.005751 1.977875 1.928826 1.915501 1.590109 1.557176 1.535763 1.468626 1.160858 1.123402 1.159548 1.194751 1.151449 1.386741 1.239434 1.1432 1.166413 1.156042 1.333418 1.262734 1.277636 1.139561 0.6737514 0.9793201 0.7113845 0.6471344 0.6939209 0.4435495 0.7149668 0.8568752 1.219774 1.302597 1.446076 1.575541 1.970946 2.123452 2.056299 1.388519
4.095494e-032 0.01970547 0.08087368 0.1815455 0.3135864 0.4652165 0.6243569 0.781152 0.928989 1.064312 1.185866 1.348344 1.43658 1.51202 1.641711 1.698691 1.74807 1.858346 1.871189 1.947744 1.956228 1.961948 1.963139 1.956952 1.940336 1.911088 1.867578 1.866657 1.551872 1.544221 1.546766 1.222567 1.104229 1.12753 1.153381 1.177382 1.124407 1.311819 1.228675 1.072546 1.245163 1.381263 1.331818 1.251266 1.27901 0.94977 0.6920832 0.9217445 0.5649506 0.6462147 0.7049671 0.4333377 0.7440785 0.9495992 1.227539 1.229776 1.330311 1.490546 1.962891 2.140791 2.07094 1.701598
