rasters-bowlers/praveenkumar.asc
ncols         108
nrows         21
xllcorner     -3.075
yllcorner     -1.575
cellsize      0.15
NODATA_value  -9999
1.124388e-007 0.1721789 0.5949439 1.032141 1.33993 1.541514 1.607925 1.608833 1.575784 1.48038 1.441187 1.547057 1.422191 1.467557 1.512286 1.434826 1.467102 1.3682 1.532147 1.576029 1.593186 1.526675 1.472922 1.402474 1.307843 1.358158 1.25853 1.191004 1.072384 1.11136 1.006302 1.011092 0.9258767 0.9431282 1.081631 1.054493 1.085636 1.002334 0.9462516 0.9259089 0.95332 0.9295809 0.909946 0.8368151 1.395181 1.250262 1.672877 2.462837 2.838143 3.169432 3.499102 3.50626 3.130852 3.050318 2.648883 2.124511 2.256552 2.006688 1.751201 1.867507 1.77833 1.672114 1.613406 1.551362 1.076121 1.041067 1.050246 0.993585 0.6959363 0.409366 0.2852392 0.5909541 0.6749513 0.8330811 0.8818309 1.118136 1.213207 1.287645 1.254241 1.23659 1.315028 1.118615 1.330178 1.539508 1.672789 2.098509 2.120372 2.228835 2.232777 2.356812 2.372598 2.327679 2.341771 2.678849 2.57172 2.364596 2.334108 2.180094 2.033867 2.033722 1.558561 1.213501 1.002901 0.7898048 0.4977282 0.2617956 0.05129818 0.009149847 
0.1883608 0.3824922 0.8174924 1.241033 1.515512 1.640405 1.697161 1.656302 1.586661 1.51316 1.688655 1.49036 1.343548 1.443828 1.50359 1.737596 1.681738 1.497283 1.542689 1.646765 1.690481 1.58891 1.508986 1.431637 1.318737 1.317539 1.158135 1.038717 1.051434 1.063163 1.00016 1.006943 0.9185394 0.9244889 1.046973 1.036775 1.090088 1.036172 0.9897966 0.9541236 0.9568496 0.9678865 0.8374477 0.8251857 1.299536 1.240897 1.549464 2.329955 2.862382 3.221423 3.484402 3.542077 3.16822 3.062495 2.652862 2.119237 2.032657 1.998962 1.763703 1.543824 1.795282 1.678084 1.606358 1.539254 1.092003 1.047615 0.9855059 0.9667054 0.6655058 0.3278175 0.2742992 0.5470067 0.6425483 0.871092 0.8991362 1.175205 1.333744 1.431862 1.371277 1.285099 1.295782 1.085274 1.285586 1.516177 1.670612 2.100705 2.143631 2.257293 2.264509 2.370831 2.322742 2.316775 2.327597 2.517232 2.39692 2.449289 2.442156 2.249147 2.227523 1.8486 1.57978 1.426447 1.002308 0.7707239 0.5425569 0.3497691 0.1233827 0.09656642 
0.757659 0.91821 1.269927 1.587227 1.769719 1.819235 1.773479 1.710751 1.59199 1.48077 1.632816 1.412952 1.373392 1.411699 1.49423 1.745001 1.68551 1.480466 1.504848 1.715609 1.89222 1.615649 1.540639 1.480961 1.498566 1.24567 0.9829072 0.8000642 0.9090853 0.9605079 1.004253 0.891552 0.8621136 0.928699 0.9756278 0.9995148 1.10068 1.097825 1.064005 1.046149 0.9032083 0.9379399 0.8162811 0.8108156 1.254567 1.399993 1.905902 2.338226 2.895816 3.299849 3.543445 3.800803 3.218545 2.958309 2.416657 2.102065 2.014808 2.169024 1.785038 1.582481 1.755129 1.683104 1.825896 1.311833 1.117307 1.059041 0.9744675 0.9269384 0.6224612 0.4109392 0.2581293 0.2758285 0.6495362 0.8328568 0.9512425 1.235134 1.574902 1.713614 1.578104 1.342634 1.050784 1.026394 1.221685 1.485179 1.671717 2.107211 2.22701 2.292501 2.311993 2.396605 2.320731 2.28567 2.492548 2.467979 2.409382 2.712998 2.667099 2.551881 2.292931 1.900172 1.595496 1.413371 0.9830866 0.7695022 0.5642664 0.402073 0.3098252 0.2990291 
1.459517 1.652092 1.832611 2.017114 2.085252 2.041035 1.913323 1.739185 1.591539 1.631673 1.498802 1.374195 1.301739 1.442276 1.486164 1.770882 1.713667 1.462875 1.393119 1.138317 1.40906 1.560739 1.61479 1.572045 1.598793 1.274037 0.8610249 0.1114263 0.8584848 0.9898146 1.015969 0.9187275 0.9109959 0.8308198 0.8046168 0.9160037 1.122631 1.217793 1.198237 1.08276 0.8901706 0.8068333 0.7905546 0.6853679 1.084479 1.373931 1.8675 2.342734 2.953125 3.617165 3.630144 3.642988 3.277936 2.768789 2.251009 1.892952 1.981945 1.874843 1.661587 1.639372 1.833324 1.681899 1.785736 1.319294 1.199735 1.079316 0.9471531 0.8578271 0.5605388 0.3636307 0.2325223 0.2549753 0.5777109 0.8201497 0.9922365 1.287094 1.925996 2.381078 1.918133 1.377836 1.032515 0.9341107 0.9740269 1.444793 1.677754 2.12043 2.253056 2.293557 2.336104 2.400718 2.314996 2.205014 2.434079 2.389324 2.412902 2.719644 2.761975 2.587546 2.208217 2.089277 1.600258 1.371706 0.8823982 0.7051387 0.4848835 0.4648491 0.4414748 0.5491786 
2.107898 2.306063 2.411709 2.493072 2.45602 2.315179 2.092397 1.824118 1.560727 1.526396 1.27842 1.213946 1.187941 1.343922 1.577366 1.8252 1.788156 1.693 1.39866 1.286651 1.377358 1.768013 1.633628 1.760844 1.891914 1.336472 1.020236 0.8627893 0.994842 1.010761 1.042742 0.9170662 0.9339367 0.6694281 0.3307264 0.7624267 1.11154 1.395097 1.482615 1.004073 0.8491743 0.7616878 0.7511182 0.7087699 0.9172545 1.347616 1.943131 2.446092 3.054847 3.718677 3.89647 3.727828 3.36605 2.843052 2.242284 1.843071 1.973435 1.916834 1.775309 1.729191 1.854012 1.658401 1.457574 1.319657 1.261997 1.158434 0.8589617 0.7279973 0.6285533 0.3617706 0.1876779 0.2641285 0.3390417 0.7315935 0.8666147 1.090349 2.145477 3.847797 2.364936 1.285531 0.9128466 0.8664016 0.91778 1.395014 1.678817 2.130374 2.253331 2.316473 2.318905 2.52537 2.310863 2.033708 2.104479 2.257272 2.445535 2.715029 2.947367 2.699082 2.333202 2.146949 1.595855 1.223739 0.80251 0.6067145 0.3888111 0.4147448 0.4606511 0.6356667 
2.636846 2.874745 3.046886 3.008633 2.88862 2.667874 2.343805 1.949328 1.730095 1.419924 1.157883 1.027995 1.10345 1.37526 1.757841 2.125721 2.155566 2.130211 1.474642 1.366259 1.393939 1.817348 1.549214 1.768797 3.231942 1.803128 1.069944 1.437791 1.218743 1.03802 1.091151 0.9989833 1.052535 0.8927166 0.3573976 0.8828977 1.100816 1.285127 1.330251 0.9182258 0.7992203 0.632329 0.997752 0.6943841 0.9294209 1.260416 1.713599 2.387579 3.078894 3.91498 4.034479 3.844593 3.569383 2.856811 2.048977 1.711866 1.66252 1.98238 1.988346 1.822573 1.83338 1.608968 1.128718 1.282506 1.382256 1.280411 0.6511707 0.2596418 0.4434632 0.2196362 0.1787097 0.162442 0.3047979 0.5410151 0.7218041 0.910219 1.421838 2.494347 1.658682 1.039354 0.7773278 0.9003767 0.8077818 1.299942 1.578419 2.1992 2.354149 2.141991 2.515904 2.787416 2.364172 1.623988 1.33417 2.159328 1.630727 2.943713 3.041483 2.825462 2.395409 2.179774 1.798576 1.170048 0.663716 0.2947506 0.2020897 0.266028 0.403028 0.6532764 
3.031789 3.338409 3.565889 3.573227 3.366638 3.15061 2.745158 2.291629 1.735553 1.36589 1.144737 1.065561 1.012062 1.230898 1.810909 2.254403 2.249061 2.11808 1.849945 1.272573 1.174502 1.216369 1.234002 1.065363 2.52704 2.07447 2.104499 3.411214 1.638272 1.017125 0.759199 0.9759674 1.126915 1.31594 1.130268 1.050166 1.183255 1.122554 0.9941856 0.8984975 0.8601145 0.3109118 0.225679 0.5857038 0.8597089 1.060321 1.649054 2.49481 3.376928 4.112249 4.121964 4.48637 3.979613 2.832407 1.882649 1.238848 1.406577 2.89024 2.287082 2.023696 1.64862 1.450006 0.7775613 0.9661598 1.650844 1.428786 1.076425 0.5756078 0.5297806 0.2289305 0.180159 0.2223168 0.3174655 0.5294014 0.3151977 0.639007 0.8258408 1.053024 1.194802 0.9705539 0.4895032 0.3975618 0.9334325 1.341703 1.828279 2.459098 3.088593 2.014529 5.493425 3.503736 2.319607 1.595445 1.455561 2.757601 5.421066 4.149843 3.303677 2.952518 2.565475 2.208674 1.812455 1.218947 0.5679678 0.1581344 0.02038929 0.1134864 0.3811868 0.6774599 
3.270574 3.625561 3.914849 3.914971 3.856413 3.906705 3.561833 2.561855 1.728451 1.230741 1.039019 1.067538 1.098038 1.34655 1.942711 2.713537 2.405748 2.122364 2.211263 1.674704 0.974639 1.113456 1.238514 1.462439 1.371764 2.030525 1.784264 1.786169 1.283391 0.6510945 0.7034663 0.9679381 1.080143 1.273738 1.163241 1.079825 1.511714 0.4684874 0.8698778 0.9214808 0.7320565 0.4155595 0.5114626 0.6380852 0.8302078 0.1229567 1.433957 2.835107 3.27313 5.336676 3.969063 3.307539 1.81349 1.886974 1.755556 1.26292 0.1711359 2.748458 2.19578 2.458247 2.112309 1.197467 0.3304955 0.7014253 2.587645 1.929066 1.50354 1.123199 0.8020391 0.6504946 0.6099429 0.8165379 0.2282641 0.5221606 0.6996124 0.8574162 0.1507493 0.292105 1.777452 0.9190316 0.4184096 0.6656398 1.032225 2.371572 1.826684 2.82902 3.6799 0.6329814 2.474727 2.672903 2.27772 1.95311 2.340565 3.089833 3.881102 3.737469 3.172305 3.009043 2.582838 2.21871 1.587882 1.201371 0.8133631 0.3504487 0.1617757 0.06602268 0.4438915 0.8026754 
3.313528 3.66551 3.920528 3.952835 4.28854 5.195771 4.838336 3.020375 1.66622 0.9789893 0.5781754 0.9984481 1.141628 1.481413 2.390121 3.621376 3.324828 2.918519 2.808194 2.850753 0.9596975 1.078264 3.238032 2.13097 0.9168785 3.42954 2.454176 1.648905 1.091545 0.09827858 0.6575926 0.9500235 0.9535314 1.07591 1.239362 1.680749 1.770918 1.27028 1.104854 0.8879182 0.251756 0.4631534 0.9169964 1.162428 0.896083 0.8301262 3.281968 1.78988 2.613356 3.924105 3.738763 0.1583538 1.055278 1.072792 1.485543 1.161447 0.7993938 0.9728759 1.879601 3.647474 1.775203 1.216907 0.7491531 1.089239 1.638152 1.38352 2.10114 1.050202 0.6447648 0.8408678 0.6660795 1.000752 0.9478712 0.9900942 1.135707 1.019608 0.4526055 0.9825543 1.186232 1.044127 0.7868537 0.6834458 1.268487 1.615093 1.826978 1.414303 1.747203 1.413209 1.627227 1.396176 1.734473 1.879962 2.617017 2.831625 3.213724 3.126899 2.817051 2.751846 2.451046 2.267513 1.932054 1.420996 1.166066 0.7860785 0.6219561 0.6192433 0.8373833 1.051646 
3.241655 3.511354 3.736715 3.913314 4.522357 5.680271 5.347517 3.191489 1.726152 1.024389 0.7470889 1.036375 1.126599 1.308092 2.936043 5.493604 4.459909 3.99851 3.630439 2.709044 2.036238 2.137471 1.982283 3.368434 1.727172 2.161028 3.609013 3.611139 1.762255 1.042173 1.051146 0.9704116 0.289064 0.898115 1.208901 0.7406763 1.163463 1.646573 1.634767 0.9136503 0.2462802 1.102356 1.15068 1.272992 1.699144 0.9569646 1.222574 1.977146 3.634782 2.643988 1.871363 2.298609 0.9539273 1.234442 1.071401 1.438794 0.790109 0.8914393 1.734395 3.151334 1.309663 1.07457 0.6523762 0.858703 0.8348074 0.7006178 0.9067847 0.9319373 0.9122549 0.2182318 2.334055 1.028583 1.132055 1.397701 1.328969 2.224438 0.7179438 0.6229532 1.122556 1.1627 0.5309817 1.677785 1.86954 1.352848 1.137681 1.216952 1.799954 2.624898 1.269264 0.252894 1.551256 1.742593 2.629303 2.99094 3.332347 3.19182 2.435673 2.301809 2.277828 2.217373 1.737802 1.606447 1.489996 1.240109 1.182161 1.271684 1.29398 1.315137 
3.098042 3.306736 3.500382 3.749105 4.113814 4.521855 4.106869 2.859064 1.904469 1.5244 1.624063 1.507741 1.201446 1.43439 2.668705 4.458951 3.001138 3.94632 4.536875 2.862286 2.675398 2.984522 5.356581 3.228305 1.993955 1.688194 2.742931 1.870722 1.525963 2.000771 1.38616 1.301421 0.7123996 0.4693488 1.023452 1.138129 1.039426 1.003639 0.4095173 1.60951 2.060232 3.64009 0.8072364 2.311805 1.543386 0.7002735 1.166049 1.621268 1.900937 3.662919 1.063328 1.417847 1.565924 1.860718 2.191116 5.397956 1.703208 0.6800451 1.381943 2.669031 2.193249 0.3166753 0.3597334 1.396147 2.851304 0.7400885 0.5751667 0.2180668 0.6949507 0.7687769 1.365798 0.84476 0.4932854 0.6955201 0.9030684 0.5340915 2.426848 0.7737464 1.334359 1.953455 2.365611 2.846412 1.774227 1.107802 0.05216538 1.935063 3.24477 4.79601 1.814649 1.23674 1.313494 1.94533 2.745718 2.69157 4.357838 4.008057 1.516974 1.785738 2.213055 2.163782 2.010852 1.917956 1.650895 1.568613 1.65119 1.704709 1.556538 1.466765 
2.917402 3.080777 3.259761 3.396353 3.551567 3.540421 3.185891 2.575526 2.082837 2.005757 2.68282 2.006486 1.015371 1.407544 2.233432 2.824131 2.020988 2.347583 3.617012 3.51257 3.275386 3.432872 3.759731 2.012956 1.495134 1.289977 1.345874 0.6083702 0.91244 1.860705 1.736396 1.878826 1.171106 1.218087 2.204833 0.8512779 0.894823 1.185816 1.75756 0.990861 2.515177 1.770149 0.6456079 1.971821 1.379891 1.067899 2.521585 1.017749 1.985988 1.506761 0.9713964 0.951756 2.404735 4.096865 2.604312 1.706343 0.7847626 0.4100926 0.4771857 1.797346 2.951409 0.7039893 2.38812 0.7163437 3.737334 1.181766 0.5334057 0.8146313 0.9842777 0.9395919 0.6037125 1.177973 0.7550307 0.1745444 0.8795404 2.779561 0.6579316 0.8691701 0.498381 3.690936 1.94448 0.6540043 1.612291 1.477509 3.40156 1.628601 3.25291 3.137846 1.260789 1.49852 1.640645 2.005678 3.914583 1.824149 3.253538 3.298445 2.099466 2.180733 2.480896 2.295579 1.99272 1.721845 1.602351 1.838526 2.284004 2.00334 1.555519 1.51486 
2.716131 2.88254 2.982108 3.06003 3.090847 3.045301 2.814151 2.512967 2.251536 2.176641 2.22671 1.779683 1.118542 1.308358 1.923941 2.359062 2.423531 2.651088 3.738077 5.868414 3.366744 3.028291 3.327488 3.685941 2.36424 1.466967 1.637973 1.664787 0.6345276 0.3418958 1.1035 1.276258 1.214979 1.118887 0.1125681 0.8870902 0.7084865 1.306253 1.977865 1.418801 1.458411 3.120578 3.456367 1.482005 0.9012927 0.8224432 2.503532 3.260648 3.465914 0.7559751 0.8634439 0.9838094 1.379512 2.841134 1.95296 0.9995033 0.6444793 0.1772133 0.507835 1.656387 1.523815 1.906865 1.12994 0.3500297 1.070524 0.1616633 0.5075549 0.4949262 0.6206219 1.101574 1.28762 0.8899372 0.2128567 0.2284307 0.3720987 0.2351102 0.3902932 0.932837 0.7389258 0.6026223 1.368866 0.280922 0.4717211 1.207463 2.296562 1.208803 1.646099 2.630394 1.54657 3.742067 1.690182 1.594433 1.72559 1.660131 1.336665 1.864911 2.703414 3.765476 2.938626 2.696448 2.026222 1.137958 1.172923 1.816286 3.144978 2.638404 1.212916 1.422074 
2.493827 2.63669 2.724439 2.788733 2.813451 2.787422 2.753375 2.670648 2.696892 2.433232 2.157857 1.741472 1.562763 1.426239 1.840134 2.006982 1.883335 2.142329 1.699544 1.629872 1.168934 2.658417 3.179424 3.061441 2.278232 1.660702 1.729436 2.213014 2.067899 1.288095 1.473747 1.039522 0.9018344 0.7305485 0.8970784 0.992155 0.9749436 0.994275 1.026711 1.235838 2.252044 2.004077 1.094579 0.9958698 0.2925512 0.9748226 0.7282383 0.2917816 1.61368 0.7041589 0.4966122 0.5071832 1.323348 2.813463 0.6500299 0.9315624 0.6093576 0.1974699 0.4428843 1.431077 3.499256 0.7921319 1.86755 1.232596 1.022859 1.232267 0.31488 0.7580588 0.9243476 0.5263482 0.0821043 0.7031419 1.231102 1.131155 0.2674432 0.3836298 3.599178 1.3201 0.7814744 0.1854831 0.7488831 3.015397 0.04630674 0.1960027 1.064195 1.195246 0.9906507 3.297306 3.473191 3.10847 1.900754 1.319974 1.195408 1.486416 1.75036 2.039691 2.779505 3.322479 2.922388 3.399281 2.145765 0.9381446 1.054545 1.694436 0.9499065 1.042652 1.145937 1.265744 
2.280155 2.379607 2.481432 2.571311 2.642238 2.705562 2.807314 3.035365 3.334075 3.121108 2.536713 1.932305 1.672978 1.953583 1.866956 1.600798 1.218412 1.525887 0.9636908 0.8791519 1.413991 3.298401 3.503256 2.667817 2.288687 1.692785 1.128389 1.365851 2.854808 1.683418 1.167479 0.9781314 0.9824237 0.5397195 0.8066759 0.924782 0.8657857 0.1146344 0.7998539 0.7556251 1.142952 1.457848 0.9567447 0.3882505 0.3029083 0.1810402 0.9375789 1.074015 0.9610318 0.2233609 0.5649208 1.373606 1.608057 1.577777 0.8030927 0.9113516 0.633969 0.2977792 0.2397962 0.5005126 0.5685226 0.6781245 0.1175069 0.702562 0.5554709 0.8794487 0.4396033 0.2881477 2.117745 1.555893 0.1084171 2.514098 0.364127 0.2198668 0.2566293 0.1926775 0.2866937 1.199041 3.637848 2.669272 0.6836101 2.022969 1.308259 0.1520355 0.8181859 0.238214 1.031312 1.790547 2.39692 1.956489 0.7939797 1.10436 1.088885 1.07969 1.658778 1.828111 2.324781 2.617486 2.584581 2.402778 1.827979 1.337607 1.458343 1.808362 1.916086 1.980298 1.258283 0.7379295 
1.970651 2.085851 2.225205 2.368525 2.50797 2.665278 2.901222 3.322075 3.891102 3.801364 2.976995 2.175349 1.821134 2.026056 1.836461 1.541044 1.148277 1.49991 1.737061 2.026233 3.229807 5.740779 4.585632 2.72147 1.927736 1.445249 1.733235 0.9541887 1.300505 1.38614 1.049951 1.062603 0.925953 0.8615111 0.8463044 0.9459417 0.8938946 0.7365823 0.2447572 0.4084703 0.2262172 0.8793504 0.8761187 0.5115231 0.4212811 0.3684613 0.7383783 1.043377 1.195856 0.7593086 1.51909 3.714813 2.602357 1.708936 1.105937 0.9810074 0.6176234 0.3636664 0.3709874 0.2581978 0.6241531 0.3952696 0.1646291 0.1902228 0.7047383 0.7390795 1.1351 1.634885 2.242515 2.083228 0.443896 1.373683 0.8194545 0.9034705 0.9727386 0.1891649 0.1654867 1.887296 3.979192 2.659747 1.483912 1.951073 1.253123 0.639043 0.771661 0.8718286 1.121935 1.516393 1.994503 1.816267 1.485866 1.354257 1.280176 1.318579 1.45814 1.780759 2.146749 2.32427 2.3162 2.059499 1.907367 1.638066 1.72161 1.826547 1.869295 1.736139 1.229115 0.8719826 
1.582465 1.721211 1.919461 2.137902 2.351892 2.576376 2.86138 3.261041 3.67948 3.611258 3.023773 2.28288 2.112288 2.097363 1.895269 1.860547 1.631645 1.853017 2.217586 2.558133 3.526237 4.694099 4.186601 2.640956 1.878699 1.164759 1.440209 1.368127 1.404193 1.273075 1.209949 1.071556 0.9418172 0.8874032 0.8627877 0.8638827 0.9226848 0.8313821 0.5298537 0.3810501 0.434449 0.8394647 0.7213235 0.5965334 0.4855592 0.4717634 0.5644854 0.7701049 1.323057 1.14944 1.935719 2.753139 2.343178 1.656507 1.225567 1.047193 0.5807654 0.3980945 0.5324146 0.4622998 0.5882263 0.3598649 0.2431975 0.4530232 0.638526 0.8102472 1.054076 1.572554 2.02521 1.575728 1.188639 1.163358 0.6878213 0.2721052 0.3913859 0.2969614 0.6947593 2.041475 2.791214 2.658225 1.987919 1.865635 1.221755 1.19959 0.7107235 0.8144683 1.121703 1.437781 1.8328 1.662312 1.678291 1.536469 1.387573 1.414754 1.497652 1.936481 1.938634 1.84903 2.171112 1.949449 2.020754 1.782899 1.824776 1.446588 1.708785 1.595841 1.384205 1.234966 
1.101614 1.263231 1.539271 1.852652 2.14726 2.417411 2.687101 2.962005 3.192772 3.017604 2.647283 2.246171 2.156161 2.164648 2.017957 2.114627 2.058264 2.187736 2.366248 2.814196 3.193513 3.508985 3.248306 2.508457 2.057803 1.656941 1.561672 1.469672 1.418666 1.147695 1.015659 1.056449 0.9607594 0.905498 0.8611585 0.8226328 0.8304917 0.6899559 0.5634573 0.5312383 0.551829 0.7858247 0.6008446 0.5992121 0.5086748 0.491996 0.6044374 0.8165187 1.26607 1.138727 1.354726 1.858517 1.816316 1.573378 1.320403 1.052337 0.5408416 0.3634674 0.3050448 0.5025116 0.4861301 0.2269083 0.2955946 0.334575 0.667618 1.012149 1.022209 1.470523 1.881362 1.558473 1.314623 1.129385 0.5951883 0.3036789 0.3168534 0.2893296 1.354477 1.889437 2.71381 2.642879 2.630513 1.974194 1.154266 1.27737 0.9435928 0.728654 1.141491 1.417198 1.570669 1.564877 1.768729 1.653758 1.370226 1.473226 1.426644 1.602954 1.888298 1.737641 1.816292 1.903232 2.087208 1.852857 1.600343 1.291961 1.589027 1.485782 1.352545 1.255191 
0.5759442 0.749199 1.111283 1.531387 1.906827 2.21211 2.459476 2.649979 2.659706 2.573039 2.407499 2.108273 2.156753 2.239361 2.1339 2.302469 2.290062 2.33285 2.521291 2.653639 2.812662 2.907014 2.776119 2.357471 2.240959 1.876936 1.66404 1.474456 1.409249 1.182206 1.095755 1.165798 0.9250565 0.916607 0.8034251 0.7938887 0.7293385 0.6734557 0.5981489 0.6060148 0.6140181 0.8283966 0.5469353 0.589776 0.5138714 0.5045472 0.421851 0.8649412 1.321021 1.1294 1.154968 1.567388 1.552104 1.491848 1.333466 1.081596 0.714649 0.363187 0.3187567 0.5216836 0.5636268 0.2418441 0.2546884 0.3968158 0.6901633 0.8334106 1.061752 1.47558 1.856861 1.75878 1.353258 0.9259792 0.6945393 0.3707427 0.3595889 0.5558904 1.398214 1.861285 2.669235 2.62888 2.679689 1.996639 1.113455 1.025517 1.032839 0.7081457 0.7874979 1.414536 1.541346 1.732584 1.817748 1.731504 1.414147 1.411685 1.454166 1.543646 1.792009 1.727266 1.918005 1.826233 1.812434 1.592622 1.437892 1.234995 1.429199 1.272415 1.083514 0.987643 
0.1539821 0.3220902 0.7418737 1.239898 1.673876 2.003571 2.239872 2.394264 2.317713 2.284261 2.165184 2.010461 2.401561 2.298024 2.22599 2.437498 2.212943 2.46495 2.598489 2.543182 2.584999 2.625238 2.277508 2.104667 2.108666 1.977 1.733361 1.48438 1.435901 1.259278 1.187011 1.218945 1.06676 0.9220793 0.7948201 0.7791526 0.6962384 0.6572578 0.5650748 0.6436424 0.5942758 0.6667724 0.5776514 0.5801144 0.5131034 0.5065868 0.4255624 0.8946071 0.9897857 1.036453 1.031703 1.413068 1.415497 1.368141 1.255737 1.096807 0.678507 0.3586104 0.3254723 0.5381427 0.2391616 0.2484691 0.3221097 0.4134439 0.703674 0.8444328 1.048274 1.864641 1.869631 1.829129 1.160645 0.9925011 0.7131366 0.3769007 0.4230169 0.7270815 1.40669 1.807928 2.375696 2.619592 2.411374 2.009683 1.444126 1.028618 1.275135 0.6962182 0.777299 1.487776 1.529185 1.457994 1.778538 1.784968 1.444956 1.442731 1.474954 1.542543 1.771449 1.683571 1.889419 1.730721 1.785161 1.551902 1.365814 1.118617 1.231137 0.931677 0.5237418 0.4023467 
3.189527e-031 0.1520507 0.5619195 1.060593 1.499719 1.829563 2.056705 2.035689 2.096237 2.082073 1.726454 2.187338 2.414107 2.343095 2.295688 2.534983 2.296515 2.549962 2.496201 2.406521 2.464853 2.472489 2.133389 2.026442 1.955549 2.029862 1.783212 1.748501 1.466795 1.256342 1.230933 1.209559 1.181821 0.8085888 0.7886898 0.7091017 0.6824873 0.6531882 0.5724121 0.6649771 0.6108325 0.6219801 0.6333714 0.5740359 0.5111123 0.5066161 0.732252 0.7129383 0.9913146 1.067801 0.9544011 1.325901 1.336102 1.24832 1.226824 1.1035 0.6930526 0.3541805 0.3274073 0.2430331 0.2439443 0.2516187 0.3295429 0.4235577 0.5240273 0.9167721 1.039193 1.883427 1.885985 1.793555 1.176598 1.002895 0.7223293 0.3771223 0.4278399 0.7475331 1.409181 1.76523 2.6201 2.682165 2.415818 2.016248 1.452544 1.028406 1.295473 0.7609866 0.7703825 1.277711 1.524707 1.451885 1.516576 1.823075 1.591351 1.465945 1.490966 1.542671 1.686624 1.58771 1.728336 1.685994 1.751061 1.438135 1.296022 1.020426 0.8485201 0.6762252 0.1586536 0.03949881 
