rasters-bowlers/rajatbhatia.asc
ncols         108
nrows         21
xllcorner     -3.075
yllcorner     -1.575
cellsize      0.15
NODATA_value  -9999
9.308775e-008 0.1487725 0.540534 0.9881464 1.337498 1.550383 1.650803 1.673903 1.651872 1.620455 1.485959 1.555195 1.809011 1.948083 2.063534 1.980572 2.023582 1.989228 1.897409 1.850318 1.792202 1.606152 1.787767 1.571301 1.356185 1.346353 1.401733 1.384248 1.08933 1.075428 1.058534 1.114345 0.8380497 0.7133242 0.7971935 0.8165979 0.9044467 0.8555626 0.9353699 1.426638 1.512673 1.501529 1.481315 1.456031 1.309358 1.223149 1.342224 1.700529 1.640168 1.504913 1.976244 2.014204 2.091548 2.282198 2.391155 2.087538 2.117429 1.504793 1.467485 1.208441 0.8203478 0.7361976 0.6481114 0.6408336 1.070507 1.186619 1.133738 1.216434 1.214306 1.720595 1.730878 1.666049 1.642352 1.673983 1.607476 1.605269 1.595305 1.584147 1.326079 1.320458 1.313503 1.447861 1.85576 1.444705 1.385872 1.401881 1.41504 1.33768 1.478201 1.469691 1.387141 1.377087 1.279453 1.245051 1.205931 1.16039 1.106184 1.040497 0.9601562 0.815506 0.7010468 0.5708432 0.4297162 0.2877905 0.1601695 0.06348386 0.009923251 0.00231504 
0.1470564 0.3105484 0.7010136 1.128847 1.445374 1.61987 1.679302 1.656403 1.576078 1.473979 1.343748 1.438668 1.728695 1.940126 2.099732 2.034984 2.075332 2.080897 1.921411 1.862833 1.967861 1.619197 1.785395 1.567687 1.350395 1.338383 1.391645 1.171283 1.095223 1.078092 1.056633 1.101747 0.8296369 0.7096316 0.7295927 0.8231115 0.850823 0.8752949 0.9552007 1.422399 1.511333 1.504512 1.4818 1.451352 1.306848 1.282926 1.323927 1.658993 1.346101 1.509149 1.568856 2.371642 2.313881 2.290523 2.386048 2.082367 1.89923 1.434504 1.460804 1.201795 0.8200057 0.7337219 0.645357 0.6368383 1.062094 1.187778 1.143892 1.296391 1.224091 1.716172 1.727328 1.599877 1.637627 1.532265 1.603327 1.598072 1.583984 1.266842 1.322436 1.315614 1.30735 1.505059 1.840596 1.444841 1.390799 1.408913 1.422774 1.342113 1.480015 1.395729 1.383068 1.369381 1.280391 1.246116 1.208049 1.16457 1.113253 1.05106 0.9745752 0.8317293 0.7205078 0.5930973 0.4539861 0.3130338 0.1852982 0.08765982 0.03272012 0.02361537 
0.543987 0.7023152 1.034809 1.369187 1.603745 1.714072 1.721144 1.649026 1.504302 1.293599 1.161263 1.32314 1.666415 1.975278 2.183517 2.130598 2.149276 2.117203 1.943611 2.025003 1.956692 1.639648 1.601014 1.561996 1.339237 1.389207 1.44053 1.175764 1.10412 1.082477 1.05448 1.084736 0.8170366 0.7018703 0.7276198 0.8305851 0.8700945 0.9662294 0.9825229 1.416546 1.507043 1.508155 1.483581 1.267511 1.304261 1.274095 1.123319 1.297305 1.325628 1.993419 1.934458 2.393188 2.333582 2.30212 2.059686 2.13902 1.887106 1.507536 1.452142 1.193005 0.8199152 0.7302042 0.6417407 0.6316041 1.049225 1.184509 1.157671 1.309666 1.238343 1.709939 1.720951 1.599402 1.631796 1.529837 1.599448 1.58875 1.56663 1.323259 1.316334 1.308372 1.298872 1.813106 1.428218 1.446482 1.39828 1.417903 1.357512 1.347559 1.408802 1.393211 1.375464 1.358158 1.342642 1.243191 1.206803 1.166396 1.119388 1.062604 0.9925571 0.8541504 0.750348 0.6311795 0.5007573 0.368109 0.2470208 0.153034 0.09797244 0.08517861 
1.036962 1.180109 1.428467 1.648804 1.787203 1.825118 1.777284 1.665586 1.494218 1.226137 1.004729 1.267352 1.650783 2.104751 2.350993 2.289011 2.41034 2.153409 1.955623 2.005878 1.945658 1.673434 1.6185 1.550952 1.317721 1.36201 1.415295 1.182641 1.117795 1.089483 1.051941 1.125107 0.7982102 0.6869502 0.7204906 0.778267 0.897855 0.9999541 1.080903 1.1209 1.434753 1.575339 1.487607 1.399499 1.302325 1.479676 1.112479 0.9725559 1.292401 1.977677 1.958674 2.427594 2.360266 2.318353 2.357179 2.305273 1.868748 1.573795 1.300073 1.181041 0.8205954 0.7248496 0.6369804 0.6244665 1.028968 1.176922 1.24419 1.330586 1.51877 1.700199 1.578975 1.779544 1.221433 1.5294 1.596546 1.575784 1.264556 1.26227 1.305175 1.297441 1.225772 1.789497 1.428697 1.516545 1.409383 1.429659 1.368042 1.427168 1.409274 1.387391 1.364284 1.342219 1.323163 1.234308 1.200258 1.164006 1.122759 1.073182 0.958733 0.8797792 0.786564 0.6797092 0.5629625 0.4441572 0.3349674 0.2484546 0.1947327 0.1771401 
1.498515 1.621982 1.778699 1.929837 1.984269 1.952763 1.845919 1.689723 1.52759 1.391102 1.325761 1.543968 1.87583 2.276364 2.656291 2.550237 2.589319 2.363494 2.08507 1.964086 1.739448 1.733847 1.64875 1.530283 1.275479 1.488247 1.218921 1.253296 1.375335 1.100104 1.233299 1.098565 0.7699111 0.7730876 0.7020371 0.7875804 1.049407 1.057068 1.127047 1.146783 1.413891 1.565007 1.30526 1.412992 1.303475 1.442104 1.094232 0.9523565 0.9454833 1.749162 1.991755 2.472164 2.407439 2.339998 2.051034 1.899647 1.544456 1.564932 1.297069 1.164298 0.8229848 0.7159981 0.6949925 0.6150392 0.9962882 1.159772 1.380489 1.366096 1.665426 1.871836 1.734916 1.804675 1.242755 1.208066 1.593478 1.556129 1.260797 1.337956 1.283827 1.280102 1.26533 1.460903 1.432418 1.393142 1.423632 1.443241 1.381414 1.432456 1.407664 1.378325 1.347611 1.319049 1.295599 1.216626 1.18592 1.155316 1.121449 1.080728 0.9736597 0.9052325 0.8243572 0.7318773 0.6312056 0.5288734 0.4341758 0.3573081 0.3062804 0.2841819 
1.891391 2.004424 2.118609 2.192299 2.207536 2.112859 1.936727 1.687505 1.414326 1.348101 1.524358 1.802531 2.169061 2.73807 3.115968 3.005891 2.749316 2.332297 2.06328 1.88177 1.813896 1.856966 1.697925 1.651782 1.367397 1.428321 1.209277 1.276733 1.390882 1.114291 1.27376 0.9721949 0.6353357 0.7150843 0.6587117 0.788635 1.056476 1.155809 1.286926 1.17472 1.379665 1.475579 1.39265 1.44349 1.315951 1.386713 1.285259 0.8226621 0.8697001 1.633961 2.201445 2.555653 2.506789 2.358589 2.02033 1.857803 1.553647 1.549534 1.293044 1.1405 0.8227234 0.6999891 0.6700085 0.5492444 0.5733949 1.11984 1.371105 1.432418 1.596089 1.702015 1.629966 1.791147 1.27954 1.230382 1.591379 1.317888 1.289685 1.274874 1.24118 1.207317 1.525998 1.402216 1.441042 1.411407 1.441559 1.461286 1.462134 1.437981 1.404227 1.363951 1.322119 1.284513 1.255777 1.2378 1.160847 1.138062 1.11364 1.083488 0.9847262 0.9275265 0.8593811 0.7814167 0.6967713 0.6107905 0.5306066 0.4638012 0.4163835 0.3910189 
2.227476 2.349908 2.457425 2.510913 2.493627 2.345495 2.10623 1.761211 1.231333 1.080535 1.415404 1.79692 2.391017 3.41743 4.314646 3.795258 2.881398 2.214078 1.795637 1.505682 1.942847 2.178029 1.738889 1.559555 1.182856 1.067737 1.198165 1.473454 1.420218 1.359658 1.244653 1.004975 0.8006302 0.7823721 0.5656772 0.7567869 1.154479 1.351593 1.317454 1.190483 1.083404 1.404705 1.477352 1.512332 1.371145 1.302852 1.140673 0.8862885 0.6728829 1.229712 2.054433 2.736091 2.793297 2.335877 1.92869 1.693719 1.540748 1.38905 1.277247 0.8638696 1.01022 0.6579359 0.6814546 0.5521782 0.6974141 1.02291 1.304466 1.741602 1.77664 1.789237 1.340146 1.388393 1.473259 1.326764 1.621542 1.285047 1.271715 1.110414 1.169948 1.225837 1.343328 1.411175 1.456108 1.434641 1.464378 1.480506 1.477123 1.4444 1.397634 1.340839 1.282097 1.231437 1.196791 1.18009 1.121552 1.11024 1.098095 1.026351 0.9906069 0.9446625 0.8886012 0.8239047 0.7535485 0.681955 0.6145675 0.5569265 0.5134245 0.4862488 
2.525934 2.685423 2.830965 2.915474 2.881326 2.712441 2.42879 2.147599 1.866748 1.478241 0.7982495 1.531597 2.400467 3.822328 5.931366 4.508854 2.844084 2.048178 1.658027 1.346907 3.017115 2.726762 1.549525 1.336987 0.83657 0.3334994 1.319129 1.629659 1.448923 1.360438 1.208609 0.9776594 0.7822152 0.3858471 0.4508832 0.6283842 1.199287 2.12167 1.303537 1.204822 1.086574 1.259832 1.116767 1.683225 1.567796 1.16223 1.048998 0.8225285 0.560281 1.071093 1.421169 3.147594 4.465343 2.284949 1.662657 1.687816 1.301686 1.41912 1.22597 0.917401 0.8067179 0.5223465 0.6142752 0.5371751 0.7208694 0.5595855 0.8158512 2.022904 2.229115 1.300363 0.2618638 1.553651 1.54897 1.384973 1.237997 1.372815 1.341819 1.123966 1.19498 1.441369 1.348859 1.365412 1.706342 1.462892 1.491013 1.558368 1.49588 1.451661 1.385972 1.303021 1.217196 1.147883 1.108495 1.099087 1.110638 1.070601 1.074587 1.015257 0.9910565 0.9558707 0.910553 0.8570608 0.7983685 0.7382964 0.6811289 0.6309925 0.5911222 0.5632784 
2.793494 3.020936 3.261594 3.461076 3.508335 3.290256 2.906871 2.690208 3.104602 3.236007 0.4036008 1.510372 2.206475 2.81941 3.553024 3.159042 2.436757 1.772587 1.24216 1.604867 2.269456 1.731605 1.202857 1.32992 1.117799 0.9795116 2.357629 1.811491 1.413066 1.243501 1.10022 1.039267 0.9172196 0.1317368 0.4663277 0.3582921 0.7403119 1.540771 1.36667 1.08399 1.027363 1.725695 0.2295967 2.769616 2.666975 1.018224 0.7649446 0.7235009 0.6054324 0.3314807 1.240688 1.779129 1.511133 1.166036 1.175839 1.520844 1.748937 1.227995 1.055068 1.025746 0.9861582 0.7166681 0.8421383 0.08000492 0.9361133 0.6596969 1.633861 2.025372 1.989608 1.485298 1.31099 3.259048 1.791299 1.240896 1.041415 1.345994 1.739437 1.23181 1.247469 1.14695 1.283695 1.312313 1.446155 1.504694 1.524715 1.580401 1.518154 1.459163 1.366629 1.242296 1.110505 1.01298 0.9749053 0.9870175 1.025205 1.020004 1.04474 0.9996054 0.9870037 0.9615407 0.9251198 0.8803267 0.830309 0.7785944 0.728783 0.6841347 0.6471498 0.6192757 
3.016978 3.333362 3.722739 4.15289 4.453703 4.257739 3.560977 3.041958 3.165898 3.141758 2.00341 1.95137 2.100993 2.033153 1.253904 1.90853 2.121847 1.699476 1.205798 1.165255 2.41503 2.958751 0.3828365 1.617076 1.128557 1.382508 1.103627 1.572623 1.265814 1.192155 1.167358 1.00111 1.064722 0.9368465 0.627954 0.3778646 0.5503735 0.8821201 0.9635147 0.896062 0.9738497 1.134708 1.589874 1.899425 1.426924 1.45033 1.859699 1.067761 0.725993 0.1494633 1.000078 1.475231 2.053482 2.326017 1.113478 1.030576 1.21667 1.329303 0.687419 0.9499002 0.5682514 1.161701 1.401205 0.8756817 1.031373 0.7288734 0.5355824 1.371704 2.570954 1.324961 1.418781 2.224736 1.128797 0.9633112 0.9596971 0.7663617 5.073707 1.829019 1.109087 1.107926 1.17667 1.336476 1.538491 1.511745 1.554195 1.603062 1.540954 1.46962 1.34286 1.149733 0.9329315 0.7924334 0.7768471 0.8405504 0.9259816 0.9636343 0.9657437 0.98238 0.9804215 0.9629194 0.9330631 0.8941717 0.8497 0.8031355 0.7577767 0.7164564 0.6812949 0.6535642 
3.165525 3.560823 4.095873 4.793379 5.48854 5.465421 4.34672 3.350027 2.927705 2.656568 2.303535 2.154253 2.090435 2.029246 2.078362 2.317871 2.144645 1.846429 1.485635 1.361881 2.231075 2.418705 1.629621 2.121507 1.350844 1.556058 1.614146 1.675622 1.43522 2.475516 1.518694 1.34283 1.222719 1.856533 0.6163304 0.7664617 0.9099413 1.056264 1.695084 0.9307184 0.9299967 1.045075 1.466385 1.031556 1.052499 1.896418 2.017794 1.514049 0.8647981 2.034158 0.7447942 0.9561476 1.648767 1.773239 1.354373 1.317132 1.007725 0.8765912 0.7579064 1.560376 0.831926 1.003625 0.3438872 1.322482 1.192123 1.158716 0.9318675 1.252875 1.012668 1.166574 1.034508 1.73229 0.814864 1.061296 0.8891529 0.9203644 1.569624 1.206123 1.171567 1.183619 1.063765 1.281647 1.910143 1.381869 1.572373 1.622034 1.56704 1.49303 1.331679 1.030998 0.6537887 0.4530941 0.514595 0.6769561 0.8296785 0.9479271 0.9380457 0.9678103 0.9738961 0.9616427 0.9354865 0.8994271 0.8572695 0.8126388 0.7688336 0.7286136 0.6940191 0.6662889 
3.205428 3.631485 4.214995 4.984336 5.767093 5.811986 4.700399 3.554075 2.948413 2.611194 2.38034 2.2467 2.189916 2.209218 2.362307 2.173782 2.190587 1.984865 1.713736 1.774172 1.896178 1.906102 1.697218 1.612343 1.406028 1.360279 1.415757 1.793515 1.607303 1.677214 1.018003 1.309323 1.204782 1.695762 1.264228 1.12659 1.709847 0.7994376 1.077033 1.017882 0.9099918 1.041925 2.03487 1.206197 1.045863 1.231558 1.380854 1.929304 1.308144 1.933887 1.134827 0.9181883 1.129436 2.087649 0.3713189 3.262023 1.387432 0.9693027 0.787903 0.3628141 2.370875 4.253167 0.8644786 0.7966217 0.9611743 1.485373 0.8245378 0.6202404 2.419922 1.582136 1.274763 1.383345 1.482795 1.419878 1.003777 0.9964545 1.03123 1.16698 1.833321 1.214067 1.007934 1.015782 2.648493 1.76419 1.564329 1.62437 1.601381 1.554797 1.387115 0.9625201 0.3430524 0.08195946 0.2807537 0.5574101 0.7690499 0.8803704 0.9234635 0.96025 0.9698709 0.9591807 0.9333535 0.8967941 0.853587 0.8076089 0.7624136 0.721007 0.685627 0.657622 
3.119594 3.517657 4.030563 4.632615 5.131625 5.082348 4.356296 3.51917 2.982953 2.643202 2.433893 2.310256 2.251351 2.214092 2.200423 2.199855 2.160288 2.052485 1.851523 1.870779 1.776052 1.777685 1.765861 1.658102 1.447708 1.092965 1.311066 1.075302 1.245763 1.109031 1.112332 1.131027 1.160599 1.067284 1.162263 1.207529 1.132518 0.8588011 1.047209 1.038897 0.9104789 0.856747 1.488418 2.114506 2.050223 1.957998 2.514438 1.045543 0.1744028 1.030367 0.933935 1.068914 2.259045 1.629258 0.8889889 1.42708 2.048532 1.241555 1.004675 1.176112 2.796147 1.780886 0.7586769 0.7304235 0.6345922 0.6976065 0.9137088 0.6596454 0.8836848 0.6573207 0.6963063 0.851519 0.7531734 0.9136295 0.9984273 0.7618585 1.382323 1.387519 1.72016 1.048159 1.001008 1.062507 1.707553 2.146667 1.458504 1.635885 1.661116 1.70814 1.596918 1.115598 0.3729647 0.0699017 0.2825218 0.5651079 0.7765402 0.884088 0.9661462 0.9624158 0.9697502 0.9563231 0.9271405 0.8865576 0.8387873 0.7880437 0.7383983 0.6934462 0.6559231 0.6274307 
2.912669 3.249241 3.646462 4.045488 4.302614 4.231491 3.832381 3.324461 2.919532 2.664752 2.473894 2.35509 2.353008 2.311426 2.255298 2.157421 2.146521 2.202738 1.804846 1.731317 1.804482 1.821024 1.858314 1.695717 1.593916 1.414348 1.621504 1.242799 1.24765 1.075657 1.035438 1.007185 0.9927115 0.9024408 1.043666 1.006174 1.138295 1.07858 0.9999632 0.9976954 0.961245 1.005968 1.464415 2.250607 2.404855 3.85614 1.102631 1.602497 0.9340158 0.8863597 0.8734893 0.3803239 0.6331916 1.065326 1.657241 1.483608 0.8445047 1.1916 2.5139 1.296999 2.038507 2.029683 1.1596 0.7295749 0.831068 0.6361298 0.4207632 1.676479 0.960321 1.005773 1.03275 1.463613 1.115097 2.072062 2.821313 0.8495705 1.447731 0.9314319 1.761722 1.691068 1.156897 1.144988 1.620888 1.786566 1.677923 1.681106 1.740598 1.933448 1.883043 1.425103 0.8245975 0.5081927 0.5485283 0.7057986 0.8528419 0.9232599 0.9862053 0.973945 0.9732822 0.9528908 0.9166859 0.8685034 0.8125275 0.7534212 0.6961016 0.6451852 0.60427 0.5753533 
2.597754 2.871669 3.178176 3.456448 3.6172 3.603736 3.387677 3.098403 2.832775 2.626424 2.49938 2.471321 2.396285 2.348691 2.162631 2.136971 2.248973 2.096846 1.817642 1.998994 1.823942 1.853037 1.930388 1.896855 2.301997 3.795651 2.055151 1.180701 1.248324 1.210861 1.061886 0.9064729 0.707711 0.0767489 0.5668596 0.9994674 1.07093 1.099758 0.997565 0.9569868 0.9357315 1.108798 1.467922 1.86723 2.088175 1.887305 0.7309559 0.6765212 0.6870686 0.7151858 0.5891303 0.5525814 0.8403922 0.993435 0.8832259 0.5890799 0.9281492 0.8627754 0.6536697 1.3287 1.715216 1.573539 1.381751 0.5194191 0.6550905 0.593081 0.717329 0.7079446 1.046625 1.288822 1.742058 2.099268 2.122058 2.285946 1.688712 0.9670474 0.3927323 1.041457 1.576929 1.380044 1.342214 1.2238 1.397873 1.583905 1.65789 1.686763 1.743522 1.900672 1.862422 1.552581 1.174915 0.9224405 0.8535749 0.892664 0.9298101 0.9832185 1.018976 1.035152 0.9787357 0.9479425 0.9014639 0.8422847 0.7744629 0.7032855 0.6349555 0.5756837 0.5303907 0.5015938 
2.182576 2.409756 2.674074 2.917152 3.07494 3.125799 3.038692 2.888907 2.728231 2.581696 2.466186 2.506629 2.434783 2.385951 2.145579 2.120762 2.180822 2.057714 2.012317 2.024871 1.850577 1.882417 1.97525 1.964778 2.144211 2.054101 1.996714 1.55975 1.371606 1.207166 1.066803 0.8511697 0.694408 0.4906376 0.6202437 0.7755811 1.045946 0.9352661 0.996159 0.9443656 0.9742753 1.116701 1.52107 1.659273 1.677932 1.599714 1.09396 0.5469543 0.3136994 0.5864093 0.5878937 0.6887377 0.6889558 0.6297903 0.2583921 0.3549106 0.6183322 0.9037403 0.8553501 1.300733 1.350398 1.44586 0.9128436 0.2891234 0.5164182 0.4726767 0.830366 0.9416029 1.124102 1.228677 1.624629 1.843346 2.418375 3.111571 2.388921 1.374809 0.9773104 1.516501 1.450073 1.520399 1.468702 1.446499 1.402292 1.425317 1.665467 1.658531 1.67626 1.729044 1.692881 1.533008 1.324665 1.156488 1.070442 1.053403 1.031237 1.04616 1.055259 1.052023 0.9837211 0.9403229 0.8810814 0.807997 0.724981 0.6381829 0.5556425 0.4858823 0.4356917 0.4081718 
1.672248 1.87017 2.138433 2.409703 2.641208 2.743837 2.75389 2.701259 2.614873 2.523432 2.441849 2.374862 2.467647 2.420046 2.132442 2.15284 2.179976 2.074171 2.031005 2.040331 1.861673 1.89444 1.980086 1.996892 1.984782 1.996967 1.894311 1.64247 1.461035 1.271857 1.101269 0.8408475 0.7610593 0.7035313 0.7364265 0.7670376 0.8728565 0.915226 0.9960124 0.9365135 1.140777 1.384395 1.545149 1.500165 1.461082 1.539423 1.158745 0.7753337 0.5682705 0.5783408 0.6013129 0.4403617 0.4496751 0.6176618 0.5498861 0.6012188 0.6198322 0.9317787 0.946729 1.517801 1.42057 1.371567 0.7732396 0.4158159 0.4057699 0.4405653 0.8045079 1.087492 1.208646 1.281458 1.682768 1.97861 2.510105 2.574622 1.843038 1.451056 1.245402 1.324286 1.406481 1.548947 1.520032 1.497443 1.389151 1.501103 1.629167 1.676836 1.658925 1.619086 1.585923 1.498286 1.381526 1.274483 1.202588 1.169072 1.111481 1.100215 1.087826 1.06695 0.9862456 0.9293927 0.8559661 0.7670065 0.666311 0.5611351 0.4619215 0.3802548 0.3253196 0.3007454 
1.094341 1.273797 1.579882 1.9213 2.2307 2.417395 2.509408 2.528643 2.502858 2.457145 2.406451 2.358597 2.494733 2.44984 2.166649 2.201313 2.186286 2.087503 2.040827 2.050594 2.045331 1.893052 1.965388 1.953766 1.886642 1.883222 1.773241 1.633734 1.446127 1.262184 1.14517 0.8484606 0.8067553 0.7831746 0.795507 0.8347586 0.8099103 0.9027493 0.9284979 0.9318042 1.169143 1.427711 1.32304 1.555884 1.378089 1.529853 1.167514 0.8855646 0.6422988 0.5967544 0.5454572 0.4226725 0.421618 0.643519 0.6326246 0.6250162 0.6423097 0.6617356 0.9770311 1.573987 1.478854 1.10055 0.8945134 0.8154837 0.372552 0.6516256 0.7298827 1.112045 1.221272 1.2037 1.878468 1.968243 2.455118 2.290528 1.622087 1.667433 1.358564 1.233892 1.383654 1.486335 1.543599 1.52609 1.309913 1.49148 1.532067 1.64703 1.614094 1.606875 1.529408 1.475369 1.404872 1.335293 1.280776 1.246804 1.168066 1.14093 1.112953 1.07756 1.029286 0.9156088 0.8279473 0.7226962 0.6035968 0.4791567 0.362579 0.2689883 0.2102325 0.1902608 
0.5349996 0.6986553 1.052989 1.496216 1.869137 2.134999 2.295261 2.372152 2.39528 2.387246 2.363733 2.334301 2.459819 2.520898 2.37564 2.204093 2.082707 1.908438 2.047199 2.048789 2.04351 1.881617 1.946242 1.783353 1.803083 1.788533 1.694722 1.558155 1.445811 1.284123 1.182356 0.9245892 0.8346903 0.8223099 0.8285445 0.7885885 0.8087822 0.8961976 0.9184424 0.8652405 1.127227 1.319755 1.30372 1.450047 1.336254 1.540233 0.9907175 0.9426319 0.6115059 0.6120095 0.4806673 0.4120415 0.3482984 0.6644874 0.6066053 0.5969064 0.6622195 0.6779876 0.9832407 1.277041 1.483199 1.091504 0.9627487 0.9001408 0.6331947 0.6604959 0.7198978 1.117371 1.227718 1.194785 1.907336 2.021564 2.546918 2.047219 1.526005 1.682123 1.334521 1.278086 1.376288 1.479063 1.488086 1.543577 1.534358 1.487631 1.520271 1.554617 1.582097 1.573422 1.550184 1.512744 1.415379 1.368212 1.327689 1.244031 1.204956 1.168717 1.130066 1.08348 1.02361 0.900685 0.8003781 0.680594 0.5451078 0.403626 0.2719489 0.1684971 0.1074658 0.09281616 
0.1354201 0.2821266 0.6609951 1.150852 1.582827 1.904817 2.113862 2.235129 2.295725 2.317837 2.317362 2.304716 2.449649 2.541154 2.392014 2.207205 1.907162 1.910376 1.848688 2.045439 2.040094 1.86808 1.823683 1.735371 1.741329 1.680776 1.593892 1.519723 1.435899 1.294743 1.209558 1.132149 0.9127682 0.8448966 0.8488271 0.7970445 0.810108 0.8933187 0.9118698 0.790766 1.342398 1.3253 1.282368 1.357927 1.315376 1.253549 1.008346 0.9127664 0.6240879 0.6233149 0.480583 0.4058976 0.5350066 0.6795667 0.6197321 0.679296 0.6778544 0.6898835 0.5756128 1.278728 1.494361 1.157328 1.057508 0.9583207 0.667017 0.6728005 0.7161773 1.116997 1.231784 1.189112 1.923807 2.007 2.445238 2.058699 1.61383 1.753423 1.349406 1.304193 1.601788 1.475361 1.484824 1.554247 1.768536 1.409199 1.512979 1.537493 1.296736 1.551496 1.533857 1.507324 1.474968 1.387014 1.356635 1.268217 1.227365 1.18602 1.140341 1.085699 1.017104 0.9296722 0.7775329 0.6473667 0.5006664 0.3480263 0.2069593 0.09791537 0.03637247 0.02604199 
2.738826e-031 0.1296257 0.4955798 0.9631827 1.400022 1.739254 1.973446 2.121836 2.208183 2.25279 2.270775 2.272562 2.317677 2.299671 2.467739 2.210297 1.906729 1.976258 1.84633 2.041633 2.096722 1.854772 1.798284 1.697871 1.69632 1.631023 1.544394 1.488169 1.423955 1.298703 1.228626 1.163832 0.9341383 0.8594443 0.8620254 0.8033206 0.8126059 0.8925453 0.8405338 0.78238 1.362015 1.255008 1.267423 1.33841 1.304814 1.258648 1.020846 0.9293579 0.6316684 0.5593755 0.4099096 0.4031653 0.4015432 0.690522 0.6274859 0.6923485 0.6907989 0.6987907 0.5711015 0.8818595 1.172923 1.164654 1.080885 0.9899378 0.6886899 0.6846645 0.7158763 1.117628 1.157298 1.411528 1.93282 1.994881 2.122404 2.023043 1.881349 1.755715 1.354719 1.319432 1.619079 1.473879 1.482509 1.488136 1.777613 1.635432 1.507163 1.527609 1.269467 1.274288 1.522947 1.503548 1.480142 1.455458 1.375033 1.337216 1.23978 1.195742 1.14575 1.085885 1.011688 0.9186466 0.7633809 0.6287832 0.4783756 0.32309 0.1806927 0.07163944 0.01114887 0.002579733 
