rasters-bowlers/ravichandranashwin.asc
ncols         108
nrows         21
xllcorner     -3.075
yllcorner     -1.575
cellsize      0.15
NODATA_value  -9999
3.513335e-008 0.06401166 0.2595932 0.5633855 0.9254197 1.293809 1.632839 2.074937 2.324142 2.522721 2.679002 2.800584 2.89319 2.960455 3.004223 3.025245 2.998068 3.198085 3.147134 2.81655 3.025082 2.959089 2.659122 2.248676 2.118991 1.808164 1.525516 1.363943 1.402132 1.382334 1.096267 1.203366 1.246011 1.662416 1.785772 1.792797 1.626884 1.65766 1.615404 1.573068 1.53554 1.306935 1.161209 1.404778 1.464377 1.550741 1.770061 1.961784 1.658899 1.700321 1.384697 1.486492 1.497626 1.378123 1.19785 1.540138 1.388982 1.3211 1.194126 1.0218 0.9719499 0.9654707 0.9493405 0.875995 0.8660081 0.9212048 0.9243794 0.9294001 1 0.9248044 0.919609 0.8418642 0.8325751 0.8254346 0.878215 0.8157208 0.938972 0.8831968 1.063625 1.025924 1.045688 1.257562 1.348225 1.371608 1.391519 1.408181 1.619127 1.632267 1.440695 1.37357 1.355411 1.331009 1.299475 1.259675 1.210235 1.149588 1.01356 0.9247288 0.8237375 0.7110857 0.5887073 0.4605849 0.3331652 0.2151584 0.1163342 0.04528229 0.008226347 0.001932582 
0.05431873 0.116113 0.2950181 0.6394635 1.003664 1.372393 1.710778 2.155332 2.402448 2.600237 2.757405 2.881584 2.978158 3.049931 3.097213 3.367711 3.341044 3.019474 3.182079 3.107105 3.028549 2.948678 2.885406 2.321204 2.263874 1.821387 1.800009 1.373456 1.334862 1.373371 1.105225 1.230251 1.294603 1.689079 1.713185 1.757447 1.539987 1.730094 1.626503 1.587501 1.546327 1.313964 1.147255 1.300023 1.361774 1.48855 1.568389 1.721835 1.68978 1.745492 1.411217 1.55082 1.399908 1.359515 1.168788 1.505118 1.38926 1.21778 1.200856 1.02415 0.9364105 0.970909 0.8970196 0.8801776 0.8671574 0.9211267 0.9258111 1 1 0.9254754 0.9183331 0.8423616 0.8317066 0.8240116 0.8732539 0.9252378 0.8776566 0.8803376 1.061299 1.030633 1.232968 1.330343 1.360392 1.385716 1.406584 1.616806 1.632461 1.445951 1.453044 1.458395 1.373224 1.348749 1.317278 1.277684 1.228587 1.106545 1.0294 0.9406505 0.8399318 0.727717 0.6058924 0.4782912 0.3511923 0.2718062 0.1562538 0.07260149 0.02696487 0.01960547 
0.2106703 0.2814564 0.4582315 0.7216554 1.031956 1.497695 1.818977 2.099699 2.493641 2.686192 2.84254 2.969827 3.072866 3.153502 3.210112 3.449202 3.421816 3.363682 3.012685 3.127142 3.027807 2.928579 2.858475 2.329419 2.340147 1.982158 1.811124 1.385127 1.32867 1.353486 1.106858 1.260906 1.36828 1.747444 1.802004 1.775684 1.804276 1.782931 1.641933 1.606943 1.568295 1.448099 1.134424 1.040312 1.14925 1.416408 1.57298 1.565578 1.761154 1.844188 1.560627 1.676548 1.439354 1.291619 1.099442 1.443563 1.399241 1.256006 1.253978 1.024738 0.9512559 0.9398539 0.9095062 0.8857141 0.868553 0.9212053 0.9289694 1 1 0.9263746 0.9163675 0.8425406 0.8310771 0.8751782 0.8167337 0.9164699 0.8734463 1.028869 1.008499 1.206654 1.47849 1.344661 1.37773 1.404518 1.614657 1.633584 1.453003 1.461079 1.466905 1.670651 1.392027 1.367495 1.336251 1.297206 1.249025 1.124772 1.048541 0.9613444 0.8629261 0.7538204 0.7388515 0.5962254 0.4540892 0.3217308 0.2097216 0.1276157 0.08127174 0.07113836 
0.4379459 0.5187 0.6869804 0.9265898 1.206017 1.492783 1.763994 2.205708 2.468495 2.775362 2.930253 3.062085 3.175297 3.271317 3.375479 3.398335 3.546628 3.473681 3.3486 3.155187 3.009077 2.890438 2.814523 2.336363 2.36202 2.046215 2.087507 1.964919 1.314456 1.261036 1.089605 1.285049 1.485638 1.764966 1.840112 1.788041 1.761763 1.787529 1.760281 1.734008 1.590584 1.563084 1.282065 0.3132804 0.8189339 1.368233 1.357827 1.534896 1.802743 1.928064 1.880814 1.880169 1.506691 0.9930688 0.9252547 1.191244 1.428229 1.364518 1.299763 1.017721 0.9732388 0.9845645 0.9291033 0.8965705 0.9195111 1.13838 0.9348855 1 1 0.9279339 0.9134246 0.8416575 0.8314387 0.8720512 0.8633021 0.905863 0.9970596 1.118687 1.170092 1.430175 1.321921 1.366415 1.401798 1.613029 1.636301 1.462719 1.471884 1.672148 1.67769 1.681742 1.411529 1.386918 1.356018 1.317801 1.456526 1.144404 1.069962 1.140631 1.032315 0.912856 0.784344 0.6507093 0.5180717 0.3945901 0.2894593 0.2110023 0.1644336 0.1503705 
0.6911968 0.7797905 0.9359015 1.147155 1.390866 1.643358 1.887172 2.113177 2.563928 2.738777 2.894569 3.153686 3.281258 3.400484 3.520616 3.589098 3.607856 3.661022 3.468261 3.226027 2.970613 2.812991 2.513535 2.481158 2.401239 2.148342 2.042058 1.959979 1.290146 1.203594 0.9925205 1.261075 1.641127 2.26766 2.148427 1.743584 1.791761 1.819893 1.633587 1.721551 1.535637 1.697849 2.366538 1.273621 1.144577 1.536161 1.167469 1.653639 1.844056 1.848131 2.222646 3.167093 1.494344 0.6522117 0.5192337 1.190304 1.43009 1.875093 1.270216 0.9831215 0.9746938 0.9477255 0.9785181 0.9385902 0.8708765 1.113349 1.115931 1 1.271893 1.187753 0.9092686 0.8388478 0.8798912 0.8764269 0.8635789 0.8626922 0.977905 1.112983 1.370402 1.446041 1.349961 1.572657 1.612591 1.641766 1.476516 1.674221 1.682095 1.687405 1.690986 1.693387 1.694976 1.603053 1.570222 1.529689 1.41432 1.342914 1.261336 1.169269 1.066903 0.9552179 0.8363352 0.713869 0.5931275 0.4809298 0.384796 0.3114891 0.2653193 0.2469814 
0.9312226 1.024137 1.167177 1.351545 1.561967 1.78224 1.999815 2.207619 2.403566 2.817619 2.974463 3.126729 3.383856 3.552121 3.686136 3.835245 3.953257 3.892019 3.673942 3.256952 2.92519 2.675782 2.413654 2.485607 2.305154 2.353055 2.234329 1.832685 1.333341 1.121847 0.9154342 1.071713 1.556015 3.262213 2.552691 1.430516 1.56678 1.792807 1.881324 1.617703 1.320265 1.291844 2.641067 2.403028 1.382796 1.903681 2.911136 1.63838 1.91436 1.655658 1.498833 1.486556 1.078967 0.9939402 1.185808 1.548679 1.49482 0.324635 1.107406 0.9217732 0.967513 1.122143 0.8771929 0.82132 0.9808809 1.035847 1.216197 1.244601 1.228311 1.151728 0.9022292 0.8249016 0.8853457 0.9242033 0.8929517 0.9303809 0.9579943 1.280626 1.388258 1.484435 1.560784 1.614552 1.65199 1.676471 1.689068 1.696565 1.700925 1.703376 1.704658 1.705212 1.705306 1.620849 1.589231 1.550636 1.432932 1.363699 1.285373 1.197936 1.101878 0.9984022 0.889653 0.7789147 0.6706752 0.5704113 0.4839614 0.4164889 0.3713101 0.3490798 
1.134025 1.228092 1.359084 1.521056 1.704124 1.897601 2.092823 2.284642 2.471593 2.805965 2.966613 3.133276 3.376359 3.658949 3.846757 4.096072 4.417177 4.487195 3.890717 3.254569 2.757406 2.454788 2.221945 2.37096 2.414688 2.660396 2.484433 1.908761 1.338301 1.057099 0.8753982 0.8253784 0.7025276 1.288595 0.3396297 0.839272 1.349356 1.784333 2.738061 1.887638 1.016926 0.03167897 1.419894 1.147365 1.057174 1.54888 2.694822 2.118615 1.385259 0.9525083 0.9955723 1.08507 0.5313247 0.783348 1.60239 1.690703 2.23203 2.705544 0.876219 0.7044581 1.00911 1.641717 0.5653886 0.3531869 0.9311416 1.220309 1.21879 1.173673 1.090513 1.109981 0.9370947 0.8326081 0.8568727 0.9366704 0.8543735 0.8900457 1.135294 1.319181 1.437697 1.547032 1.620651 1.670213 1.699427 1.712222 1.717914 1.719876 1.719996 1.71924 1.71808 1.716746 1.715349 1.637838 1.607513 1.570968 1.450181 1.38302 1.307789 1.224745 1.134646 1.038881 0.9395962 0.8397563 0.7431039 0.6539269 0.5765855 0.5148218 0.4710205 0.4457026 
1.289551 1.382722 1.503657 1.648443 1.810746 1.983563 2.160984 2.33941 2.518107 2.69932 3.01458 3.191724 3.558465 3.75113 3.980542 4.259152 4.70664 4.963469 4.047266 2.989281 2.48298 2.158777 1.905869 2.048758 2.606891 3.380916 3.044506 1.989591 1.23796 0.960878 0.9579724 0.7199375 0.1317892 0.3950039 0.2404343 1.095768 2.034225 1.929668 2.184111 1.162354 0.997953 0.6633373 0.8380737 1.474921 2.724313 1.54313 3.382559 1.870145 1.277252 1.293057 1.063441 2.112189 0.5791538 0.657663 1.081141 1.061461 1.991805 1.210296 0.6639924 0.4758099 0.5415668 1.048732 0.5276223 0.8656242 1.04019 1.515139 1.133864 1.318277 1.1539 1.035563 0.9033727 0.2989053 0.8499023 0.8491372 0.08980631 0.8334964 1.246563 1.421492 1.529684 1.630201 1.699727 1.737236 1.749145 1.749982 1.746557 1.742104 1.737795 1.733926 1.730504 1.894299 1.895198 1.653616 1.624662 1.52351 1.465402 1.400005 1.327412 1.248105 1.163055 1.073792 0.9824377 0.8916792 0.8046463 0.724678 0.6549702 0.5981392 0.5557991 0.5282953 
1.396244 1.487576 1.600778 1.733222 1.880695 2.038405 2.202144 2.369316 2.539708 2.716112 2.930421 3.123075 3.450919 3.721067 4.059006 4.35758 4.505708 4.383681 3.595027 2.66585 2.043669 1.78105 1.506333 1.227163 2.678969 5.095392 4.148605 1.560164 0.9749236 0.7842355 0.7879461 0.7390587 0.5475082 0.5000851 0.5518616 1.494714 4.065262 0.6346449 1.32278 0.829269 0.6539509 0.1965931 0.9181898 0.8428499 1.010434 1.291594 1.402081 0.3394578 2.213133 4.058008 0.1978454 0.8618285 0.222035 1.708186 2.610602 0.6312928 1.051848 1.995533 1.066711 0.8292265 1.106352 0.5175548 0.08232871 0.754451 0.7377839 0.973542 0.993297 1.391441 2.388807 1.188952 0.9863933 1.164193 1.147438 1.025933 1.163725 1.223017 1.497114 1.643379 1.72349 1.843444 1.915534 1.932346 1.92518 1.913742 1.90528 1.900461 1.898195 1.897432 1.897486 1.897962 1.898639 1.66785 1.640352 1.535363 1.47806 1.413967 1.343329 1.266798 1.185498 1.10105 1.015547 0.9314607 0.8514731 0.7782487 0.7141654 0.6610464 0.6199451 0.5910414 
1.456101 1.545462 1.653309 1.777668 1.915371 2.062691 2.216199 2.373655 2.534848 2.702472 2.914423 3.213843 3.424002 3.754146 4.304562 5.068861 5.012369 3.935392 3.004462 2.260825 1.861664 1.890024 0.9050984 1.411376 2.798385 4.59725 3.858683 0.9713763 0.5989462 0.8131853 1.160078 0.5856862 0.9411826 0.8216763 0.3695103 0.9003061 1.193799 1.321583 0.7949476 0.5462168 0.9678615 0.7138877 2.106664 0.9461062 1.04527 0.7980229 2.827815 1.172411 0.5254707 1.186716 0.887666 0.4304709 2.917594 0.7135847 0.9601963 0.1236629 5.368226 0.4737165 0.99619 1.12861 0.7614886 2.990563 0.6651804 0.8736623 1.20237 0.3418939 0.9471241 1.134696 1.27107 0.6536066 1.16225 1.362185 1.487542 1.194257 1.121765 1.630174 1.783048 1.573765 1.688312 1.953297 2.015031 1.985351 1.943426 1.917057 1.904747 1.900005 1.898682 1.898787 1.899448 1.900294 1.901168 1.902008 1.654356 1.544624 1.487769 1.42441 1.354896 1.279985 1.200894 1.119296 1.037266 0.9571395 0.8813326 0.8121117 0.7513766 0.7004859 0.660156 0.630452 
1.471618 1.559375 1.664256 1.784397 1.916821 2.057947 2.204319 2.353388 2.504263 2.658446 2.820957 3.119599 3.294931 3.587399 4.176893 5.40671 5.477166 3.691391 2.691888 2.119224 1.781957 1.369297 1.050831 1.974496 3.177174 3.928881 4.35819 2.576493 1.360723 1.00939 0.9762636 0.9468902 0.8928553 0.8229462 0.4752782 1.003704 1.058352 1.07171 0.8419548 0.3894742 0.8061095 0.9216367 0.8721335 1.225987 0.4823592 0.4670201 1.060532 1.161503 1.463723 1.79407 0.7684347 2.9174 0.709736 0.4321434 0.3854794 0.8600841 0.6376358 0.3294802 0.65636 0.8566228 1.220119 0.2759433 0.8018425 0.8306009 0.6116814 0.9439123 0.5495712 0.9256197 2.790753 2.050122 1.166924 1.258412 1.726042 3.590753 2.289401 1.872815 1.674577 0.1192047 1.993744 2.231118 2.150734 1.997277 1.912878 1.888731 1.886784 1.890112 1.893864 1.896996 1.899444 1.901341 1.902825 1.904006 1.66066 1.610074 1.552473 1.487939 1.416896 1.340194 1.208621 1.127771 1.046693 0.9676852 0.893079 0.8250148 0.7652391 0.7149594 0.6747807 0.6447264 
1.444279 1.531047 1.635436 1.755188 1.886757 2.025894 2.168405 2.310871 2.451164 2.588686 2.751957 2.978423 3.069215 3.175896 3.274879 3.19939 2.843159 2.741476 2.426831 2.050794 1.403095 1.983996 1.765723 1.999551 2.868732 3.942795 5.601715 3.126287 1.415827 1.164882 1.021226 1.092857 1.260695 0.9607967 0.5325938 1.074209 1.133037 2.324645 1.25327 0.9365453 0.3587255 1.325074 1.149396 0.8175511 0.7267703 0.9403474 1.455768 2.51402 0.6831458 0.1714262 1.013394 0.5220194 0.3054967 0.6490507 1.779373 0.01224231 0.410664 0.4446275 0.8766853 0.369885 0.2574606 1.141822 0.1711832 0.2782538 0.3716539 0.5888566 1.988166 1.081708 1.260142 3.533625 3.036667 1.011503 1.980341 2.073666 3.177305 1.29784 2.075749 3.606137 3.053766 2.782055 2.257188 1.837205 1.797006 1.817917 1.851726 1.872507 1.885076 1.892917 1.898003 1.901425 1.903806 1.905514 1.662222 1.611736 1.554026 1.489176 1.417597 1.340116 1.258035 1.173134 1.08761 1.00394 0.9246829 0.8522428 0.7886373 0.7353131 0.6930391 0.6618967 
1.374107 1.460513 1.567068 1.690595 1.826174 1.968061 2.110684 2.249377 2.380619 2.501678 2.629219 2.699547 2.82555 2.752361 2.445567 1.580843 1.075621 2.003209 2.294041 2.400809 3.533321 2.462806 1.772491 1.319417 1.521166 2.543473 3.388499 2.899874 2.231094 1.918564 1.441134 1.236744 1.48181 0.8696917 0.2275687 0.5966282 1.156323 1.325123 1.106492 0.8793692 1.15814 1.515697 1.512682 1.180123 0.8301052 0.4985441 1.85652 0.9922761 2.983708 0.9862881 0.5111182 0.153875 0.1182539 0.9304267 0.9846683 1.372285 0.6414644 2.927872 0.6479609 1.062932 1.692311 2.167642 5.571478 1.149138 0.9544029 0.6770173 0.5674793 0.9360442 1.208596 2.041505 3.889147 1.677476 1.461443 1.86091 2.361233 2.378567 2.331397 2.775277 3.334945 3.722236 1.899407 1.26294 1.582965 1.755576 1.843161 1.888855 1.875598 1.888243 1.896049 1.901078 1.90443 1.687 1.659244 1.610727 1.552418 1.486547 1.413442 1.333836 1.248947 1.160514 1.070772 0.9823586 0.8981358 0.820946 0.7533278 0.6972291 0.653779 0.6231793 
1.260007 1.34643 1.45804 1.590137 1.73544 1.885737 2.033441 2.172459 2.298182 2.439829 2.506945 2.545927 2.639547 2.51066 2.221339 1.761471 1.594979 1.976878 2.224669 2.356403 2.482572 2.110669 1.530428 1.194905 1.172043 1.769609 2.594391 2.728907 3.277427 3.355164 1.27749 1.375439 0.9627777 0.9929902 0.8366273 0.6752195 1.236635 1.441752 2.80704 0.5761483 2.584592 0.6300036 2.176146 1.898572 0.4813598 1.138326 4.732807 0.3137944 0.8314668 0.3913247 0.5799253 0.05773726 0.1546655 0.9717785 1.121341 0.5117128 1.051833 0.841588 1.317762 0.7820147 1.09794 1.41766 0.84319 0.9414569 0.3003097 1.501624 1.344048 0.4717786 0.2489936 0.2107625 1.471895 1.46799 1.337021 1.637986 2.168894 2.307339 2.376624 2.506181 2.848513 2.852227 1.685168 1.218463 1.539619 1.744397 1.849752 1.875441 1.906778 1.926672 1.94004 1.900889 1.905052 1.843197 1.653303 1.607222 1.547851 1.48031 1.404773 1.321803 1.232461 1.138397 1.041893 0.9458281 0.8535609 0.7686724 0.6945897 0.634118 0.5889887 0.5595761 
1.10111 1.187336 1.307025 1.453228 1.614986 1.780362 1.939047 2.083491 2.208591 2.337158 2.394635 2.419971 2.52336 2.414092 2.242715 2.058311 1.999585 2.089417 2.167678 2.178207 2.131776 1.859333 1.455164 1.095354 1.443631 2.010938 2.267817 2.702252 3.211459 2.459275 1.398422 1.380826 0.9514695 0.03839712 0.9001062 0.7776662 1.108376 0.5344738 0.6252378 0.4690931 0.2995972 0.5123847 1.896563 1.91906 0.5068356 0.5967937 1.017488 0.3710712 1.296049 3.501952 0.7776325 1.019753 3.40832 1.683616 2.850871 0.1971321 0.2191208 0.3655537 0.578688 1.16387 1.813633 0.6035553 0.509313 0.5150136 1.445157 1.448037 2.004227 1.026214 0.5810731 0.8118004 1.309915 1.539674 1.640145 1.710354 2.107533 2.215772 2.263589 2.172077 1.859398 1.422847 1.620561 1.605222 1.672215 1.77525 1.85294 1.905401 1.941038 1.924471 1.938536 1.948577 1.955956 1.940126 1.807499 1.763708 1.701123 1.47089 1.392169 1.304795 1.209599 1.108083 1.002555 0.8962088 0.7930771 0.6977835 0.615029 0.5488456 0.501798 0.4744429 
0.8995695 0.9844241 1.114999 1.281269 1.466869 1.654543 1.830469 1.985708 2.153047 2.238615 2.294418 2.318434 2.307112 2.373861 2.274763 2.18366 2.137633 2.132763 2.122318 2.108253 2.01393 1.827628 1.578418 1.551874 1.681765 2.014499 2.233988 2.493391 2.556345 2.141243 1.716149 1.403864 1.20161 1.436531 1.083285 1.054105 0.9360232 0.9956524 0.774354 0.3408473 0.3985598 1.200029 1.849092 2.16066 0.5356835 0.6159394 0.8368223 0.7137138 1.155731 1.25224 0.7141015 0.1352202 0.8585207 1.516069 1.058341 1.525075 1.884906 2.112918 2.328056 2.451969 2.358434 1.154137 0.9889828 0.5427468 0.9507068 1.19738 1.605374 1.157222 0.9544095 0.7321147 1.110946 1.230965 1.410926 1.682533 2.258628 2.036582 2.140553 1.96539 1.487425 1.072815 1.437497 1.668774 1.752376 1.81567 1.869113 1.910581 1.941591 1.964734 1.982236 1.99572 1.950111 1.930557 1.902186 1.754781 1.690264 1.614196 1.526236 1.426409 1.315324 1.071602 0.9553374 0.8366632 0.7204379 0.6126032 0.5194972 0.4467198 0.3978548 0.3735907 
0.6651278 0.7463353 0.8896551 1.08123 1.297341 1.513566 1.711792 1.88182 2.053529 2.145239 2.204641 2.233322 2.232736 2.347329 2.281753 2.220538 2.173584 2.136269 2.090888 2.073883 1.993178 1.819132 1.850827 1.810398 1.882462 2.105637 2.182175 2.367586 2.22518 1.925876 1.69841 1.44398 1.267142 1.019687 0.9087554 1.069412 0.9662585 0.8762643 0.7826461 0.6644047 0.553149 1.286219 1.710922 1.956355 1.331867 1.755378 1.261934 1.077143 1.453607 1.601234 0.9090757 0.8189808 0.4110904 0.8823864 1.956179 1.99662 1.712517 0.9711239 1.2744 2.088403 2.133636 2.027054 2.659113 0.8440816 1.054308 1.209978 1.515743 1.216541 0.9319703 0.8692221 1.125379 1.203576 1.155664 1.48584 2.021795 1.983255 2.017492 1.922339 1.666238 1.499742 1.580514 1.716281 1.796129 1.847963 1.888305 1.920761 1.946527 1.966801 1.982776 1.995464 1.942887 1.921255 1.890414 1.849142 1.678031 1.598874 1.506559 1.400701 1.281507 1.15013 1.009122 0.8628786 0.6414902 0.5200386 0.4158328 0.3362681 0.2860308 0.2658306 
0.4203013 0.4950468 0.650962 0.8700233 1.119734 1.367469 1.590515 1.818353 1.957432 2.057589 2.123245 2.158647 2.167855 2.155592 2.273006 2.222941 2.175628 2.128096 2.115467 2.070598 2.009686 2.000259 1.995137 1.973168 2.007567 2.163849 2.187656 2.062099 1.810043 1.791577 1.653945 1.460304 1.296157 1.029852 1.095459 1.077545 1.03427 0.9321898 0.8198103 0.7612582 0.7017087 1.301929 1.612371 1.633196 1.369267 1.351254 1.286785 1.219969 1.56953 1.701662 1.009688 0.6451001 0.6280718 0.2573076 1.748259 2.019849 1.94009 1.617995 1.741372 2.156529 2.130519 1.826703 1.604583 1.154989 1.181155 1.033151 1.277098 1.067436 0.9208497 0.8562123 0.860237 1.017791 1.128585 1.459774 1.82356 2.010895 1.989272 1.8228 1.832393 1.753392 1.764444 1.790012 1.839172 1.877359 1.907975 1.933247 1.954127 1.971265 1.985285 1.996771 1.936185 1.912248 1.878839 1.834503 1.665076 1.58289 1.48637 1.374728 1.247758 1.10629 0.9527956 0.792044 0.6315674 0.4815 0.3533264 0.2574701 0.1783787 0.1627844 
0.2018657 0.2682297 0.4335177 0.6762391 0.9556775 1.231449 1.476715 1.716498 1.867865 1.976647 2.049169 2.091418 2.108756 2.106226 2.25816 2.21382 2.168139 2.119562 2.120709 2.082053 2.180094 2.072735 1.994442 2.026925 2.082023 2.199438 2.110301 1.980661 1.699687 1.710447 1.570696 1.462242 1.307343 1.060384 1.093987 1.080958 1.054339 0.9040091 0.9557403 0.7168464 0.7874628 1.067991 1.528893 1.57813 1.319456 1.265683 1.217221 1.239981 1.158756 1.016424 0.908617 0.6856754 0.7886375 0.8122715 1.311301 1.343401 1.715922 1.854412 1.930657 2.100112 1.878054 1.610804 1.335158 1.056338 1.069444 1.227591 1.238033 1.272905 1.037125 0.8720759 0.8950836 1.28067 1.051178 1.438298 1.814878 1.806033 1.983963 1.842322 1.799852 1.88259 1.873687 1.891401 1.88121 1.905734 1.927606 1.946706 1.963193 1.977276 1.989213 1.999297 1.929882 1.903565 1.867636 1.820443 1.652109 1.567283 1.467186 1.350682 1.217214 1.067341 0.9034716 0.7307084 0.5574782 0.3954044 0.257813 0.156783 0.09970722 0.08712181 
0.05196834 0.1105702 0.2789382 0.5339461 0.8301252 1.122364 1.38118 1.628333 1.788364 1.903933 1.982395 2.030637 2.054588 2.059308 2.242465 2.2023 2.159636 2.35705 2.130785 2.248696 2.225701 2.132843 2.050698 2.085392 2.127377 2.270695 2.083862 1.925764 1.628586 1.658559 1.541721 1.400793 1.312402 1.11723 1.093084 1.08587 1.068483 0.9768651 0.9354348 0.7148135 0.8203754 1.120114 1.486731 1.546016 1.263369 1.22565 1.192536 1.211179 1.12839 1.030101 0.8531867 0.8696551 0.8973647 0.9082875 1.254032 1.174678 1.677359 1.86162 2.027642 1.898321 1.728422 1.5032 1.241129 1.076563 1.071386 1.231077 1.229089 1.026855 1.031559 0.9434295 0.9859136 1.302894 1.110591 1.281732 1.810742 1.786084 1.812511 1.856461 1.836124 1.820038 1.942792 1.946183 1.958496 1.931663 1.946347 1.960227 1.972875 1.984152 1.994062 1.784148 1.761893 1.732403 1.857007 1.807334 1.744096 1.553086 1.450484 1.330673 1.192874 1.037489 0.8669307 0.6865752 0.505484 0.3362591 0.1933525 0.08976477 0.03326826 0.02412977 
1.113061e-031 0.05393903 0.217532 0.4684559 0.7620456 1.053383 1.346659 1.559214 1.722117 1.841083 1.923472 1.976267 2.005434 2.168135 2.166781 2.191775 2.405821 2.371284 2.298137 2.280585 2.266874 2.064382 2.090023 2.123643 2.257309 2.229448 2.064713 1.889365 1.581411 1.622368 1.518047 1.387485 1.315014 1.122834 0.9743446 1.090881 1.078518 0.8603478 0.975943 0.7529066 0.8990437 1.108969 1.107357 1.195108 1.339074 1.203279 1.180361 1.30936 1.139499 1.004859 0.8014665 0.9006488 0.8381132 0.9304553 1.058136 1.036279 1.449415 1.87193 2.291643 1.883777 1.678709 1.450355 1.427763 1.121579 1.132653 1.271322 1.24375 1.257431 1.024798 0.9457259 0.9274347 0.9767267 1.324609 1.270916 1.805921 1.773777 1.805286 1.809564 1.856116 1.847706 1.844179 1.98618 1.991027 1.999814 1.963375 1.973108 1.982548 1.991367 1.999416 1.776863 1.753166 1.722325 1.682986 1.633499 1.730336 1.541211 1.437522 1.31643 1.177104 1.019947 0.8474575 0.6651975 0.4824928 0.3122135 0.1689759 0.06576926 0.01021295 0.002393593 
