rasters-bowlers/ravindrajadeja.asc
ncols         108
nrows         21
xllcorner     -3.075
yllcorner     -1.575
cellsize      0.15
NODATA_value  -9999
8.237681e-008 0.13401 0.5355728 1.118548 1.741791 2.345463 2.78559 3.135522 3.354238 3.355539 3.430105 3.462411 3.464053 3.44322 3.442859 3.35884 3.273253 3.189666 2.785096 2.776569 2.460272 2.252334 2.060849 1.998167 1.903009 1.785028 1.662344 1.414207 1.317945 1.23787 1.175035 0.7131205 1.015949 1.276077 1.606394 1.582099 1.547356 1.682731 1.794608 1.893308 1.850838 1.504722 1.354142 1.95374 1.465185 1.842893 1.93192 1.611588 1.684922 1.699922 2.008118 1.94815 1.866809 1.464776 1.359881 1.125438 1.080298 0.9856377 0.9914122 1.186006 1.085879 0.9478816 1.482763 1.761073 1.709141 1.731252 1.606319 1.768167 1.763896 1.432479 1.68804 1.698649 1.698699 1.697701 1.692158 1.628334 1.612427 1.825374 1.865865 1.924537 1.996062 2.265601 2.176029 2.094846 2.101849 2.133991 2.145352 2.138119 2.220955 2.082861 2.026609 1.964057 1.895061 1.818524 1.732642 1.582585 1.464955 1.332414 1.184497 1.021633 0.8459841 0.662405 0.4795332 0.3097014 0.1672083 0.06486105 0.01002591 0.00233652 
0.1291468 0.2795229 0.699974 1.299912 1.932816 2.48841 2.971164 3.277438 3.510901 3.632383 3.564237 3.579007 3.564775 3.529479 3.500374 3.406196 3.31025 3.217923 2.874391 2.816191 2.521735 2.348094 2.193489 2.125957 2.000025 1.836508 1.671032 1.406316 1.289012 1.195913 1.128935 0.7754536 1.000386 1.253282 1.374797 1.579056 1.631449 1.702549 1.87544 1.892446 1.830641 1.48358 1.323613 1.851774 1.420587 1.49905 1.923755 1.60742 1.787183 1.880663 1.812416 1.973306 1.874308 1.548152 1.25674 1.158894 1.134559 0.9445155 0.9038594 1.007695 1.306016 1.145753 1.501772 1.596611 1.718871 1.748491 1.616238 1.584803 1.757345 1.790981 1.718198 1.722033 1.701787 1.689676 1.637239 1.620635 1.648549 1.800742 1.848738 1.922438 2.194739 2.142644 2.111955 2.169495 2.238989 2.269106 2.262843 2.329342 2.292092 2.251617 2.082498 2.01095 1.989391 1.907528 1.709854 1.61031 1.489131 1.354799 1.20657 1.044201 0.8693808 0.6867146 0.5045519 0.3349839 0.19219 0.08894944 0.03283777 0.02368677 
0.4961782 0.6720229 1.082129 1.6456 2.235068 2.752927 3.207204 3.486387 3.66316 3.759803 3.826857 3.827151 3.673324 3.622706 3.566152 3.460462 3.352055 3.249267 2.917699 2.862083 2.597722 2.479103 2.390537 2.330597 2.147996 1.897555 1.665032 1.50605 1.240972 1.075957 1.200326 0.9640168 0.9782811 1.023111 1.353512 1.567824 1.769609 1.730401 1.899367 1.90195 1.808384 1.494737 1.409423 1.427788 1.34981 1.456466 1.903017 1.890671 1.921538 2.153912 2.078541 1.915316 1.835869 1.428041 1.010969 1.216326 1.260202 0.9506853 0.8314867 0.8820378 1.011299 1.224097 1.600851 1.591781 1.59771 1.619675 1.52529 1.723756 1.787131 1.566709 1.796634 1.768183 1.680799 1.65565 1.620922 1.648153 1.625387 1.765369 1.824596 1.917622 2.056597 2.077371 2.209906 2.354176 2.43245 2.441976 2.489718 2.43291 2.37001 2.309613 2.188777 2.107688 1.918083 1.831085 1.739298 1.635287 1.513766 1.381045 1.23581 1.077858 0.9089518 0.7331787 0.5582181 0.3951504 0.2570185 0.1557748 0.09861512 0.08214332 
1.002222 1.202549 1.581804 2.077376 2.594278 3.055759 3.423092 3.724452 3.873876 3.937121 3.939003 3.909477 3.892174 3.71507 3.64038 3.522025 3.398376 3.282653 2.963525 2.910783 2.755822 2.648849 2.812384 2.709746 2.396915 1.94875 1.674175 1.431816 1.166013 0.9991034 0.8010236 0.9426852 0.830028 1.00538 1.32336 1.548425 1.76053 1.812964 1.942548 1.821968 1.587586 1.418564 1.230538 1.284809 1.228771 1.400777 1.84977 1.633969 2.022201 2.723655 2.5749 1.989206 1.738797 1.428106 1.327333 1.583215 1.673248 0.8530832 0.5926782 0.2977182 0.7147697 1.39687 1.589622 1.627513 1.067333 1.134519 1.855714 1.62186 1.742929 1.579997 2.076768 1.855277 1.54107 1.531896 1.637742 1.62937 1.592697 1.716271 1.787722 1.910631 1.956121 2.351022 2.423224 2.619434 2.699347 2.738097 2.650753 2.505973 2.403792 2.315458 2.235691 2.040087 1.949212 1.859182 1.873392 1.658146 1.53861 1.409649 1.270093 1.119866 0.9605578 0.7960917 0.6332647 0.4816672 0.3385948 0.2456865 0.1902618 0.1726317 
1.521228 1.735745 2.077019 2.501625 2.946207 3.355886 3.696305 3.983977 4.117155 4.143768 4.089977 4.010762 3.943747 3.890362 3.692344 3.590484 3.448111 3.316459 3.010487 2.958036 2.832516 2.873118 3.246481 3.585782 2.863952 1.884392 1.451928 1.30331 1.205976 0.8142056 0.8384143 0.8958138 1.01882 1.035113 1.105305 1.252427 1.606747 1.819636 2.01397 1.943036 1.619149 1.304988 0.9240338 1.01381 1.188764 1.050377 1.630208 1.706709 2.074997 3.610837 3.59089 2.142084 1.488887 1.00817 1.499607 0.8004349 3.230707 0.2797369 0.2297527 0.5223949 0.5760834 2.08469 2.610164 1.566038 1.265024 3.720481 2.640446 1.592647 1.232572 1.260202 3.095062 1.362552 1.105495 1.491461 1.701838 1.61164 1.530435 1.642146 1.581302 1.913018 2.170332 2.32359 2.711691 3.004787 3.120285 2.977137 2.792772 2.617651 2.473538 2.357759 2.266121 2.171613 2.078298 1.934467 1.788559 1.678235 1.561969 1.438098 1.305736 1.165058 1.017706 0.8348666 0.6921067 0.559746 0.4463333 0.359634 0.3044938 0.2813941 
1.967854 2.184669 2.489707 2.855351 3.242863 3.616913 3.951299 4.22094 4.403374 4.400204 4.255295 4.092718 4.008842 3.939957 3.858022 3.629464 3.498563 3.348164 3.059338 3.008733 2.88785 2.932486 3.548059 5.479043 3.366214 1.39219 1.177889 1.092055 1.066882 0.7775362 0.7509933 0.8347958 0.9155226 0.8878208 1.034708 1.044529 1.545269 1.724712 2.134711 2.268749 1.764957 1.153094 0.3689064 0.7360873 1.132349 1.081437 1.443751 1.631948 1.461839 1.43329 0.8100296 1.752746 1.441427 1.523433 1.688833 1.865448 1.788347 0.8175659 0.8771477 2.012419 2.435425 2.01132 1.834218 1.313156 0.7288114 2.604288 1.687996 1.385241 1.241437 0.7494773 1.679008 1.888004 1.865798 1.879732 1.841009 1.502165 1.392687 1.240036 1.686589 1.695949 2.017983 2.474897 3.080127 3.525001 3.542445 3.261521 2.949009 2.700811 2.51597 2.335394 2.229263 2.133591 2.03808 1.947926 1.800938 1.693456 1.581466 1.463576 1.292656 1.165677 1.034888 0.9033417 0.7756361 0.657682 0.5559596 0.4762509 0.4221933 0.3942899 
2.309687 2.520267 2.793752 3.113829 3.458752 3.809171 4.151361 4.468508 4.705757 4.723659 4.434368 4.133937 4.017107 3.978822 3.907789 3.782185 3.503267 3.373772 3.109055 3.089975 2.992146 2.860184 2.978338 3.223813 2.02318 0.7902162 0.7829113 0.8939919 0.6757678 0.7307196 0.7887732 0.5160767 0.5846354 0.9356365 1.033707 1.092419 1.446798 1.486313 1.968331 3.461318 2.164399 1.394313 1.436671 1.58638 1.300199 1.022265 1.162109 1.247999 0.5577634 1.096243 1.685838 1.389327 1.663808 3.062508 0.3632411 0.9545932 0.7606018 0.4171729 1.379192 3.994445 1.768047 1.425248 1.261951 1.458951 2.093214 1.541488 1.01643 1.191947 1.465412 1.087296 1.45409 3.005773 2.580378 1.635088 1.367479 1.144443 1.109878 1.345791 1.433024 1.726269 1.954595 2.549078 3.28456 3.91697 3.865661 3.41811 2.957816 2.683742 2.476064 2.328469 2.219665 2.132222 2.039671 1.953357 1.806162 1.6491 1.543369 1.433733 1.319926 1.202584 1.083358 0.9649746 0.8511945 0.746541 0.6557358 0.5828617 0.5304644 0.4989477 
2.546891 2.746644 2.99304 3.2767 3.585896 3.911334 4.24909 4.595037 4.904611 4.966102 4.547552 4.130655 4.007218 3.996462 3.936189 3.808379 3.642202 3.341288 3.122578 3.208706 3.336038 2.988544 2.477576 2.049236 1.881807 0.9643771 0.7182226 0.738916 0.5364704 0.5112669 0.8581126 0.4321562 0.7281566 1.033684 0.9527587 1.013256 1.308354 0.9349867 1.105896 2.183408 2.145351 3.106054 1.6817 1.861445 1.394166 1.475121 1.1284 1.672262 4.345255 2.080827 1.252875 2.248673 1.123227 0.7424644 0.738671 0.06974749 0.4228525 0.7820296 1.282516 0.8510974 1.117754 2.282259 0.9911973 1.334524 0.8391423 1.198473 1.074318 1.053092 1.271939 1.031244 1.401572 1.228737 1.725453 1.087668 0.6957368 1.000231 1.092188 1.229383 1.464697 1.576325 1.876093 2.335563 3.01791 3.657073 3.650487 3.252777 2.880481 2.613074 2.425708 2.290797 2.190248 2.112931 2.030636 1.950529 1.749074 1.650825 1.550266 1.446658 1.34005 1.231302 1.122097 1.014894 0.9127901 0.8192363 0.737616 0.6707144 0.6202073 0.5863428 
2.691698 2.878924 3.101943 3.354633 3.629372 3.919541 4.220384 4.521892 4.772002 4.788836 4.437583 4.099798 4.004794 3.992792 3.93856 3.825792 3.670492 3.463336 3.042996 3.030557 3.958941 3.221395 2.38242 1.884849 1.561469 0.9019843 0.08325157 0.401888 0.4814747 0.1436495 1.196603 1.303984 1.575995 1.095158 1.032857 1.00551 0.9248322 1.282979 2.347151 1.284584 1.409974 0.5133976 1.439597 1.13066 1.277938 4.128439 1.278918 1.802901 2.786814 0.9093094 2.593117 3.748452 3.703719 0.4758131 0.5801419 0.5658346 0.2766798 2.874457 2.510544 1.617923 4.271905 2.358234 0.1348679 1.467819 0.9519626 1.109888 2.022504 1.296617 1.152935 2.103683 1.525248 1.576528 1.459676 0.9189516 0.4515562 1.041765 1.136251 1.256068 1.283151 1.532192 1.785309 2.199827 2.627304 2.937752 3.026534 2.869674 2.659442 2.4787 2.337701 2.229111 2.14456 2.077597 2.012006 1.830326 1.738525 1.645492 1.550138 1.452087 1.351683 1.24998 1.1487 1.050117 0.9568662 0.8716657 0.7969925 0.7347518 0.6860102 0.6508672 
2.757191 2.932132 3.135444 3.361689 3.603505 3.852279 4.096767 4.315269 4.455976 4.431058 4.253734 4.067485 4.002711 3.985032 3.931931 3.85991 3.776119 3.595407 3.099909 2.373338 2.282794 2.750175 2.122325 1.715418 1.358178 0.8324121 0.5228276 0.008469584 0.705193 1.443793 2.671533 1.119532 1.148492 1.088527 0.9887375 0.9310555 0.9650987 1.32104 0.7838627 0.8855235 0.9588475 1.564527 0.9689371 1.052944 1.8132 2.27987 1.053244 2.270471 2.383276 1.029096 0.6621672 1.216545 0.6267714 0.4652823 1.067917 2.582069 0.7376677 3.503441 0.9900941 2.951627 1.22111 0.5505215 1.18923 1.289604 0.5261375 1.915174 2.232735 0.8418221 1.599578 3.245247 2.07543 1.843662 1.28816 1.429025 1.358993 1.342562 1.378363 1.34773 1.298258 1.379752 1.831877 2.158854 2.357989 2.503144 2.558222 2.519542 2.42775 2.325593 2.232588 2.153643 2.088118 2.033904 1.985718 1.806559 1.721035 1.633378 1.542936 1.44967 1.354174 1.257668 1.16193 1.069147 0.9817007 0.9019033 0.8317273 0.7725858 0.7251992 0.6895715 
2.752855 2.917109 3.105144 3.310789 3.525352 3.737727 3.93322 4.090137 4.177418 4.169876 4.091438 4.036255 3.982327 3.951115 3.922695 3.939215 4.036923 4.095696 3.65838 2.901984 2.559939 2.458256 2.168693 1.551904 1.264704 0.9121447 0.859473 0.7431996 1.223958 1.795624 1.875961 0.5560641 0.8419638 1.151566 1.086461 0.9991794 3.620767 1.976258 1.053231 0.7729244 1.096176 1.377709 1.075632 1.021556 1.656549 3.239169 1.19406 1.840491 1.512373 1.039641 2.222294 1.181671 0.7967004 0.6973636 0.1960439 0.9855458 2.987813 0.6718732 1.008273 0.9012817 0.5061442 0.4935887 0.7569308 1.008581 1.168939 0.9546995 1.305304 1.073298 1.287361 1.444966 1.704271 2.130899 0.8082415 1.291571 1.984605 1.575375 1.554991 1.365703 1.179868 1.287821 1.74225 2.393164 2.610506 2.46536 2.363418 2.303759 2.247102 2.187109 2.1283 2.074383 2.026764 1.985434 1.949784 1.831704 1.752618 1.669656 1.582559 1.491592 1.397601 1.302018 1.206798 1.114264 1.026877 0.9469709 0.876493 0.8168079 0.7686003 0.7318845 
2.683284 2.839375 3.017718 3.210702 3.407909 3.596795 3.763061 3.891001 3.966417 3.98595 3.983774 3.973242 3.931193 3.906909 3.919971 4.046628 4.423419 5.044812 5.012993 3.696432 2.827397 2.465955 2.001403 1.422147 1.324293 0.99513 1.025791 1.285039 1.520921 1.631955 1.092014 0.8652295 0.7562718 0.5015686 1.153099 3.220455 1.640499 1.116143 1.538055 1.204684 2.087483 1.606855 3.027524 1.818538 1.147175 0.4810276 0.06214226 5.198202 1.873428 1.336699 0.06109133 0.8167341 0.9964356 0.004245174 1.437165 2.037606 2.330396 0.2133383 0.7097883 0.2503555 0.9838796 0.9856643 2.137308 1.001583 1.428638 0.9057665 2.890682 0.9679883 0.9246824 0.9975188 2.073648 1.278682 1.288409 1.767421 1.366514 1.657751 1.282283 1.318236 1.01273 1.160583 1.311409 3.390541 3.249792 2.535383 2.251217 2.136249 2.075852 2.030832 2.03298 1.997597 1.964934 1.935274 1.90719 1.79689 1.723871 1.645643 1.562182 1.473912 1.381785 1.287321 1.19256 1.099941 1.01208 0.9315104 0.8604062 0.8003487 0.7521872 0.7160121 
2.548179 2.699092 2.874491 3.064724 3.257158 3.438072 3.594445 3.596103 3.679638 3.722862 3.861216 3.845953 3.862814 3.849711 3.886765 4.053 4.442008 5.498003 5.665114 3.831921 2.689861 2.295323 1.859736 1.609932 1.285394 0.8931012 0.2277502 1.762082 2.027098 1.569393 0.9872493 0.8562551 0.4355164 0.1325462 0.9474455 1.50409 2.241168 1.595056 2.408968 3.491218 1.391922 0.8183677 3.144379 1.305601 1.186396 1.231475 1.249997 1.211923 0.7589894 1.12511 1.840217 2.751992 1.265291 0.9281169 2.48109 0.9901677 0.3917289 0.1452348 1.040243 0.4412307 1.141 1.238081 1.135053 0.3623881 0.5826553 0.7984358 1.475917 1.057466 1.353968 1.423011 1.136047 3.731208 2.261393 2.504513 1.400116 1.707771 1.619592 1.206229 1.088673 0.8752365 1.093076 2.486074 2.823609 2.356451 2.116986 2.010615 1.958822 1.926871 1.901361 1.877936 2.146499 2.137459 1.805111 1.759388 1.691672 1.617358 1.536518 1.449613 1.357607 1.26204 1.16504 1.069243 0.9776195 0.8932088 0.8187854 0.7565173 0.7076852 0.6725441 
2.212903 2.3603 2.538695 2.736134 2.937035 3.125675 3.289071 3.418718 3.511588 3.570538 3.741123 3.742085 3.785651 3.77337 3.666056 3.774236 4.004751 4.311552 3.878849 2.39772 1.837015 1.927877 1.809969 1.561943 1.159714 1.168352 1.836538 4.81672 3.084157 1.82236 1.208239 0.6653608 0.3315107 0.09935527 0.7342576 1.360657 1.745079 1.434204 1.131492 1.007935 1.175235 1.03263 0.9824142 0.8284878 1.119557 2.05832 1.695664 1.155964 0.6534062 0.6903595 0.9407651 2.366949 0.9934809 1.43461 1.07131 1.482934 1.137688 2.340244 0.8968018 2.45689 4.668467 0.2966721 0.7663702 1.509815 1.563272 2.179608 1.952555 1.381446 1.726743 1.37047 1.217294 1.223663 1.372575 1.725218 1.603056 1.622169 1.315333 1.389652 1.062174 0.2462703 0.518594 1.527531 2.067413 2.131662 2.107366 2.092102 2.089987 2.093266 2.096902 2.098917 2.098991 2.097454 2.07799 2.041737 1.657135 1.585817 1.506543 1.419688 1.326116 1.22731 1.125455 1.023454 0.9248197 0.8334098 0.7530052 0.6867611 0.6366693 0.6032158 
1.943582 2.088799 2.277674 2.493887 2.716114 2.924371 3.104341 3.248641 3.356102 3.430335 3.6252 3.481194 3.489936 3.54089 3.552919 3.589532 3.662182 3.44099 2.38219 0.42156 0.6664243 1.484157 1.721514 1.589077 1.264812 1.399712 3.250078 5.026947 3.402123 2.040994 1.135257 0.7356879 0.430847 0.4689756 0.5129724 1.075915 1.09908 1.498173 1.478844 1.144177 0.778645 1.17114 1.378835 1.056809 1.446612 4.621476 3.002125 1.323632 1.161713 1.458169 1.480821 2.711099 1.146403 2.977953 2.496434 0.4978247 1.178556 3.260688 1.570882 0.3819602 1.647254 0.08173189 0.6028338 1.796088 2.06069 1.940711 1.194518 0.07157266 1.764327 1.364007 0.9811703 1.535168 3.427279 2.726334 3.462565 4.101651 2.077094 1.239367 0.8476196 0.7416776 0.8566652 1.282385 1.706564 1.876257 1.947916 1.983613 2.007357 2.025585 2.039633 2.049941 2.057012 2.061455 2.038506 2.003781 1.621282 1.552053 1.473354 1.38536 1.288723 1.184768 1.075692 0.9646981 0.8560067 0.7546164 0.6657451 0.5939671 0.5422678 0.5113887 
1.601272 1.744547 1.952256 2.201468 2.461375 2.704577 2.913608 3.081333 3.208182 3.295393 3.341917 3.369493 3.387532 3.406498 3.548379 3.576021 3.679909 3.83486 2.845561 0.7380639 0.7805735 1.451798 1.740002 1.776725 1.657869 1.827139 2.646334 3.179927 2.721701 1.768759 1.135457 0.8060235 0.3405357 0.4464384 0.1200885 0.9577601 1.629873 2.875513 2.200519 1.008958 0.4358071 0.614679 0.5627612 0.06998414 0.4325446 0.576592 1.333385 1.195035 1.364171 2.228166 3.675158 4.027484 2.948116 2.233861 2.090908 1.171859 1.778176 2.768451 0.9267506 0.5395967 0.9565895 0.9200705 1.138713 3.477941 1.843455 1.791502 2.977775 1.264684 2.064221 1.4039 0.3378846 1.393928 3.123553 2.816016 4.076307 4.847665 2.502351 0.5909177 0.1494719 0.792574 1.055168 1.273394 1.465846 1.744035 1.840002 1.900059 1.940581 1.969926 1.991936 2.008528 2.020888 2.025474 2.001736 1.967615 1.921982 1.517107 1.438165 1.348103 1.247255 1.136691 1.018543 0.8963213 0.7750817 0.661254 0.5619115 0.4834683 0.4301514 0.40292 
1.196119 1.335285 1.568872 1.864692 2.17771 2.469476 2.717859 2.915833 3.065864 3.164124 3.225808 3.265224 3.292131 3.317621 3.481138 3.525795 3.679714 3.878521 3.287875 2.010475 1.5856 1.718723 1.881421 1.936226 1.884875 2.008432 2.234176 2.254565 2.015271 1.587654 1.184442 0.9168143 0.7595092 0.6701596 0.9619632 1.367061 2.132858 3.224297 2.553308 0.7255378 0.03997483 0.4902474 0.4132575 0.4875285 0.6117517 0.3961741 0.9285349 1.176081 1.57802 2.526993 3.490541 4.596808 3.23289 1.939709 1.897579 1.699707 1.563768 1.833337 1.108838 0.8011791 0.9224951 1.159402 1.811154 2.156314 1.804446 1.875785 2.13003 2.199156 5.33087 2.83887 1.337635 1.398496 2.251075 2.554973 3.022848 3.193671 2.3028 0.9893097 0.6304384 0.9169273 1.148526 1.305372 1.433544 1.530232 1.780517 1.845129 1.892121 1.927234 1.954049 1.974743 1.990729 1.991025 1.968029 1.933709 1.886706 1.482033 1.402305 1.309641 1.203985 1.08607 0.9578922 0.8232354 0.68806 0.5604243 0.4495664 0.364046 0.3094746 0.2869216 
0.7628605 0.8936292 1.15592 1.506447 1.88195 2.230095 2.523258 2.754746 2.927096 3.040163 3.116411 3.166551 3.200588 3.345644 3.411946 3.431052 3.481579 3.433852 3.068736 2.452088 2.058645 2.003893 2.021681 2.020703 1.978354 2.057745 1.813299 1.848533 1.693612 1.435801 1.217435 1.095387 1.22368 1.141613 1.30287 1.72573 2.319582 3.007078 3.435625 1.769993 0.683722 0.7366404 0.5806966 0.6209499 0.756575 0.3614459 0.8047264 1.316812 1.859127 2.59299 3.200114 3.274674 2.316564 1.119848 1.703097 1.742325 1.144476 1.627368 1.318685 0.9612907 1.019992 1.251131 1.746202 1.96593 2.101023 2.081438 2.163513 2.471094 2.975471 2.406173 1.888191 1.834392 2.104967 2.199313 2.378658 2.435991 2.054425 1.61595 1.187419 1.206706 1.304808 1.359256 1.443436 1.513281 1.755427 1.814585 1.860816 1.897047 1.925649 1.948352 1.966405 1.960746 1.937586 1.902443 1.853708 1.789349 1.476605 1.374206 1.161556 1.036538 0.8986552 0.7519202 0.6031724 0.4621187 0.3402186 0.2482139 0.1930479 0.1757504 
0.3679515 0.4862308 0.7721488 1.172424 1.605879 2.006508 2.341355 2.539917 2.79341 2.924019 3.013098 3.209358 3.245612 3.267086 3.280734 3.324863 3.299098 3.160082 2.916768 2.552172 2.255943 2.172055 2.103207 2.104635 2.060216 1.752816 1.613284 1.61125 1.501694 1.385735 1.31173 1.489858 1.432351 1.390113 1.563663 1.948528 2.531857 3.571247 4.86001 3.031546 1.558901 1.018286 0.7068537 1.08106 0.8671528 0.8312644 1.091851 1.361463 1.869192 2.475398 2.723966 2.876713 2.463508 1.836831 2.009257 1.696367 1.050545 1.138569 1.279907 1.119149 0.7871342 1.195008 1.735386 1.887304 2.166702 2.192332 2.148389 2.270414 2.332916 2.293804 2.001236 2.031679 2.147053 2.270418 2.118721 2.166125 1.939356 1.854036 1.666333 1.406216 1.424234 1.468897 1.472428 1.519312 1.558903 1.801976 1.843516 1.877727 1.90578 1.928751 1.947538 1.934521 1.910502 1.874118 1.823536 1.756465 1.446733 1.341277 1.217768 1.076199 0.9183216 0.7486634 0.5754402 0.3782241 0.247651 0.150884 0.09588832 0.08352662 
0.0943511 0.1996439 0.4948287 0.9220566 1.389953 1.774902 2.12829 2.405375 2.673243 2.958695 3.06172 3.129052 3.17001 3.191505 3.197669 3.240541 3.186595 2.977711 2.840466 2.569048 2.363193 2.267746 2.180689 2.202787 2.036514 1.687926 1.695781 1.456844 1.437045 1.311865 1.59512 1.606373 1.775149 1.492057 1.747519 2.033921 2.499497 3.086465 3.349831 2.747258 1.816959 1.251796 1.244761 1.21986 0.9220357 0.9295518 1.272984 1.808488 1.805451 2.389166 2.643847 2.78259 2.618258 2.351836 2.036229 1.60792 1.107228 1.018456 1.238058 1.044216 1.040842 1.164874 1.644254 1.681452 2.186684 2.25091 2.415049 2.144247 2.10254 2.343803 2.025463 2.269253 2.189521 2.224419 2.261434 2.030789 1.884951 1.73766 1.685057 1.750251 1.722617 1.531712 1.557831 1.536229 1.563734 1.801111 1.836562 1.867098 1.893086 1.915065 1.926549 1.912118 1.886777 1.848968 1.796679 1.727443 1.420348 1.313028 1.18658 1.040781 0.8773003 0.7008451 0.5202089 0.3484651 0.2013811 0.09373023 0.03473202 0.02512389 
1.994398e-031 0.09610899 0.381215 0.7776099 1.229872 1.654229 2.012775 2.488167 2.710846 2.870641 2.981439 3.054812 3.09962 3.122074 3.125581 3.110157 3.123434 2.89878 2.801431 2.566353 2.396089 2.357885 2.270183 2.063298 1.940044 1.963811 1.62093 1.35224 1.355715 1.472274 1.644306 1.697075 1.897402 1.57505 1.800317 2.013347 2.321854 2.574167 2.505539 2.200424 1.783585 1.343595 1.37539 1.341582 1.231694 1.296032 1.71409 1.910665 1.79907 2.330091 2.487257 2.812716 2.662253 2.438185 2.069284 1.525581 1.01824 1.17363 1.302933 1.268797 1.056194 1.143982 1.682275 1.652635 2.341549 2.280343 2.415023 1.861871 1.989734 2.308 1.964242 2.331862 2.215632 2.202133 2.215333 2.186598 1.844597 1.75598 1.716075 1.863391 1.815562 1.802521 1.593948 1.610662 1.574561 1.591506 1.836561 1.862829 1.886081 1.906278 1.909499 1.893231 1.866348 1.827151 1.773529 1.702947 1.612533 1.290995 1.164095 1.017582 0.8531787 0.6757428 0.4943009 0.3221768 0.1752961 0.06842159 0.01062588 0.002484357 
