rasters-bowlers/sandeepsharma.asc
ncols         108
nrows         21
xllcorner     -3.075
yllcorner     -1.575
cellsize      0.15
NODATA_value  -9999
1.454059e-007 0.2007685 0.7061394 1.4323 1.890548 2.193815 2.167735 2.30654 2.406254 2.475247 2.794029 2.693366 2.710005 2.643466 2.809737 2.755117 2.970629 2.630815 2.61542 2.709013 2.642257 2.666333 2.608262 2.508449 2.446294 2.218631 1.883665 1.615696 1.497 1.533537 1.515627 1.423378 1.347053 1.262803 1.148042 1.466257 1.737418 1.689631 1.608244 1.668375 1.713299 1.798789 1.956653 2.086473 2.006062 1.735536 1.826771 1.593076 1.538955 1.351029 1.34918 1.446507 1.625349 2.328938 2.432778 2.74476 2.434306 2.34725 2.197089 2.289077 2.264061 1.973341 1.939229 1.691894 1.126898 0.7152564 0.7547521 1.11449 0.7341092 0.4548764 0.5799969 0.5607153 0.536241 0.5112942 0.675729 0.6483462 0.6821972 0.7737811 0.986349 1.045113 1.22141 1.334146 1.374697 1.411116 1.421335 1.471597 1.220688 1.200031 1.467021 1.682175 1.739808 1.946298 1.743516 1.682507 2.115816 2.454604 2.678984 2.858326 2.401386 2.041397 1.778454 1.605965 1.540229 1.167682 0.8526993 0.3604684 0.07235619 0.01790779 
0.2248425 0.4667967 0.8978848 1.606305 2.011518 2.272093 2.447438 2.360324 2.478715 2.824759 2.857708 2.854442 2.738947 2.666951 2.936421 2.635522 2.624026 2.732698 2.579957 2.741879 2.692796 2.724186 2.75314 2.658362 2.427962 2.144735 1.604092 1.464561 1.43736 1.502607 1.449294 1.566662 1.471325 1.406545 1.09821 1.4019 1.619936 1.674156 1.648596 1.717715 1.975557 1.834739 1.962106 2.061939 1.897293 1.876469 1.644928 1.568317 1.259496 1.097914 1.29948 1.365695 1.74933 2.355093 2.68101 2.799722 2.496932 2.372406 2.180183 2.051784 2.190816 1.747316 1.681451 1.694443 1.138921 0.6757131 0.6978633 1.109503 0.531122 0.4629631 0.5840006 0.5574723 0.5209376 0.4868442 0.6291481 0.6184283 0.6180152 0.772028 0.8127747 1.043058 1.216345 1.330363 1.385185 1.487357 1.448031 1.265697 1.242921 1.146103 1.621204 1.645553 1.708724 1.807792 1.66821 1.761807 2.412235 2.566112 2.803301 2.971438 2.852226 2.123451 1.848696 1.825273 1.620322 1.271431 0.8855199 0.5327238 0.2606045 0.2152623 
0.734758 0.9966614 1.411666 1.623975 2.156452 2.343368 2.478269 2.397496 2.776201 2.881596 2.955745 2.832359 2.870955 2.717313 2.818468 2.429536 2.381057 2.567752 2.597104 2.790429 2.706229 2.728197 2.847315 2.913491 2.734832 2.050334 1.274577 1.340966 1.326844 1.360138 1.621058 2.044442 1.720486 1.321717 0.9789865 1.212065 1.608409 1.604204 1.714877 1.789717 1.874093 1.879268 1.938804 1.990997 1.871211 1.845283 1.631534 1.536066 1.386514 1.080142 1.165114 1.315642 1.519194 2.387225 2.717078 2.902852 2.816744 2.411769 2.145965 1.961587 2.070371 1.692483 1.685186 1.651045 1.156726 0.7077768 0.649065 1.093142 0.870001 0.47378 0.5937482 0.5578844 0.5002624 0.4398067 0.5084085 0.5744976 0.6091525 0.7762379 0.822633 1.082323 1.249782 1.324144 1.401609 1.515985 1.535585 1.307673 1.268003 1.325858 1.576586 1.589777 1.814168 1.77063 1.848286 2.146119 2.342787 2.669377 2.964366 3.113571 2.970731 2.213956 2.095673 1.897396 1.709213 1.399184 0.9945723 0.8459256 0.6881992 0.6800601 
1.26838 1.445273 1.790626 2.054371 2.276086 2.374712 2.456911 2.581793 2.769506 2.952792 3.097371 3.123908 3.145158 2.893675 2.488241 2.189723 1.875923 2.338427 2.792756 2.847529 2.559812 2.529322 2.920776 3.415976 3.747028 2.670693 1.136896 1.31304 1.166363 1.046124 1.66934 3.489818 2.15056 0.9541577 0.8575448 1.038011 1.631809 1.830858 1.810851 1.892179 2.100051 2.02285 1.96747 1.946849 1.819146 1.810811 1.616668 1.510013 1.319941 1.010603 1.043365 1.22901 1.600825 2.208367 2.8996 3.099718 2.978636 2.462133 2.075544 1.811109 1.879079 1.637272 1.709739 1.691975 1.189039 0.7002566 0.6180894 1.060014 0.8773794 0.5532865 0.6148831 0.5301386 0.4762197 0.3639948 0.2861331 0.476936 0.6078962 0.7926587 0.7882065 1.043445 1.202675 1.314187 1.428375 1.562593 1.397091 1.364196 1.229197 1.261838 1.182876 1.50762 1.506485 1.598936 1.846874 2.41956 2.558423 2.906891 3.166427 3.27809 2.875174 2.306521 2.106026 1.960918 1.781113 1.350021 1.172543 1.118332 1.062007 1.094849 
1.735035 1.883519 2.062753 2.218404 2.471413 2.340818 2.333313 2.610059 2.747841 3.095183 3.268942 3.564166 3.659073 2.922648 2.352617 1.626628 1.084125 1.927892 2.893123 3.39892 2.553427 2.435266 3.078346 3.680566 5.355688 4.644466 2.084123 1.324239 0.9131262 0.6641411 1.328166 2.784726 1.849609 0.8069589 0.157655 1.088611 1.679086 1.979396 1.879369 2.085992 2.284534 2.085331 1.993781 1.904755 1.480399 1.649782 1.761327 1.346644 1.191964 0.8847377 0.873717 1.097314 1.4511 2.173736 2.870862 3.791117 3.187914 2.5903 1.953836 1.712897 1.444909 1.676834 1.727456 1.799979 1.402225 0.7555961 0.6703178 1.010671 0.8746397 0.9541827 0.5956553 0.5945407 0.4974769 0.1371974 0.1448856 0.4141036 0.6278098 0.7781475 0.8327097 0.8291996 1.038587 1.299887 1.469023 1.669818 1.550715 1.426004 1.240595 1.245455 1.150278 1.537428 1.346956 1.501485 1.798018 2.575773 2.947505 3.315726 3.468224 3.45957 3.21307 2.570845 2.158892 2.012212 1.637581 1.425021 1.292269 1.244897 1.267203 1.349828 
1.973214 2.104186 2.243114 2.345192 2.356813 2.340413 2.084863 2.19059 2.740098 3.465162 3.61418 3.243854 3.099374 2.539808 2.355049 1.705201 1.424916 2.015312 3.143278 3.954727 4.064641 4.494848 3.409174 3.264143 3.824166 3.02184 1.976646 1.182546 0.5436623 0.2905786 0.8350875 1.495315 1.400484 1.233317 1.028573 1.240659 1.366547 1.764812 1.998869 2.392767 2.983277 2.024906 1.947856 1.819627 1.064588 1.620368 1.871603 1.440562 1.119211 0.6108518 0.57589 0.7961329 1.512082 1.979312 2.052494 2.401757 2.883673 2.738156 2.054309 1.158307 1.131919 1.572211 2.034666 2.093751 1.543956 0.7877098 0.8670004 0.7667348 0.8119327 0.9396051 0.7082033 0.7280516 0.6711466 0.4498728 0.3006089 0.4602512 0.624309 0.7622271 0.8380516 0.5530472 0.9346922 1.284971 1.530988 1.68314 1.721527 1.481154 1.22337 1.205987 1.104839 1.271801 1.169199 1.151172 1.752981 2.777015 3.729022 4.042621 3.833544 3.653188 3.292391 2.578509 2.292651 2.044874 1.712671 1.471199 1.258196 1.161895 1.391409 1.522829 
2.079045 2.213782 2.356603 2.46558 2.473958 2.338283 1.518869 1.402438 2.373442 2.949675 3.167298 2.516571 1.165296 1.904968 2.068419 2.058112 2.29407 2.324398 3.03285 3.405016 4.544209 5.10736 3.203663 2.424515 2.413579 2.177849 1.904891 1.084508 0.8247246 0.586104 0.9886344 1.172953 1.228012 1.281978 1.403254 1.550462 1.263035 1.909854 1.869792 2.226609 3.538778 1.427353 1.800575 2.366069 2.07152 2.28167 2.217796 1.750576 1.232489 0.3194095 0.1662584 0.742211 1.42291 2.452677 2.265018 2.17817 2.862531 3.011858 1.828398 1.07878 0.05155111 1.76801 2.289849 3.128157 2.038054 0.6427132 0.7711542 0.6991549 0.8037278 0.8495636 0.7472399 0.8911224 0.8651023 0.9314675 0.4387285 0.2642086 0.668181 0.6785489 1.233195 0.4829921 0.9792526 1.24778 1.186388 2.289074 1.948419 1.439867 1.296293 1.123671 0.8886238 0.970392 1.182241 1.194911 1.895713 3.315225 5.012208 5.142538 4.225491 3.70691 3.323435 2.558107 2.282831 1.838642 1.785485 1.70044 1.289497 1.055016 1.59929 1.755434 
1.849093 2.22347 2.411901 2.590466 2.734908 2.716567 2.326178 2.062716 2.116453 1.239258 2.425868 3.137521 2.275004 1.577699 1.545331 2.141074 2.429277 2.475222 2.599203 2.495456 2.976095 2.650345 1.862852 1.684024 1.556286 1.595591 1.814761 1.111644 0.3448683 0.6344489 1.264566 1.991669 0.4629019 1.195603 2.025709 1.717676 2.327965 2.716466 1.894495 1.354298 1.528827 1.561808 2.431797 3.379088 2.663921 3.497162 2.344206 2.217763 1.379991 1.245306 0.7805873 0.9820141 1.33977 3.425851 2.622202 2.185698 0.5570825 3.283651 2.554947 1.835869 1.758859 3.210451 2.098789 1.355948 1.724205 0.6630427 0.380343 0.6034685 0.7075545 0.7692946 0.6781781 0.8453045 0.8024682 0.7437581 0.51314 0.3672787 0.9594272 0.9634773 2.357738 1.265258 0.9642939 1.013752 1.741778 3.095722 1.906386 1.254494 1.034011 0.7293536 0.6905351 1.171282 1.407096 1.566525 2.037483 3.296622 5.317694 5.366869 4.11587 3.757494 3.352793 2.890937 2.318817 1.913197 1.890219 1.892749 1.704314 2.201085 2.565395 2.139397 
1.706718 1.898234 2.166597 2.684375 2.972417 3.46044 4.711762 2.99103 1.860851 1.72779 4.348905 4.69414 4.207833 3.246322 2.468238 2.806335 2.65939 2.270801 1.744922 1.811589 1.900191 1.580827 0.7334428 0.8757126 1.077172 1.592304 3.109211 1.392668 0.5951901 0.7490693 1.516747 1.272725 1.319673 0.9602318 2.794104 2.254386 3.506275 1.997138 1.503892 1.195758 1.415112 1.284273 1.449771 1.633419 2.630226 1.719936 1.940109 3.159568 2.466446 1.313785 0.9129565 0.9659312 1.508382 2.112571 1.464989 0.9184682 2.200609 0.2381279 5.63554 1.516721 0.3607956 3.887543 2.609073 1.193881 1.319901 0.6922173 0.4939015 0.5386182 1.381461 0.5184845 0.3573183 0.754986 0.5784526 0.6803855 0.3260178 0.1488186 0.7834117 1.213479 0.8203072 0.8000634 0.8347315 0.934469 1.515453 1.590292 1.027811 0.835157 0.5839431 0.6697934 0.892276 1.08152 1.286894 1.61701 1.971627 2.553774 3.278917 3.484167 3.37919 3.410086 3.222353 2.968195 2.017448 1.985158 2.028909 1.940139 1.908088 3.023915 3.55707 2.160028 
1.375091 1.599456 2.199511 2.619158 3.016636 3.547186 4.498496 2.499143 1.929513 2.136623 4.165241 4.519376 5.239215 4.396564 2.958581 3.956386 3.460521 1.975157 1.447641 1.548163 1.475838 1.28927 0.9219867 1.100311 1.1152 2.766361 1.79151 1.368728 1.009698 1.217006 1.311679 1.221991 0.9380925 0.9291461 1.447249 4.587332 1.297057 2.352994 1.464188 1.578844 3.28652 2.067019 1.335298 0.9987909 2.052704 1.224064 1.03435 3.752111 3.012705 0.9532495 0.6901683 0.8119261 1.049855 2.521103 1.137439 0.9692671 1.589111 0.817242 2.336095 0.5078398 0.1130284 2.261307 1.326786 0.9432755 3.910691 1.527472 4.638671 0.2506672 0.9703698 0.9569728 0.8819878 0.9090092 0.9966235 1.127155 0.337577 0.2463571 0.9030435 1.158674 1.558799 0.6891177 0.5560293 0.8608018 1.100913 1.08418 0.8262789 0.6036505 0.1776347 0.9475073 0.8896943 1.055965 1.434723 1.6165 1.999901 2.016124 2.126245 2.377584 2.718951 3.155191 3.141838 2.678882 2.340036 1.981264 2.14302 2.73331 1.728121 1.495352 1.708463 1.575877 
0.7400749 1.1601 1.795405 2.429647 2.882996 3.251177 3.353627 3.017599 3.043355 4.900222 4.027786 4.628705 4.142931 3.319189 0.9472085 4.399384 3.901848 1.953513 1.913913 2.826819 0.07435112 1.259681 2.371485 1.311971 1.423778 1.959305 1.66055 1.270501 1.034931 1.321734 1.043163 1.05666 0.7247911 0.2168567 0.9220045 0.8988337 1.366208 1.727216 1.712309 1.687219 1.054479 1.589276 1.246885 1.207526 0.8174022 0.9774879 1.267068 3.247363 1.78721 1.235142 1.008401 1.569015 3.460715 2.917105 2.753985 1.089411 1.340451 0.4392321 0.6155533 0.7019885 0.0495127 1.063551 1.038485 1.650582 0.7357061 3.626158 3.370498 1.530343 0.9685767 0.6063253 0.9175557 0.4162844 0.7478812 0.2433772 2.976009 0.9410589 1.245802 0.2439721 0.5345759 1.55907 0.5176057 0.4682558 1.568581 1.148478 0.726051 0.9629796 0.3040593 2.990469 0.163838 0.2473398 1.21739 2.060703 2.549287 1.726991 1.781314 1.88738 2.548889 3.103987 3.024047 2.96916 2.851456 2.02839 1.652089 3.018566 0.8520181 0.5829606 0.8998743 1.194051 
0.1932288 0.3456936 1.150743 1.941507 2.449746 2.771979 3.19538 3.545187 3.511301 4.059351 3.996838 5.432149 4.423769 2.972751 1.37935 1.896722 5.09323 4.245208 3.059591 4.035532 3.033786 1.165547 2.372311 1.281263 0.9426329 1.331154 1.55166 0.9938258 1.219855 0.04990699 0.6699517 0.7678657 0.5066118 0.3944243 1.064172 1.712511 0.8313458 1.176559 2.976161 1.802374 1.057199 0.5810289 1.018732 0.3235787 0.8497694 0.9828313 1.879977 5.064035 1.760589 1.781803 1.275069 2.105138 1.77334 1.992524 1.638707 1.423056 1.41556 0.5180991 0.166023 0.8467415 0.02658737 0.04915049 1.054655 1.592905 2.166355 1.716012 0.8356666 1.21102 0.3310743 0.4220429 0.8240409 0.5903904 2.0193 0.2464894 0.6979394 0.6676326 0.6703097 1.868177 1.037694 1.17817 0.4510906 0.8796614 1.892119 1.033673 1.012685 2.993326 1.137041 1.213342 2.066913 3.191324 1.200959 0.343964 0.7393757 1.436461 1.908237 2.960054 3.005119 3.045343 2.909582 3.190184 3.963102 2.003163 1.036116 0.4045469 0.7879243 0.9517463 1.194841 1.316338 
0.08365627 0.2097361 0.9891765 1.813906 2.320956 2.658578 3.24516 3.830049 2.891621 2.45511 3.049559 3.684306 3.625387 3.776805 2.75765 2.618143 3.42078 3.585791 3.258581 2.951874 2.559989 2.789416 2.818605 1.173283 1.040334 1.060714 1.256226 0.9929655 0.7169008 0.5536802 0.2565536 0.436578 0.6217825 0.6197019 0.8316726 0.8053762 0.6265994 0.630633 1.283172 1.301334 0.9271287 0.5005186 0.5913361 0.7115387 0.8979725 1.295645 2.314847 1.369128 1.159671 3.000766 0.00618685 2.180838 1.820453 3.589581 3.273185 3.900519 1.203563 0.8790067 1.229873 1.74188 0.5345213 2.539165 1.273494 0.1924745 0.2960311 0.7250637 0.2906625 0.6904321 0.08644072 0.1150526 0.7364364 0.9699913 1.559115 1.559092 0.2611492 0.739959 0.5666206 0.6673998 0.4548594 1.144498 1.397442 0.2237576 0.7917796 0.616509 1.908028 3.446338 1.652844 3.540864 3.644331 1.963373 1.07367 0.4300455 0.1926501 0.9814203 2.708383 4.608064 2.968447 3.166178 3.209856 2.877463 2.389285 0.3419886 2.489953 1.482996 0.6481389 1.719268 1.394781 1.414055 
0.4835875 0.639398 1.176884 1.758462 2.336485 2.77359 2.891297 2.801633 1.5733 1.464281 1.768236 2.975557 3.049121 2.993343 2.911842 2.810124 3.220975 3.336971 3.157702 2.772695 2.64198 2.767904 2.180436 0.04882031 1.032057 1.070333 0.9076692 0.872736 0.7159842 0.6345009 0.2594143 0.8571464 0.8731086 1.056331 1.027257 0.4662206 0.4284165 0.01438435 0.6791928 3.683638 1.262863 0.5540544 0.7544144 0.9282815 0.8532483 1.006241 1.254563 0.859929 1.381128 3.016215 1.289574 1.377475 2.123362 2.244563 2.870253 0.9202294 1.768507 1.455504 2.388157 1.44603 1.01003 0.4078669 0.986131 0.7018822 2.033854 2.751479 0.996455 0.51491 0.07808647 0.8852562 1.244451 0.9867484 1.045658 0.2184504 0.4593807 0.4483366 1.27082 2.859864 0.9784937 1.820389 0.7655959 1.412562 0.250975 1.613785 1.111247 3.202064 1.456733 1.442029 2.796927 1.809044 1.029476 0.7674545 0.1463673 0.6250447 0.9524251 0.3844652 2.237539 3.50368 3.72492 2.971714 3.409487 1.636562 0.3403827 1.12704 1.378953 1.488631 1.484904 1.44559 
0.9078987 1.061483 1.389326 1.890118 2.196266 2.614262 2.610017 2.487432 1.97741 1.758692 1.224525 2.465151 2.585253 1.83909 1.892685 2.736787 3.426871 3.673078 3.279236 2.97065 2.854928 2.316379 1.871752 1.421179 1.752839 1.873466 1.66372 1.106615 0.9370419 0.6138138 0.6246732 0.9890742 1.280577 1.988907 1.646301 1.011926 0.7526142 0.5136083 0.1305574 1.025434 1.177745 3.445377 2.768427 0.926363 1.208904 1.012428 0.8449408 0.7754075 0.9352841 1.432491 1.225993 1.647833 2.001254 0.9224316 2.692973 1.874283 2.01379 2.63656 3.965884 2.308465 2.352102 0.7649775 1.027935 1.439057 0.6468003 1.663705 1.328851 0.2384662 0.3328538 0.8258286 1.667436 0.7449564 0.9782919 1.18303 0.4634642 0.9429653 0.9350286 1.372034 2.172993 1.915146 0.6391195 0.6847759 0.877628 0.5007308 0.3197 0.8933344 1.556329 1.944229 1.669361 1.159314 1.096321 0.7626169 0.4455546 0.7664462 0.996497 1.09983 2.038311 2.805656 2.591226 2.042276 2.970598 2.075728 1.451734 2.0423 2.637517 2.039429 1.758743 1.580895 
1.121109 1.366753 1.602097 1.865488 2.086203 2.218853 2.487572 2.434351 2.1562 1.964731 1.832136 2.097905 1.832654 0.3004816 0.7852657 2.470889 3.746133 3.875325 3.432948 3.234141 2.944106 2.772723 2.406627 2.499825 3.003175 3.104097 2.712518 1.720374 1.156505 0.9409406 0.9091182 1.158944 1.561315 2.44449 0.7928547 0.8991321 0.8781366 0.5761273 0.9179428 1.095402 1.361588 1.05048 2.602028 1.096903 1.488809 1.167717 0.7870282 0.597025 0.5140767 1.196787 1.543261 2.070404 2.827063 4.194866 2.355458 2.088131 2.196105 3.684075 2.837367 2.68143 2.023024 1.529772 1.130492 1.583228 1.65826 1.184122 1.50283 1.323956 1.148171 1.332171 1.060393 0.6997082 1.10024 2.739233 1.38762 1.309182 1.273374 0.3309425 1.072587 0.1707747 0.4493437 0.3486711 0.6809661 0.5205928 0.8780469 0.8564545 1.367828 1.575619 1.767955 1.44606 1.163059 0.8063822 0.513689 0.8105047 1.139813 1.358009 2.016655 2.27681 1.995338 1.146937 1.923778 2.181922 2.259398 4.123938 5.72658 3.294954 2.136615 1.829875 
1.217659 1.353769 1.55508 1.77818 1.970835 2.335727 2.084275 2.371484 2.247703 2.131629 2.063505 2.05347 1.7194 1.128113 1.538237 2.539927 3.390821 3.76951 3.581558 3.29092 3.105579 3.013467 2.905662 3.295086 3.958118 4.403579 4.851056 2.942994 1.798323 1.409742 1.130156 1.250738 1.534256 1.683395 1.270231 1.088596 0.9656835 0.9771431 1.450863 1.410691 1.399332 1.72187 2.754491 1.667701 1.22103 1.631691 3.978148 1.967603 0.6244075 1.074432 1.649543 1.346488 2.316044 2.778126 2.247823 1.391719 1.603798 2.085504 1.649737 1.735278 1.796478 1.643805 1.567823 1.586091 1.40428 1.225306 1.144403 1.272007 0.9524621 1.28215 1.015209 0.9851462 0.2067817 1.473622 1.1104 1.564759 1.827953 0.8692936 1.018947 0.4729519 0.6737064 0.5455229 0.6204044 0.4824381 0.9109453 0.8493263 1.173392 1.542471 1.892897 1.616015 1.205012 0.8302059 0.5354457 0.8605781 1.14889 1.500131 1.78936 2.112035 2.128237 1.965337 2.033803 2.303483 2.544846 3.766938 4.342265 3.14603 2.254151 1.832604 
0.9886683 1.133717 1.367306 1.621793 1.788796 1.922598 2.145661 2.33062 2.310502 2.226167 2.375467 2.141926 1.939006 1.867646 2.288343 2.788526 3.575336 3.996777 3.717895 3.582453 3.207035 3.204568 3.152986 3.536038 3.900825 4.855554 5.375697 3.595793 2.306721 1.995596 1.575662 1.260764 1.434221 1.495079 1.313304 1.203318 1.058592 0.9922515 1.027031 1.378363 1.557909 1.518683 1.195961 1.284075 1.060948 1.048136 1.349603 1.277984 1.095316 1.180491 1.296206 1.139857 1.782229 2.14332 1.879802 1.351534 1.568861 1.638516 1.250835 1.125582 1.66856 1.644329 1.87137 1.460625 1.183511 1.267847 1.434832 1.273579 1.079642 1.037491 1.006252 1.128019 0.8642351 1.359992 1.410786 1.433705 1.289671 0.9997377 1.130303 0.7064968 0.7350615 0.5585253 0.6333748 0.4917663 0.8069382 0.8319266 1.118958 1.510544 1.497437 1.689484 0.9515609 0.8413946 0.7659892 0.89088 1.176167 1.510234 1.685965 2.071409 2.259352 2.298992 2.198833 2.387656 2.430444 2.86272 3.138108 2.464331 1.95491 1.62938 
0.5821489 0.7471215 1.06679 1.368324 1.630368 2.050524 2.070504 2.304695 2.290234 2.546406 2.499152 2.263587 2.139387 2.211575 2.460916 2.894831 3.511429 3.856842 3.804172 3.48672 3.310956 3.314048 3.224318 3.468214 3.751148 4.101935 4.073476 3.276505 2.679599 2.215928 1.773636 1.618995 1.416759 1.406541 1.374321 1.270124 1.130829 0.97776 1.097172 1.175188 1.524767 1.411645 1.253222 1.129002 1.250165 1.222753 1.299757 1.288836 1.209595 1.312657 1.396862 1.428981 1.616522 1.947832 1.920692 1.80392 1.921985 1.761411 1.59227 1.51052 1.671288 1.822685 1.766996 1.490065 1.211396 1.330536 1.439006 1.30013 1.05531 0.9819231 1.184902 1.439076 1.258521 1.46027 1.478462 1.36792 1.334891 1.007285 0.9504881 0.7910978 0.7939741 0.6555257 0.6344997 0.4620651 0.6696028 0.7624955 0.8444329 1.438529 1.225133 1.72429 0.9464746 0.8440476 0.7872918 0.9105107 1.257535 1.507999 1.647419 2.337461 2.351157 2.451619 2.270752 2.273629 2.405162 2.419485 2.340081 1.800617 1.335447 1.109998 
0.1682495 0.3354814 0.7327576 1.153406 1.477395 1.845211 1.996726 2.078503 2.292804 2.444029 2.605275 2.376038 2.279934 2.38212 2.583183 2.887006 3.275734 3.529325 3.707005 3.437249 3.322321 3.217462 3.218135 3.354418 3.461114 3.464404 3.290416 2.859146 2.685908 2.242153 2.050528 1.732222 1.43133 1.35086 1.354366 1.232959 1.166634 1.043643 1.12508 1.410802 1.510668 1.505741 1.378517 1.333232 1.398785 1.38983 1.311344 1.312633 1.280093 1.454523 1.46729 1.513008 1.623878 1.987016 1.933694 1.935802 2.070552 1.882946 1.782206 1.676389 1.784519 1.650443 1.674007 1.4706 1.199018 1.359856 1.321811 1.321781 0.8330814 1.02039 1.532669 1.501155 1.328986 1.503046 1.485773 1.324003 1.297858 0.9910158 0.9765732 0.8409377 0.6413888 0.6741614 0.6350152 0.446368 0.6545888 0.7486886 0.8380865 1.119997 1.21822 0.9594702 0.94296 0.8443792 0.8011629 0.9243986 1.265578 1.568319 1.677834 2.37391 2.407014 2.209644 2.259073 2.193916 2.207285 2.048992 1.801739 1.134463 0.5601992 0.3859242 
3.472637e-031 0.1626305 0.5706738 1.014724 1.568126 1.758067 1.930671 2.241083 2.447424 2.479345 2.548525 2.467212 2.372425 2.468871 2.620636 2.820176 3.118355 3.357707 3.641566 3.382671 3.305263 3.154882 3.179061 3.235678 3.338153 3.179641 2.922185 2.78789 2.539163 2.256184 2.105327 1.764221 1.72758 1.38151 1.343569 1.238312 1.084516 1.054601 1.144016 1.182711 1.257239 1.346486 1.228145 1.471713 1.491725 1.433306 1.299304 1.304539 1.286269 1.50064 1.602885 1.591338 1.637713 1.911258 1.942426 2.147088 2.008538 2.077705 1.883284 1.804689 1.831004 1.849185 1.666071 1.260305 1.259375 1.375245 1.34649 1.338974 0.8117586 1.007425 1.27762 1.537405 1.364246 1.528183 1.286852 1.299311 1.279596 1.223911 0.9843835 0.9304854 0.9445875 0.6846456 0.7075205 0.3651689 0.6477671 0.7415462 0.7674049 1.119574 1.215011 1.224343 0.9404215 0.9117183 0.8105446 1.2132 1.271285 1.565379 1.977952 2.403839 2.419432 2.196718 2.21668 2.102155 2.041865 1.790111 1.456839 0.8055598 0.1568229 0.03551333 
