rasters-bowlers/shahbaznadeem.asc
ncols         108
nrows         21
xllcorner     -3.075
yllcorner     -1.575
cellsize      0.15
NODATA_value  -9999
3.274864e-008 0.05193681 0.207895 0.4461911 0.7257521 1.004743 1.253976 1.459625 1.619357 1.737264 1.903501 1.953928 1.981755 1.992984 1.992147 1.982406 1.91127 1.989542 1.738315 1.7141 1.684864 1.651322 1.614676 1.576054 1.464126 1.161275 1.201996 0.9204348 0.8533012 0.857613 0.8639041 0.8704449 1.071876 1.095451 1.232141 1.309201 1.451811 1.474477 1.934545 1.944075 1.929602 1.830365 1.77276 1.420537 1.211095 1.026062 1.071883 1.125798 1.487471 1.521238 1.410342 1.406777 1.558041 1.813893 1.703803 1.599407 1.226212 1.279044 1.263641 1.10644 1.156319 1.069443 1.347782 1.306466 1.103631 1.086551 1.087168 1.042907 1.106695 1.066455 1.080497 1.092327 1.100668 0.919676 0.9272183 1.272933 1.592919 1.781159 1.841901 1.89708 1.941783 2.045741 2.0093 2.033223 2.043024 1.967631 1.952432 1.931167 1.904993 1.810806 1.758447 1.702559 1.643071 1.579273 1.509763 1.432332 1.053932 0.9665931 0.8686476 0.7589267 0.6375642 0.5069643 0.3727844 0.2443458 0.1336186 0.05233749 0.008139384 0.001901415 
0.05259373 0.1108043 0.2774488 0.5286679 0.8198069 1.106264 1.3579 1.561348 1.715379 1.825324 1.89907 2.023578 2.04187 2.04484 2.037219 2.022074 2.001066 2.011465 1.768005 1.741505 1.708206 1.668997 1.625567 1.580106 1.53115 1.159373 1.196611 0.9199489 0.8522292 0.8571759 0.8647887 0.8731468 1.060207 1.08491 1.212798 1.290246 1.431571 1.588425 1.747084 1.95513 1.936788 1.82659 1.570541 1.399242 1.187633 1.010839 1.050635 1.102659 1.457683 1.516771 1.43665 1.515024 1.595734 2.112987 1.711955 1.602604 1.224406 1.276716 1.262023 1.122786 1.167631 1.073992 1.390803 1.28187 1.081551 1.223079 1.26552 1.074178 1.040887 1.060653 1.077857 1.0911 0.9174761 0.9270353 0.9964592 1.277671 1.593829 1.785073 1.854105 1.911869 1.962286 2.071478 2.039178 2.066069 2.008886 1.996941 1.975683 1.947214 1.914406 1.823296 1.766026 1.706375 1.644563 1.579971 1.510974 1.139323 1.06204 0.9765565 0.8808802 0.7735939 0.6545695 0.5259333 0.3930819 0.26517 0.154184 0.0720719 0.02676548 0.01934669 
0.2138852 0.2826112 0.4541755 0.7046624 0.9903616 1.267914 1.508199 1.698563 1.838365 1.933579 1.992848 2.104072 2.10956 2.102113 2.086564 2.065729 2.08813 2.039008 1.805174 1.776483 1.738339 1.69183 1.639439 1.584492 1.528309 1.156207 1.189509 0.9192518 0.9183913 0.855825 0.8648867 0.8189892 1.045978 1.070541 1.181431 1.211589 1.398535 1.475157 1.638535 1.970836 1.953091 1.823829 1.554124 1.370863 1.151951 0.9858599 1.021764 1.07333 1.362833 1.450762 1.538624 1.841549 1.579807 2.130867 1.724591 1.604272 1.216586 1.207603 1.323673 1.148364 1.184889 1.135015 1.370156 1.035771 1.049957 1.172338 1.248532 1.172315 1.030518 1.05582 1.076548 1.09082 0.9266496 0.9956604 0.9981771 1.345626 1.527156 1.789406 1.86321 1.864345 1.988426 2.037652 2.07705 2.107365 2.048253 2.030713 2.001965 1.965337 1.923564 1.879544 1.769125 1.704714 1.640129 1.574872 1.507635 1.143575 1.069086 0.9874784 0.8966058 0.7949456 0.68225 0.560414 0.4343857 0.3126032 0.2061663 0.12624 0.08040792 0.0699908 
0.4691816 0.5523418 0.7243497 0.9631577 1.229833 1.485468 1.703343 1.871505 1.989395 2.063226 2.102276 2.195791 2.18477 2.164504 2.1399 2.113405 2.122806 2.073813 1.852322 1.821993 1.778089 1.721839 1.657111 1.589305 1.523543 1.457385 1.116624 0.9183183 0.9167538 0.853192 0.8017967 0.8215623 0.8434203 1.052398 1.070379 1.157417 1.231445 1.473425 1.724681 2.002404 1.977798 1.821865 1.68492 1.374732 1.089842 0.9792644 0.9422584 0.8953436 1.16469 1.449375 1.638495 2.317765 1.858535 2.165529 1.554148 1.590345 1.194932 1.323732 1.165466 1.240937 1.210675 1.137721 1.346779 1.010655 0.9988931 1.09993 0.9565676 1.112343 1.021287 1.05345 1.077612 0.9258288 0.9389042 0.9980028 1.364167 1.347425 1.528334 1.78993 1.875019 1.886321 2.086553 2.078994 2.125915 2.158503 2.096504 2.071683 2.033518 1.985442 1.93126 1.874231 1.765107 1.694359 1.62658 1.561458 1.497149 1.143039 1.073008 0.9971875 0.9133362 0.8199451 0.7167819 0.6055812 0.4907395 0.3795993 0.2817063 0.2066649 0.1611528 0.1466689 
0.7835335 0.8841121 1.055733 1.279101 1.521581 1.749853 1.939912 2.080275 2.170218 2.216287 2.22884 2.299429 2.267483 2.231551 2.196693 2.164908 2.164019 2.117899 2.069863 1.882649 1.832082 1.762212 1.679487 1.593467 1.51253 1.437289 1.04574 0.91712 0.914503 0.9154479 0.7994614 0.8208548 0.8468059 1.033866 1.033661 1.064916 1.196989 1.494509 1.608125 1.811465 2.00485 1.825878 1.528986 1.313751 0.9529068 0.8693565 0.9144906 0.8919998 1.143275 1.448513 1.682399 2.583683 2.339207 2.242928 1.606747 1.554759 0.8832521 1.298362 1.21846 1.256461 1.247039 1.386857 1.3238 0.9756945 0.8081388 0.9754329 1.03876 1.02527 1.015691 1.05659 1.082073 0.9420919 0.9978785 1.000797 1.295645 1.351574 1.527158 1.791788 1.824829 1.913637 2.062181 2.133207 2.186668 2.221943 2.15792 2.123377 2.071284 2.006348 1.93418 1.861577 1.793548 1.671157 1.600238 1.536123 1.242858 1.135305 1.071544 1.003298 0.9282416 0.8449623 0.7533424 0.6550244 0.5538375 0.4558882 0.3688963 0.3005565 0.2563325 0.2377658 
1.116913 1.237477 1.412413 1.624942 1.847845 2.052283 2.215939 2.327092 2.384786 2.396591 2.375206 2.334795 2.357763 2.302557 2.255963 2.219511 2.212144 2.173428 2.133492 1.965971 1.908548 1.818451 1.707284 1.593919 1.492959 1.361675 1.032343 0.9163382 0.9117275 0.9122922 0.7957674 0.816762 0.8409693 0.8880668 1.01986 1.028939 1.216449 1.572853 1.720726 1.887273 2.077687 1.816801 1.519261 1.281589 0.5227306 0.6186736 0.9691832 0.8762217 0.9313918 1.270704 1.935594 2.600614 2.505709 2.161326 1.682328 1.411069 0.8431919 1.055625 1.316152 1.409849 1.31291 1.104352 1.055577 0.9470869 0.6220373 0.6685195 0.9506851 1.010608 1.020461 1.071553 1.089517 0.997851 1.001551 1 1.2869 1.298391 1.530407 1.79455 1.837467 2.008855 2.111987 2.199409 2.268004 2.259607 2.239281 2.188863 2.114598 2.025546 1.930502 1.837042 1.752084 1.629487 1.328729 1.269506 1.173039 1.117884 1.062531 1.003601 0.9386941 0.8665569 0.7872672 0.7024475 0.6154294 0.5311666 0.4556517 0.3947382 0.3526478 0.3308227 
1.436704 1.580237 1.766059 1.979131 2.195431 2.387867 2.53329 2.618014 2.640479 2.610521 2.545536 2.464988 2.455686 2.376456 2.316052 2.412766 2.368563 2.241743 2.220286 2.084538 2.023721 1.901353 1.739959 1.582702 1.455494 1.361355 1.014907 0.9149673 0.8583421 0.8528172 0.853071 0.8128877 0.831699 0.8628143 1.038961 1.151808 1.326445 1.591731 1.941582 2.023819 1.96925 1.763638 1.488904 1.099473 1.023078 0.8030189 0.9626929 0.9658054 0.8869564 1.313098 2.53264 2.697701 2.832638 3.070612 1.712306 1.218456 0.4500009 0.9907401 1.406529 1.970032 1.219894 0.9277511 1.114275 0.9714858 0.3961791 0.2622614 0.8416249 1.05888 1.038017 1.154138 0.9969895 1.00207 1.020572 1 1.285574 1.314813 1.539393 1.557464 1.846887 2.037541 2.167434 2.294177 2.386802 2.384389 2.348196 2.268963 2.162662 2.041184 1.914641 1.793168 1.686568 1.602184 1.275287 1.220533 1.133178 1.088522 1.044262 0.9964759 0.9427588 0.8821313 0.8149704 0.7429828 0.6691479 0.5975035 0.5326456 0.4789179 0.4394725 0.4155646 
1.721397 1.891511 2.098123 2.327355 2.556088 2.755485 2.897499 2.962908 2.948083 2.86678 2.74504 2.611691 2.560992 2.451626 2.374422 2.452776 2.417062 2.407723 2.413826 2.328031 2.27698 2.036627 1.770612 1.540416 1.380434 1.286736 1.076132 0.9115188 0.8598186 0.8576707 0.8589924 0.8152584 0.8368837 0.8588282 0.8841721 1.171172 1.371329 1.751348 2.357809 2.26175 1.890893 1.558532 1.662507 2.354078 1.972333 1.207691 0.761961 0.2539552 0.7177768 1.375544 2.288083 2.812852 2.337741 2.238059 1.089702 0.9413829 0.1410331 0.9260544 1.489599 1.540636 0.17671 0.6742663 1.289971 1.323523 1.070673 0.9623908 1.058837 0.8190261 1.238099 1.19416 1.161967 1.019282 1 1 1.302012 1.343973 1.392348 1.565841 1.839488 2.046955 2.242043 2.441715 2.569285 2.563084 2.489738 2.365913 2.213602 2.047067 1.877556 1.718298 1.584102 1.485977 1.190503 1.146384 1.074932 1.045718 1.015936 0.9812593 0.939535 0.8902872 0.834366 0.7737153 0.7111633 0.6501408 0.5942637 0.5467926 0.5100775 0.4851718 
1.979821 2.17973 2.395768 2.658288 2.922066 3.153245 3.313472 3.37172 3.318583 3.173564 2.977621 2.775298 2.59953 2.525648 2.560335 2.488145 2.461123 2.477711 2.537244 2.562541 2.606694 2.347208 1.795438 1.419844 1.236226 1.161267 1.04938 0.871897 0.8895614 0.8677961 0.8455388 0.8284581 0.8952538 0.8867246 0.9251341 1.13322 1.416657 1.784677 2.585351 1.861829 1.899675 2.447908 3.102674 1.163713 1.159251 1.099031 0.9870268 1.147991 0.009343856 1.07909 2.906187 3.109107 0.9914758 1.084427 1.624863 1.08396 0.4414017 0.7002819 1.339975 3.345218 1.041008 0.6529854 1.565573 1.718076 1.097558 0.9263176 1.36664 0.5876114 1.392897 1.212388 1.213453 1 1 1 1.316298 1.384875 1.395241 1.847053 1.846253 2.017728 2.337238 2.69557 2.856788 2.813818 2.672419 2.476108 2.258881 2.032785 1.805726 1.595006 1.425646 1.315886 1.064509 1.042008 0.9967865 0.9895746 0.9782037 0.9585617 0.9293135 0.8908755 0.84482 0.7935209 0.7398794 0.6870348 0.6380304 0.5954579 0.5611504 0.5360044 
2.203169 2.433297 2.707037 3.013847 3.329856 3.615072 3.788721 3.857411 3.768872 3.549759 3.264177 2.980008 2.74234 2.59503 2.593928 2.513278 2.489642 2.526195 2.641833 2.834433 3.215495 3.029078 1.669767 1.104748 1.145849 1.06334 1.087611 0.8918078 0.8064047 0.8919768 0.9372889 0.8405169 0.8844584 0.8859677 0.9951459 1.10495 1.448835 1.428419 1.294944 0.8453715 0.9829584 1.000224 2.256038 1.459531 0.9027964 0.3625104 0.9946276 0.06695323 0.5076665 0.4371625 1.414288 2.188023 0.5617875 1.122913 1.249587 0.6678748 0.2094329 0.8620189 1.406932 1.154608 1.738877 0.9451536 0.7788019 5.318892 0.7352231 0.9874053 1.540084 1.482423 1.921113 1.252182 1.044145 1 1 1 1.273426 1.440496 1.762432 1.83394 1.730551 1.860002 2.496088 3.203939 3.352953 3.156518 2.887731 2.579174 2.281105 1.983918 1.682084 1.400131 1.186076 1.072959 1.052024 0.8755214 0.900826 0.9230112 0.9337366 0.9304571 0.913545 0.8848083 0.8468127 0.8025491 0.7551976 0.707889 0.663448 0.6241601 0.5916068 0.5666088 
2.314756 2.575101 2.889986 3.252124 3.63829 4.0017 4.27064 4.366879 4.249312 3.952348 3.571066 3.202566 2.903865 2.784592 2.618358 2.524037 2.492691 2.525787 2.648263 2.908811 3.603186 3.737979 2.274477 1.559365 1.414844 1.282888 1.070407 0.9306858 0.3979084 0.9954723 0.9270003 0.3038538 0.6529681 0.808105 0.9943765 1.244572 1.563234 1.248388 0.964008 0.7921119 0.6722671 1.008807 1.740007 4.251614 0.7777503 1.001351 0.7721635 0.6343722 0.9986349 0.5326568 5.903579 0.8160721 0.7344595 0.06057515 0.1937203 0.6223814 0.3132648 1.720594 0.5092766 0.3381291 0.8836281 0.3155708 0.5046968 1.295362 0.9555722 0.5065345 2.902166 1.561514 1.142128 1.030433 0.8964705 0.9357772 1.09672 1 1.111778 1.771412 2.011292 1.671582 1.621471 1.475949 2.033952 3.893718 3.70894 3.603967 3.064673 2.623004 2.25432 1.887832 1.494312 1.113838 0.8445666 0.7479837 0.7890962 0.721322 0.795851 0.8530104 0.8875536 0.9004071 0.8945912 0.8737082 0.841484 0.8016339 0.7577646 0.7132245 0.6709187 0.6331366 0.6014485 0.5766959 
2.349347 2.634883 2.987796 3.403954 3.861028 4.306399 4.649883 4.782793 4.640232 4.264694 3.786855 3.33557 2.978858 2.784358 2.632038 2.520484 2.46993 2.470661 2.521811 2.595901 2.801792 2.97492 3.65644 1.951278 1.241176 1.417821 1.230866 0.9379241 0.7216113 1.967989 0.9923713 0.6407747 0.2651579 0.885419 0.9755726 1.347114 2.934284 1.545631 0.9945779 0.9145615 1.194108 1.286969 1.683328 1.39187 0.8958029 2.031806 0.0752464 0.6382803 2.584599 2.762475 0.2264179 0.5207651 1.396919 0.8801308 0.3415481 0.3016389 2.485803 0.5449242 1.009126 0.7286006 0.6528569 0.8019029 0.9324605 1.576396 1.010184 2.121428 1.113741 0.8037804 0.7979548 0.5174269 0.8051804 1.009881 1.068467 1.240233 1.099214 3.167189 2.537859 1.39848 1.404399 1.261946 1.574581 2.799521 3.566745 3.567256 2.977355 2.536619 2.160052 1.749577 1.260065 0.7576523 0.4286256 0.3789628 0.5165635 0.5917951 0.6996495 0.7907498 0.8465537 0.8727201 0.8752304 0.8594534 0.8301783 0.7917984 0.748402 0.7037259 0.6610122 0.6228377 0.5909885 0.5664269 
2.296842 2.597708 2.977962 3.434324 3.942792 4.444634 4.836952 4.993472 4.838062 4.420975 3.893845 3.401436 3.015723 2.795429 2.635135 2.507378 2.433501 2.391151 2.34739 2.179995 1.779415 1.631215 4.84898 2.069794 1.098126 1.543591 1.464766 1.332062 1.535281 1.571604 1.072406 0.9512326 0.588368 0.6312231 0.8667935 1.020694 1.672972 1.463412 1.044887 0.7415432 1.059761 1.281472 1.048641 1.588964 1.316463 1.88996 1.851605 0.9448032 0.5406483 0.6408787 1.655447 1.423392 0.8905478 0.9838395 1.95701 0.9798568 0.8429221 0.2511418 0.5466594 0.7493851 0.328596 1.168101 1.368706 1.269841 1.022878 0.9232445 0.6873494 0.7560649 1.104056 1.566267 1.453956 1.938336 2.361836 1.643068 1.289068 2.851354 1.507872 0.5676016 1.061276 1.392324 1.632912 1.990087 2.587481 2.750673 2.589141 2.326613 2.015682 1.607206 1.060038 0.4642791 0.09498461 0.1005326 0.2742013 0.4874099 0.6358482 0.7489769 0.8177854 0.85147 0.857965 0.8436975 0.8140712 0.7739253 0.7277892 0.6799142 0.6341268 0.5935811 0.5605133 0.5361017 
2.147964 2.450171 2.841588 3.315712 3.84176 4.353377 4.744895 4.897314 4.747612 4.350726 3.849641 3.378423 3.058931 2.784207 2.629169 2.491297 2.399686 2.327761 2.23635 2.000585 1.609413 1.45817 2.705969 2.471718 1.854119 1.771685 1.699451 1.933348 2.662374 3.441667 1.316437 1.04055 0.8132843 0.5600162 0.1126161 0.8185768 1.034162 1.007476 0.928884 0.1099172 0.9508501 1.118735 1.62561 0.4040768 1.809796 1.306457 2.252439 1.537365 0.7621128 0.7474895 1.830597 1.41138 3.811836 1.405478 1.99623 0.9576448 4.305389 0.5658746 0.07335936 0.6485272 2.33186 3.452958 0.9917054 2.039872 1.069499 1.991203 0.6928186 0.9072425 2.411845 0.5574819 1.585494 3.049176 2.757042 1.709219 0.6851982 5.465807 1.776715 0.197422 0.971076 1.433601 1.412437 1.451297 1.978797 2.159384 2.20399 2.093367 1.8692 1.51216 0.9992191 0.4270807 0.07044639 0.08037052 0.2578763 0.4719117 0.6222734 0.7364707 0.8057963 0.8391839 0.8443381 0.8274958 0.7939618 0.7486509 0.6964245 0.6421599 0.5905417 0.5456345 0.5103851 0.4862692 
1.89783 2.185152 2.570707 3.041048 3.554159 4.036412 4.390672 4.525815 4.406371 4.084731 3.672605 3.274861 3.000019 2.751829 2.57722 2.47685 2.377759 2.296935 2.209349 2.025967 1.922709 1.993071 2.264425 2.245908 2.036399 1.793555 1.84377 2.049096 2.536458 2.753661 1.458961 1.112957 0.8945622 0.5758815 0.5180838 0.7844621 1.036007 1.04366 0.9153566 0.7181346 1.104368 1.395538 1.727943 2.986864 3.062065 2.462518 1.995932 2.351239 2.653991 2.304526 2.396609 1.736527 1.442878 0.9951332 0.3619737 2.523391 1.04085 0.236619 0.0616423 0.8061097 1.743343 0.8070117 0.692347 0.4706943 1.71398 1.330433 1.433973 0.6973287 0.9788141 3.122384 1.531582 1.777884 1.334654 1.03156 2.262825 2.208805 1.894976 1.186156 1.162205 1.473033 1.471141 1.503315 1.797266 1.871451 1.949972 1.909427 1.756495 1.480632 1.08039 0.6389045 0.3456185 0.3128999 0.3846462 0.543583 0.6829476 0.7531271 0.8106142 0.8359841 0.8345759 0.8111933 0.770312 0.7165248 0.6549003 0.5910672 0.5308945 0.4797581 0.4416112 0.4182738 
1.552074 1.808746 2.175717 2.631212 3.120352 3.564641 3.881981 4.012791 3.945206 3.72306 3.423984 3.177318 2.911728 2.703233 2.549349 2.465201 2.367326 2.289882 2.2206 2.067992 2.053307 2.092095 2.151266 2.131505 2.047067 1.843275 1.877769 1.957383 1.93056 1.850726 1.463966 1.20226 0.9964291 0.81693 0.7929261 0.8830091 1.006841 1.01601 0.9091499 0.9890677 1.312865 1.529787 1.895218 2.251225 2.546492 2.273128 1.158995 0.625084 1.900802 2.062713 2.155264 1.935831 1.434817 1.602586 1.54312 1.542661 1.196674 0.8585659 0.1965929 0.7460641 1.398342 0.8939015 0.4751773 0.3451238 0.8867007 1.252336 1.187768 0.6106109 0.3088273 1.0357 1.158584 1.363329 1.643225 1.605733 1.242309 1.552588 1.445197 1.142882 1.054775 1.3012 1.548927 1.635669 1.78502 1.744949 1.805134 1.78783 1.68437 1.488938 1.212094 0.9124522 0.6955535 0.6303387 0.5741849 0.6630377 0.7528757 0.7902889 0.8279648 0.8397761 0.8277835 0.7946613 0.7435619 0.6784495 0.6045028 0.5282506 0.4571171 0.398242 0.3568901 0.335212 
1.135783 1.349759 1.69263 2.135142 2.60951 3.03331 3.337945 3.486751 3.481053 3.355416 3.162323 3.008028 2.809572 2.64481 2.516586 2.455297 2.363466 2.292696 2.236567 2.079452 2.078554 2.089822 2.095939 2.073982 2.031275 1.842738 1.856755 1.848325 1.617961 1.525293 1.353337 1.206052 1.035537 0.9069381 0.8849365 0.9234931 1.00147 1.004877 0.9736785 1.3724 1.488918 1.547883 1.864104 1.942185 2.295986 2.138501 1.564678 1.262935 1.795401 1.894608 2.148275 2.015348 1.575568 1.730235 1.623872 1.540611 1.165031 1.004014 0.2893506 0.5845647 1.415118 0.9116769 0.4380923 0.6663734 0.9925722 1.084188 0.9919047 0.6535622 0.7298491 1.020603 1.013196 1.450072 1.749772 1.60874 1.640826 1.495538 1.378986 1.27434 1.19121 1.339288 1.44973 1.539163 1.804518 1.683963 1.724026 1.714069 1.644229 1.512078 1.329504 1.133515 0.9797311 0.7571151 0.7532539 0.7874501 0.8323241 0.8704439 0.851589 0.847387 0.8226146 0.7778043 0.7146374 0.6362994 0.5480293 0.4573933 0.3737104 0.3062939 0.2619589 0.243084 
0.7014819 0.8680751 1.187378 1.624292 2.098692 2.523439 2.838102 3.018927 3.073034 3.028124 2.921292 2.844714 2.705632 2.58224 2.480491 2.399992 2.361745 2.296663 2.246676 2.071549 2.069295 2.067306 2.059188 2.039295 2.01233 1.823661 1.821509 1.824266 1.448103 1.36005 1.259434 1.183441 1.056381 1.018744 1.153766 0.9412466 1.004817 0.9541152 1.15503 1.22545 1.554006 1.630998 1.688312 1.852264 2.208598 2.188322 1.840183 1.650133 1.802272 1.871812 2.125188 2.00493 1.721811 1.794852 1.69235 1.536209 1.404328 0.999543 0.3086441 0.3166971 0.8919939 0.6643226 0.6620288 0.7534012 1.02034 0.9719358 0.7928833 0.7700496 0.8757651 1.018715 0.9818944 1.150592 1.211971 1.658904 1.484461 1.460602 1.364847 1.383632 1.318632 1.311352 1.487303 1.5582 1.632213 1.652401 1.678126 1.670632 1.622962 1.534613 1.415027 1.286369 1.178388 0.9189744 0.8923567 0.8927867 0.9048694 0.9158211 0.8758855 0.8559311 0.8180546 0.761094 0.6854154 0.5934432 0.4904651 0.3851355 0.288817 0.2131693 0.1665947 0.1515179 
0.325148 0.4495122 0.7472026 1.179198 1.656671 2.089283 2.42101 2.634248 2.737882 2.754898 2.777032 2.697599 2.60708 2.5196 2.442506 2.378192 2.358179 2.298195 2.251686 2.055068 2.050423 2.043428 2.031723 2.014272 1.993888 1.799633 1.788993 1.777042 1.34352 1.260129 1.19234 1.217101 1.064864 1.052384 1.201537 1.006218 1.010377 0.8963788 1.197753 1.267687 1.535411 1.505895 1.634566 1.772675 2.199683 1.898389 1.773196 1.784232 1.821488 1.930652 2.102813 2.015016 1.753269 1.890423 1.63529 1.535978 1.411893 1.021689 0.6082761 0.3196777 0.6817101 0.3948302 0.6224977 0.7847952 0.8145626 1.013904 0.799989 1.002043 0.9245675 0.9339898 0.9544013 1.151257 1.154467 1.57391 1.472287 1.440645 1.473408 1.372747 1.386519 1.363479 1.541237 1.580865 1.637182 1.636922 1.652773 1.646232 1.612976 1.553291 1.473734 1.387481 1.311117 1.025666 0.9905419 0.9725631 0.9633825 0.954341 0.8973687 0.8636824 0.8139167 0.7458293 0.6588249 0.5547317 0.4388957 0.3209318 0.2140109 0.131836 0.0840959 0.07306503 
0.07999878 0.1752685 0.4502353 0.8649995 1.330667 1.759574 2.099414 2.334707 2.473401 2.534451 2.604621 2.569911 2.517353 2.459469 2.403939 2.35461 2.353349 2.297913 2.253747 2.036707 2.03062 2.021885 2.009736 1.994263 1.976174 1.776183 1.762232 1.681411 1.5796 1.193686 1.205515 1.198478 1.067023 1.26687 1.230827 1.01493 1.016097 1.196785 1.230152 1.293505 1.430818 1.491359 1.530248 1.728983 2.210231 1.802027 2.150798 2.152953 1.832103 1.798044 2.277412 1.883952 2.042235 1.912543 1.635676 1.538615 1.419335 1.03378 0.5572781 0.2472622 0.6842083 0.6882767 0.6369603 0.731576 0.8147792 0.7536826 0.8068658 1.039796 0.9946849 0.9225223 0.9366472 1.160483 1.147577 1.528173 1.458584 1.424308 1.477413 1.451759 1.364161 1.400515 1.386115 1.604178 1.646733 1.35642 1.63992 1.633707 1.609737 1.568464 1.514196 1.454849 1.400074 1.093367 1.056388 1.02916 1.007073 0.9843422 0.9551757 0.8702198 0.8108565 0.7339396 0.6383604 0.5256174 0.4011198 0.2750908 0.1617903 0.07607923 0.02826853 0.02037098 
1.630404e-031 0.08058816 0.3284113 0.7066545 1.136539 1.540478 1.871142 2.113089 2.271393 2.360718 2.463977 2.461561 2.437714 2.403371 2.36593 2.329829 2.347359 2.296123 2.254086 2.019039 2.012268 2.003141 1.991467 1.977529 1.959174 1.755736 1.679322 1.651376 1.550841 1.147054 1.172219 1.248425 1.130514 1.285635 1.251302 1.219691 1.021374 1.222891 0.9760398 1.309647 1.435227 1.478274 1.502604 2.045383 2.224631 1.815924 2.205096 2.202751 1.836753 1.906252 2.029102 1.874357 2.204262 1.927147 1.636809 1.616121 1.066005 1.037845 0.568792 0.3213618 0.3973122 0.7024577 0.7191012 0.737352 0.883527 0.7493926 0.8100021 1.062577 0.9560819 0.9718751 0.9272133 1.169896 1.2046 1.163298 1.450222 1.411852 1.477138 1.462835 1.380618 1.36554 1.411391 1.634517 1.658193 1.334343 1.349777 1.628573 1.610575 1.581135 1.543016 1.501053 1.461071 1.135229 1.099117 1.067647 1.038104 1.006521 0.9684024 0.87605 0.8099875 0.7274004 0.6271112 0.5105753 0.3832285 0.2553633 0.1412607 0.05566898 0.008665686 0.002017947 
