rasters-bowlers/shanewatson.asc
ncols         108
nrows         21
xllcorner     -3.075
yllcorner     -1.575
cellsize      0.15
NODATA_value  -9999
1.307413e-007 0.1988586 0.6239721 0.905397 1.177236 1.314165 1.390074 1.291799 1.234009 1.115315 1.0674 1.194254 1.361165 1.445461 1.448228 1.366774 1.190073 1.072024 1.196592 1.189696 1.1557 1.137212 1.053739 0.9546559 0.9045628 0.8787481 0.8219277 0.813063 0.7276168 0.7711465 0.8127453 0.880577 0.9910123 1.26394 1.376679 1.403245 1.455745 1.507161 1.668823 1.654282 1.790186 1.75602 2.142769 2.198377 1.991064 2.190905 2.226728 2.723357 2.411648 2.579875 2.577015 2.956123 2.762836 2.710629 2.384945 2.053943 1.494607 1.147185 1.20769 1.207349 1.241168 1.455063 1.393581 1.134943 1.076878 1.082229 0.5153642 1.098107 1.032868 1.097756 1.15599 1.20256 1.242067 1.588164 1.613767 1.349193 1.465811 1.865443 1.898845 1.976273 2.111233 1.853268 1.852533 1.711582 1.676937 1.674362 1.651947 1.34542 1.2981 1.364947 1.26455 1.672759 1.752549 2.138542 2.670382 2.291343 2.166945 2.221874 2.414465 2.383136 2.579798 2.287187 2.061749 1.675131 1.157618 0.4865935 0.0852981 0.02243557 
0.2077773 0.4192344 0.7992826 0.9989834 1.138664 1.32576 1.414786 1.421842 1.252771 1.09204 1.026599 1.190341 1.481857 1.479755 1.454844 1.397361 1.340899 1.163699 1.197861 1.100542 1.068919 1.071206 1.019737 0.9777508 0.9503673 0.8684736 0.8700559 0.8441927 0.7287657 0.6215315 0.6597726 0.7822362 0.9425662 1.238647 1.374212 1.419795 1.457436 1.525766 1.501472 1.646138 1.653438 1.717219 1.703992 2.178281 2.060084 2.193233 2.273476 2.600832 2.590137 2.667893 2.740107 2.95794 2.789443 2.6486 2.255616 1.963712 1.457895 1.148824 1.148962 1.188065 1.20266 1.398343 1.352352 1.253451 0.9368294 1.083478 0.7850108 1.334584 1.017329 1.097501 1.174647 1.239907 1.296519 1.629709 1.659159 1.401822 1.496404 1.875157 1.833325 1.952303 2.071645 1.834886 1.798651 1.708581 1.72825 1.755106 1.436628 1.367563 1.303368 1.339853 1.514598 1.652276 1.746251 2.569749 2.689874 2.411761 2.281841 2.369977 2.58055 2.564166 2.712326 2.48337 2.271755 1.904442 1.406745 0.7130793 0.2986143 0.2334858 
0.6801218 0.8342511 1.021352 1.096671 1.136393 1.260216 1.45357 1.498453 1.363872 1.347649 1.314288 1.432986 1.576655 1.536203 1.428161 1.034993 2.002235 1.699001 1.095018 0.8364636 0.996434 1.025708 1.002717 0.9997101 0.9580554 0.9333548 0.9690302 0.9068411 0.7422006 0.523273 0.4363526 0.6322322 0.8848844 1.07864 1.365097 1.432289 1.366726 1.461733 1.627945 1.653179 1.402241 1.479721 1.704814 2.195072 2.067969 2.126343 2.30485 2.85058 3.001347 2.775138 2.729831 2.950902 2.835714 2.670208 2.611539 1.789513 1.135064 1.153155 1.148065 1.150425 1.127078 1.306637 1.297192 1.177216 0.9516898 0.6505989 0.7790198 1.032692 0.9915463 1.091624 1.194032 1.290307 1.428866 1.697493 1.728259 1.537909 1.865527 1.821534 1.825287 1.915573 1.859986 1.804379 1.727708 1.789281 1.817433 1.801076 1.529447 1.381127 1.418735 0.7760967 1.473465 1.62038 2.091748 2.579392 2.972199 2.465097 2.462324 2.503805 2.793921 2.790363 2.937668 2.720385 2.537577 2.223681 1.812705 1.17071 0.8182619 0.7668223 
1.099121 1.136068 1.11304 1.024808 1.096721 1.272787 1.431641 1.50368 1.615907 1.628012 1.640262 1.803499 1.711409 1.749111 1.751591 2.108599 3.963161 2.073153 0.9683811 0.1664774 0.9464307 1.072766 1.122436 1.027369 0.9527553 0.9032783 0.9310735 0.8684797 0.874539 0.4102159 0.07129468 0.480173 0.8566501 1.060603 1.326358 1.478215 1.461194 1.736087 1.972724 1.852981 0.5933081 0.9627723 1.802199 1.859529 2.08365 1.962814 1.543527 3.679939 4.013268 2.643152 2.617962 2.949757 3.105796 2.785336 2.629223 2.089811 1.126816 1.160279 1.156509 1.104537 0.9462966 1.105016 1.231541 1.050502 0.9808975 0.9574457 0.7628322 0.8129577 0.9482164 1.074835 1.393524 1.358675 1.547929 1.823067 1.682264 1.624285 1.900296 1.900396 1.813813 1.857713 1.789134 1.742678 1.73779 1.905693 1.940777 1.844997 1.671929 1.371752 1.403765 1.013385 1.417053 1.573845 2.0663 2.50438 2.63987 2.83361 2.606176 2.791187 3.077457 3.077392 3.196537 2.984957 2.833095 2.573553 2.244861 1.647614 1.527854 1.058245 
1.41962 1.364591 1.223199 1.070863 1.161869 1.361774 1.530521 1.618662 1.781636 1.8954 1.911698 1.915038 1.936496 1.840719 1.992799 2.305757 2.602262 1.795885 1.269597 1.049033 1.21829 1.299947 1.297223 1.103252 0.9850922 0.8135002 0.7064188 0.730006 0.9352132 0.5963463 0.333715 0.5160497 0.8931689 1.029716 1.212669 1.355972 1.693095 3.080426 2.462686 3.180357 1.013684 1.355982 2.376204 2.353391 2.099951 1.845048 1.73761 3.585413 3.215168 1.788824 2.581913 3.264164 3.29614 2.900541 2.564814 1.56827 1.107293 1.130755 1.200008 0.9482608 0.4799631 0.896239 1.089128 0.960928 1.020033 0.9596423 0.7304294 0.7687394 0.880218 1.040311 1.389996 1.448279 1.789954 2.105328 1.893565 1.818303 1.619453 1.864588 1.856348 1.569569 1.6455 1.464199 1.622243 1.894655 1.944145 1.775582 1.645759 1.442327 1.307515 1.375719 1.222535 1.51022 2.314376 2.475512 2.641351 2.874257 2.797817 3.144803 3.473659 3.428244 3.482119 3.269176 3.154849 2.926647 2.409287 2.006912 1.545988 1.206498 
1.73572 1.674546 1.550899 1.445074 1.4967 1.558677 1.652611 1.833943 1.874474 1.924922 1.987951 1.993706 1.828029 1.833769 1.853841 2.024242 2.193069 2.428309 1.524343 1.216384 1.484081 1.740401 1.378238 1.176284 0.9782082 0.7478303 0.4106972 0.3550313 0.7281615 0.7437446 0.7318676 0.759349 0.8495308 1.000198 1.016427 1.117579 0.9170732 1.455343 1.796968 1.767774 0.8617042 0.7197692 5.372342 2.830436 1.910944 1.633993 1.29713 1.708484 1.844202 1.414219 2.147991 4.283382 3.690653 3.005121 2.531612 1.539741 1.280594 1.04588 1.43601 1.233498 0.3345193 0.965372 1.151079 1.036853 1.406902 0.8743255 0.570179 0.6989908 0.74093 1.057392 1.472532 1.668019 2.152045 2.848948 2.20311 1.72524 1.668697 1.87122 1.819248 1.521103 1.323348 1.184529 1.412178 1.641514 1.752809 1.70036 1.582043 1.570754 1.37897 1.547164 1.410706 1.738133 2.252582 2.417483 2.599099 2.596022 3.067753 3.728429 4.076515 3.914536 3.709816 3.733643 3.565372 3.324794 2.71834 1.866394 1.742279 1.351273 
2.171136 2.099666 2.057977 1.979958 1.917177 1.875574 1.873248 1.851027 1.88685 1.983572 1.999549 1.866454 1.454673 1.518818 1.755395 2.091698 2.198328 2.769116 2.120289 1.388798 1.453228 1.520415 1.325038 1.215249 0.9845554 0.6732792 0.4628084 0.2642497 0.8691198 0.9272003 0.9116545 1.086409 0.9501773 0.9170213 0.9302461 0.7597532 0.9028433 1.000281 0.7981098 0.8497858 0.5005528 0.9839084 2.489082 2.406647 1.758106 1.029854 0.1388523 0.8856087 1.615123 2.19696 1.592209 2.973155 3.490746 3.23921 2.367712 0.9164401 0.8991957 1.630806 2.39247 2.044119 1.700888 1.182023 1.170405 1.138385 1.378733 0.7632138 0.422136 0.5842546 0.7048314 0.6249075 1.148425 1.59711 2.153978 3.756786 2.030139 1.54092 1.760592 2.09058 1.910499 1.284346 0.5790241 0.6860644 1.26348 1.490426 1.534701 1.627592 1.653043 1.564402 1.523837 1.582206 1.247777 1.583182 2.244184 2.326694 2.488592 2.504441 3.15908 4.504245 5.423344 4.578345 3.796519 4.053108 4.361231 3.991839 2.897917 1.970608 1.586828 1.380355 
2.550298 2.573074 2.655756 2.586293 2.334676 2.070061 1.863957 1.743316 1.729796 1.983213 2.09903 1.978288 1.251395 1.282308 1.430574 2.547882 2.351106 1.630816 1.455009 1.276876 1.226622 1.130214 1.308479 1.31236 0.9881942 0.6462947 0.5949501 0.8273432 0.9980436 1.065495 1.163035 1.250224 1.169907 0.9335307 0.792921 0.2576726 0.4647742 0.695824 0.1973541 0.5881785 0.9360683 0.9289362 1.209027 0.9893065 1.542377 1.615524 1.096955 0.6828518 2.961672 2.617925 1.962899 0.9958211 5.692637 3.864054 3.071055 0.09408718 0.5287332 1.107873 2.722919 2.583897 1.206587 1.096692 1.126619 0.8543382 1.377467 0.6084651 0.6489353 0.578061 0.2843255 0.6540181 0.9898461 1.379892 1.170495 1.200501 1.332472 1.301647 2.040245 2.588254 2.086665 1.687179 0.8278618 0.8975898 1.28363 1.25957 1.595161 1.747432 1.596538 1.094216 1.395738 1.487805 1.23716 1.505626 1.798457 2.281156 2.312557 2.217772 2.546179 4.376197 5.660441 4.267399 3.576029 4.37891 5.663268 4.527217 2.647481 2.077148 1.527467 1.213327 
2.854184 3.115334 3.391248 3.318433 2.815478 2.286801 1.911196 1.498929 1.160712 1.922764 2.640488 2.504596 1.953972 1.548262 1.41594 2.940993 2.102182 0.3298569 0.9707791 0.8486074 1.004117 1.162443 1.537723 1.197798 1.05541 0.7551304 0.3185174 1.004902 1.083491 1.212222 1.439602 1.294762 1.122516 0.9639896 0.9771759 0.7278901 0.7435322 0.6830389 0.6279951 0.2920728 0.3592707 0.7561473 1.220985 1.779042 1.990416 3.42925 1.034719 1.237842 2.200929 3.142283 1.607729 1.04186 2.335569 3.464633 4.542974 0.5707463 0.646187 0.521373 1.206233 1.993436 2.01193 1.354078 0.9970152 2.259778 0.8349523 0.1618586 0.6863434 1.231577 0.2504509 0.803295 3.738234 0.5358583 0.846687 0.2655671 0.6324435 0.9234176 2.267273 2.880914 2.069921 2.700799 2.070093 1.410196 1.501595 1.532631 1.693776 1.753532 1.477495 0.992774 1.32828 1.462472 1.226655 1.701067 1.80295 1.864388 2.117346 1.930168 1.868766 2.419056 3.152891 2.832296 2.857851 3.632819 4.843417 3.658162 2.141364 1.750924 1.170353 1.067446 
3.072523 3.399966 3.861656 3.868584 3.129696 2.433314 2.004594 1.632073 1.405666 2.174771 4.366634 3.363067 2.643689 2.220816 2.021687 1.855171 1.597722 0.2918552 0.8884388 0.9887127 1.014808 0.9487805 0.9677293 1.082482 1.047124 1.151892 1.114071 1.298122 1.137399 1.284524 1.470646 1.967768 1.224859 0.9769941 1.05056 0.3758811 1.069221 0.9612349 0.841246 0.8114012 1.064438 1.087525 1.142699 1.812726 1.420961 0.6112897 1.08555 0.8669204 1.897729 2.125189 1.146906 0.9875727 2.716956 1.660384 5.769063 1.885565 0.7516229 0.7847424 0.8815159 1.327587 1.144384 2.244635 0.4785834 1.553816 1.46897 0.2313144 0.6138077 2.674974 1.882966 0.400935 1.081933 2.992474 1.053588 0.9665238 0.6482174 0.7560459 0.05110747 1.297063 1.595922 0.9065853 1.673236 1.197533 1.821377 1.652601 1.648269 1.837818 1.276108 0.9425812 1.34976 1.439428 1.342806 1.656008 1.815402 1.91781 1.725247 1.557231 1.260943 1.387061 1.396213 1.548803 2.01957 2.043199 2.193648 2.194519 1.451609 1.176382 0.6847534 0.7098789 
3.133252 3.456217 3.70522 3.642079 3.001164 2.358481 1.982345 1.787938 1.795464 1.610171 4.22474 3.266669 3.113968 2.836592 2.276378 1.667017 2.948808 1.489309 1.268407 1.105533 0.9125444 0.5551022 0.7675456 1.012732 1.191383 1.291704 1.328372 1.770743 1.68932 1.097446 0.9127583 2.211551 1.52603 0.6152037 1.259033 0.9387844 1.815388 1.044936 0.9851862 0.1656648 0.9548227 1.995154 1.427419 0.9198983 0.9235896 1.198384 1.177426 1.938763 1.929196 1.047051 1.214887 0.9724848 2.352274 1.796279 2.142021 1.572249 1.113548 1.218737 1.37977 0.5801995 0.4758872 1.50487 0.7758085 1.027669 1.084601 1.079043 0.9504589 1.627128 1.42939 0.1635565 0.9177607 1.182087 0.9254377 0.6972871 0.4690039 0.5702454 0.3366568 2.037051 0.9635741 0.7840177 0.5394959 0.8089586 1.294183 1.479051 1.670376 1.847296 1.171524 1.013307 0.8537614 1.480192 1.59952 1.540993 1.786438 2.025677 1.793124 1.112205 0.8409406 0.8134519 0.7391929 0.9004055 1.325309 1.409781 1.10805 1.322652 0.7834156 0.6460767 0.6403567 0.6763358 
3.369673 3.386051 3.326641 3.151599 2.690636 2.166197 1.779264 1.576304 1.516295 1.786519 2.437182 2.695308 3.379717 2.425272 2.301147 2.398611 2.409332 1.583923 1.917081 1.893662 1.032286 0.5189764 0.1572772 0.9432016 2.962806 1.486904 1.224648 1.097362 1.246307 0.9776996 0.7262381 1.393799 1.442121 1.720047 1.087358 1.032569 1.008742 0.9314924 1.042808 1.575739 2.064105 2.482702 2.570537 1.494174 1.357709 2.600909 2.234493 1.452576 1.59965 0.6889452 0.5035636 1.411551 0.7552726 1.046654 1.132182 0.4946145 3.618319 0.5380971 0.7218794 0.7687448 1.566149 1.585297 1.011317 0.9442781 0.8981991 3.71534 0.09478061 0.03157282 0.7701292 0.5691789 0.5643612 1.892233 0.7645118 0.9464299 1.048845 0.949847 0.3793193 1.588843 1.227253 1.059764 0.4572794 1.957146 1.659172 1.150227 2.727468 1.51175 1.605358 0.8748705 0.8488527 2.355331 1.523416 0.9466125 1.988447 1.875049 2.201699 1.33287 0.6148071 0.4827477 0.6815124 0.8718022 1.017487 1.478603 3.726675 1.449431 0.9740015 0.5204768 0.7334763 0.7959862 
3.681924 3.658915 3.315428 2.907509 2.495696 2.03151 1.503286 1.170262 1.145975 1.28277 1.734315 2.111019 2.519681 2.426011 2.326913 2.288783 1.887877 0.8309734 1.078265 2.461857 0.4230223 0.8969008 0.7466925 0.9196507 1.664238 1.710947 1.404508 1.830205 1.104629 1.035569 1.276518 0.8057466 1.189115 0.9514209 1.002016 1.00223 0.7894224 0.1002145 1.013764 2.396861 2.654578 3.297369 2.84624 1.957527 1.512154 1.710838 2.480768 1.531047 0.8057644 0.3250703 0.8008268 1.447348 3.518049 1.802758 1.573904 0.9321837 1.069246 3.976802 0.6161933 0.2701424 1.059448 0.6363887 0.1616557 0.6374092 0.8252894 0.3766837 2.068555 0.8850478 0.7298831 0.1785911 0.7103818 0.9406262 1.000266 1.213739 1.124339 2.040148 3.197185 0.6771141 1.49245 0.717047 2.269532 1.896231 1.404167 0.8350098 0.9379241 1.599469 1.398027 0.9421601 3.295675 3.549922 3.449758 0.692634 2.614621 2.079328 3.086811 1.324713 1.541522 1.610209 1.098184 1.042889 2.348953 1.038481 2.524342 1.15565 0.8337227 0.1376034 0.5517117 0.7836934 
3.914014 3.929352 3.420596 2.868439 2.396381 2.017282 1.482643 1.129946 1.378482 1.382154 0.8845448 1.44888 1.620451 2.109881 2.213974 2.804273 2.493884 1.136506 1.008568 1.301094 1.339051 1.572523 1.11534 1.211068 1.296534 1.260106 1.191329 1.244138 1.038842 1.14602 1.196205 2.636826 0.8920478 0.6616929 0.5300884 0.5908007 1.391646 0.8965412 0.692758 1.145305 2.041004 2.559572 2.306477 1.437379 1.343594 0.9677085 2.496221 2.281028 1.430222 0.9808676 2.123915 3.088227 1.038501 0.9658393 2.981511 0.7889973 1.104103 0.8793901 1.384129 1.129718 0.9386057 0.5907009 0.7076856 1.500226 0.971656 1.153995 0.2177466 0.376837 0.4081294 0.5679682 0.4551559 1.016802 0.8618053 1.116554 0.9471445 1.032768 0.8871469 0.8137662 0.8540583 2.258172 0.6066513 2.376832 0.6399543 1.354273 3.111735 1.174133 1.075041 0.2465599 2.3866 3.606868 3.127499 1.125339 1.844566 1.491254 1.925834 2.12279 2.623668 3.714025 3.146089 1.865292 2.027988 3.252476 1.118053 1.708078 1.044475 0.5082493 0.3937274 0.7567043 
3.68571 3.67287 3.27087 2.833688 2.463702 2.100457 1.850314 1.693125 1.754982 1.976834 1.107792 1.434094 1.110314 1.686213 2.252581 3.338858 3.403193 1.544016 1.147918 1.21799 1.481857 3.049578 2.423558 1.480851 1.323815 1.07151 0.9437042 0.874195 0.9393569 1.064553 1.292591 1.67366 0.6287982 0.6125318 0.5549629 0.4657053 1.073239 0.9471046 0.6962976 0.9178251 2.771194 1.875991 1.522259 1.974796 1.300104 1.645853 1.463583 2.115298 2.172946 1.692065 2.348711 1.37164 1.033383 1.634332 1.662281 1.571303 0.4399257 1.441924 1.758952 1.130973 0.1779938 0.7369053 3.20354 1.177038 1.770362 1.379601 2.529728 0.797464 4.782671 1.610199 0.369165 1.138616 0.9406914 0.7270043 0.7880017 1.422313 2.20066 0.6321326 0.632089 0.8832411 0.7608638 2.026059 1.414363 1.191163 1.282985 0.04627993 0.7970678 1.014615 1.478356 2.855069 3.195008 2.7184 2.446618 1.719014 2.081934 2.35469 2.970752 3.90695 3.125436 2.47215 0.8439334 2.102652 1.657565 1.834981 2.161792 2.202177 0.9035271 0.4307902 
3.1882 3.178566 3.014057 2.839966 2.657018 2.397673 2.151473 2.010301 2.10328 2.740514 3.372639 2.038667 1.593784 1.605201 1.899537 2.306256 1.957405 0.7034132 0.7079871 1.063838 1.290699 1.881885 1.759945 1.374354 1.244104 1.108076 0.3680911 0.4305582 0.6588985 0.2269584 0.4716909 0.8231511 0.6980956 0.4186274 0.2454393 0.8449546 0.7561916 0.8081031 0.8261605 0.0713186 2.178734 1.948167 1.265595 1.141666 1.096107 0.9166777 1.078582 1.038431 1.290982 0.9890347 0.7702432 1.010135 0.9803805 1.183681 1.81764 5.351696 1.613903 0.03898934 5.86004 1.195337 1.169961 1.908952 2.86271 1.810974 1.120216 1.008986 1.20451 1.033737 1.554831 1.307235 2.057982 1.237677 1.161642 0.9485577 0.9422904 1.216998 1.359769 1.082732 0.5295072 0.9013603 1.214014 2.612662 1.484382 1.275293 1.172017 0.9590968 0.8642136 0.9758275 1.934082 2.689389 2.798415 2.632369 2.424559 2.130694 2.343096 2.155158 2.894355 2.636452 1.49653 1.84718 2.003515 1.621128 2.099078 5.629738 2.591665 1.974892 1.104178 0.8121353 
2.669944 2.766143 2.873844 3.022623 3.078299 2.850266 2.480508 2.272455 2.198574 2.370724 2.341582 1.851763 1.448579 1.162687 1.356085 1.497846 1.20191 0.4363626 0.5335494 1.118153 1.311761 1.431649 1.371364 1.26978 1.480831 1.134802 0.7086381 0.6068271 0.5937303 0.3047177 0.2346167 0.5901977 0.5774912 0.3246623 0.1526771 0.5842342 0.8107323 0.789148 0.797201 0.7145537 1.074864 1.525967 1.145084 1.182139 1.444467 2.426483 2.853014 1.269339 0.7976422 0.7654653 0.8439337 1.123563 1.164962 1.009894 2.274739 3.174352 1.765007 1.259769 1.594526 1.575932 1.606492 1.789501 1.703496 1.512014 1.324301 1.152905 1.393 1.147399 1.547848 1.527258 1.260099 1.132804 1.214432 1.048878 1.237283 1.290601 1.324334 1.099643 0.7928942 1.087604 1.264235 1.561968 1.603005 1.489698 1.401101 1.01121 0.9221425 1.223777 2.033909 2.52363 2.656465 2.436833 2.313996 2.144151 2.376474 2.465001 2.476053 2.230589 1.70827 1.706969 1.909207 1.979455 2.709138 3.315306 2.763751 1.993287 1.523192 1.222769 
2.098001 2.371061 2.817879 3.321338 3.699875 3.415153 2.736495 2.320021 2.212233 2.092546 1.994437 1.717153 1.32441 1.049199 1.199245 1.274042 1.203877 0.9707817 0.9487547 1.212516 1.397964 1.295547 1.2686 1.196768 1.266507 1.149159 0.8464138 0.7144209 0.569248 0.55707 0.7832047 0.8859685 0.6299398 0.4423183 0.4215966 0.566203 0.6807064 0.7573356 0.9066607 0.9142449 1.101552 1.237281 1.402575 1.329959 2.033743 3.655375 4.390602 1.5579 0.9883848 0.9715667 0.952441 1.026998 1.340572 1.646449 2.450967 2.7547 1.999627 1.545413 1.650833 1.581965 1.793055 1.645835 1.60345 1.314914 1.516106 1.579286 1.518785 1.175048 1.522783 1.480797 1.171991 1.152342 1.188147 1.101673 1.073171 1.288519 1.243971 1.233463 1.145836 0.8917643 1.26636 1.365663 1.616082 1.525889 1.460212 1.260082 0.8996404 1.457931 1.964592 2.514935 2.593976 2.187536 2.097876 2.184878 2.433996 2.626517 2.397818 2.286799 2.330731 1.773764 2.098828 2.014743 2.344867 2.782334 2.426381 1.883011 1.561627 1.351428 
1.318798 1.69006 2.510379 3.44868 3.97183 3.585905 2.897741 2.407675 2.011751 2.007503 1.826082 1.623313 1.340831 1.200828 1.196571 1.195814 1.356176 1.15342 1.131278 1.225638 1.405315 1.277568 1.252779 1.238788 1.208891 1.104104 0.8827099 0.7737602 0.6503176 0.6551117 0.6444832 0.7081998 0.5577896 0.5276641 0.617357 0.7141921 0.7620692 0.847841 0.9852247 0.9694435 1.130736 1.439796 1.688289 1.838571 2.071938 2.749865 2.653411 1.71443 1.216671 1.140088 0.8673043 1.017671 1.561111 1.773799 1.970489 2.400436 2.01476 1.723883 1.797251 1.537498 1.521934 1.662308 1.78878 1.667272 1.686602 1.610685 1.593525 1.537385 1.246912 1.470524 1.481887 1.22444 1.187106 1.053115 1.283602 1.278401 1.222769 1.241061 1.121866 0.9669587 1.23661 1.295319 1.300142 1.542902 1.302538 1.10881 0.919078 1.507599 1.992255 2.129712 2.320653 2.130123 1.959185 2.429497 2.086568 2.632514 2.44409 2.361068 2.010136 1.90021 2.161705 1.99033 2.217711 2.282848 2.097979 1.604222 1.328156 1.098157 
0.3905393 0.8738041 1.935225 2.935821 3.396142 3.204529 2.776141 2.322933 2.09761 1.934647 1.760512 1.56748 1.346034 1.087794 1.049721 1.167171 1.20958 1.192497 1.220573 1.274588 1.289054 1.20283 1.260045 1.216519 1.21173 1.087562 1.023223 0.8094919 0.8445524 0.642267 0.5897391 0.6508565 0.5120056 0.5964035 0.7150706 0.9477087 0.9180489 0.8221233 0.9388363 0.9797655 0.9930986 1.657648 1.840106 1.863377 1.967451 2.199591 2.114634 1.728763 1.458581 1.305871 1.020773 1.050247 1.53611 1.748936 1.807265 2.085102 1.987063 1.714716 1.923619 1.519076 1.510778 2.026644 1.891152 1.849239 1.763984 1.645113 1.672254 1.531043 1.489913 1.474868 1.540673 1.242442 1.07021 1.054622 1.502971 1.26849 1.278978 1.245471 1.145617 0.9659321 1.219043 1.258311 1.265752 1.551912 1.317273 1.274514 1.217603 1.538408 1.940401 2.043164 2.294441 1.968414 1.940494 2.333567 2.092407 2.64613 2.441037 2.396055 2.050635 2.10354 2.199077 1.963362 1.810012 2.099488 1.764903 1.29961 0.657667 0.4621374 
8.141869e-031 0.4106727 1.403693 2.280182 2.700745 2.701321 2.533924 2.226365 2.05385 1.743198 1.732228 1.54522 1.268276 1.077037 1.045913 1.13758 1.277856 1.222251 1.25876 1.29933 1.341293 1.220095 1.235825 1.18497 1.147827 1.075514 1.038377 0.8316189 0.8399544 0.7658278 0.6256129 0.6933013 0.5728378 0.6330847 0.7506497 0.9150699 0.9014555 0.8913453 0.9249761 0.9825259 1.245605 1.544546 1.665726 1.708583 1.900883 1.954098 1.897323 1.738762 1.553876 1.417625 1.261989 1.195474 1.541565 1.770068 2.051208 2.029444 1.961908 1.702553 1.899545 1.773112 1.504344 2.063933 1.938643 1.913653 1.815281 1.677471 1.685026 1.528454 1.284078 1.479428 1.572551 1.067288 1.062665 1.052925 1.520769 1.26153 1.341469 1.548622 1.306287 1.032683 1.277862 1.236276 1.240703 1.488381 1.324189 1.29274 1.032822 1.565359 1.947081 2.025736 2.078758 1.94262 1.985012 2.354059 2.296917 2.793718 2.729126 2.415097 2.071721 2.151405 2.220856 1.616458 1.677672 1.903574 1.50134 0.9417091 0.2012096 0.0462046 
