rasters-bowlers/sunilnarine.asc
ncols         108
nrows         21
xllcorner     -3.075
yllcorner     -1.575
cellsize      0.15
NODATA_value  -9999
[rows 0 to 20 of 21, columns 0 to 61 of 108]
3.912158e-008 0.06364603 0.2545655 0.5337956 0.838922 1.147289 1.390632 1.589929 1.751122 1.878426 1.971627 2.027039 2.042166 2.020308 2.006215 2.200083 2.14291 2.09657 2.33564 2.339162 2.401164 2.432963 2.315742 2.305927 2.091456 2.045174 2.007182 1.939885 1.780476 1.728137 1.870808 1.783178 1.602978 1.12825 1.345488 1.40747 1.768951 1.850878 2.130893 2.359299 2.357289 2.067477 1.981466 2.023616 1.923798 1.575377 1.293605 0.8142289 0.8534424 1.19431 1.23304 1.790604 1.845155 1.937203 2.005839 1.479021 1.11714 1.227754 0.986097 0.9402176 0.8325924 0.5437831
0.06063536 0.130916 0.3273453 0.6095137 0.9148565 1.224012 1.468683 1.674539 1.849137 1.995851 2.109676 2.178431 2.19075 2.185571 2.087852 1.978985 2.147296 2.084371 2.295821 2.293264 2.356645 2.397438 2.256749 2.387116 2.14319 2.163739 2.072712 1.988404 1.802423 1.714189 1.819793 1.711519 1.542902 1.282297 1.323201 1.389008 1.759421 1.858097 2.211917 2.29226 2.366185 2.080266 1.993071 2.026799 1.926652 1.8582 1.290879 0.8805081 0.8383989 1.177721 1.227801 1.780442 1.914182 1.945931 2.012731 1.499223 1.274201 1.235007 1.052409 0.9323127 0.8208413 0.5571797
0.2296976 0.3094973 0.496287 0.7549849 1.033837 1.296764 1.556858 1.763724 1.954288 2.132139 2.285998 2.386334 2.400116 2.344354 2.195197 2.038107 2.147681 2.063607 2.010877 2.232251 2.297247 2.34947 2.248497 2.180161 2.20891 2.24489 2.161986 2.054068 1.833455 1.694114 1.746674 1.607834 1.459192 1.242007 1.295713 1.115732 1.475055 2.087837 2.216231 2.310527 2.379603 2.099242 2.007681 2.03062 1.928703 1.592947 1.556166 0.8743077 0.4782362 1.151234 1.218624 1.765355 1.911692 1.959694 2.025031 1.525053 1.302872 1.242063 1.047793 0.9196765 0.6437113 0.5259994
0.4569163 0.5440106 0.7104871 0.9302262 1.167067 1.396285 1.637711 1.840569 2.050006 2.276212 2.506426 2.681258 2.733516 2.576363 2.332606 2.100082 2.139167 2.030601 1.964811 2.151551 2.217873 2.125938 2.229568 2.208821 2.290814 2.358349 2.243651 2.150198 1.87844 1.611083 1.691657 1.225462 1.113961 1.091509 1.26587 1.114732 1.336004 2.094247 2.219814 2.386871 2.464328 2.12928 2.030668 1.97157 1.796343 1.593566 1.542005 0.8668508 0.4815291 1.105237 1.200384 1.554819 1.90888 1.920542 2.048029 1.624668 1.393987 1.247609 1.036213 0.8999546 0.6724291 0.7365596
0.6830502 0.7715109 0.9137207 1.092115 1.284211 1.475335 1.664417 1.883508 2.107553 2.394301 2.753191 3.093297 3.186154 2.902749 2.487135 2.148991 2.114635 1.98251 1.902008 2.045134 2.111653 2.064152 2.189442 2.353376 2.429118 2.522777 2.394644 2.290209 1.99501 1.579049 1.476477 1.045068 0.9708259 1.065956 1.143522 1.121477 1.210255 2.078886 2.220125 2.210305 2.197517 2.180492 2.069289 2.143439 1.764822 1.899661 1.84929 0.8589837 0.5536391 1.087425 1.213116 1.547777 1.91103 1.950185 2.094392 1.435349 1.383715 1.24381 0.94949 0.6601608 0.687313 0.8347396
0.870979 0.9550358 1.073591 1.215245 1.366589 1.519497 1.675788 1.871024 2.086413 2.411238 2.92233 3.553578 3.766345 3.244842 2.589571 2.155128 1.906249 1.922001 1.821077 1.902762 1.94083 1.972655 2.107247 2.289331 2.518004 2.749585 2.721693 2.418631 2.094326 1.557402 1.066264 0.7209203 0.6927771 0.9424103 1.152464 1.145475 1.243466 2.036597 2.210783 2.232672 2.512285 2.278455 2.13951 1.951885 1.65791 1.712178 1.586074 0.9080717 0.7713224 0.7427734 1.052069 1.545734 1.94982 1.968855 2.034534 1.720197 1.422027 1.206225 0.8997331 0.6245859 0.7872417 0.9996238
1.00906 1.085175 1.182619 1.293653 1.409688 1.525415 1.642182 1.771333 1.954738 2.225394 2.746445 3.571858 3.888932 3.223614 2.511127 2.097232 1.880492 1.866364 1.726303 1.697282 1.716499 1.8531 1.958434 1.978209 2.520736 3.258303 3.17635 2.726403 2.22596 1.622614 0.9851166 0.2327447 0.2540881 0.9262083 1.209391 1.113105 1.278191 1.679679 2.161469 2.230977 2.54936 2.51699 2.242445 2.105259 1.510924 1.016112 1.619126 0.9568203 0.6965263 0.6081799 0.4808659 1.602031 1.931919 1.84163 2.067708 2.477599 1.387239 1.147663 0.6429881 0.8736209 0.6316429 0.8886644
1.100359 1.167318 1.24683 1.332942 1.418975 1.499727 1.573383 1.642985 1.732138 1.832756 2.063568 2.5839 2.914235 2.643172 2.253231 2.005461 1.877093 1.855897 1.660721 1.33427 1.476406 1.734056 1.811496 1.284186 2.707447 4.616379 3.860417 3.206625 2.248477 1.599462 1.053838 0.5231407 0.6930202 1.053129 1.291135 1.452532 1.465132 1.566313 2.00452 2.128439 2.431848 3.76188 2.161821 2.622749 4.005219 2.576245 2.216458 1.052457 0.3488005 0.5530638 0.9466045 3.537465 1.501351 1.454947 1.21528 1.827406 1.045267 0.964645 0.6362704 0.7200438 0.4931632 0.8686361
1.152865 1.211196 1.2763 1.34286 1.404526 1.45497 1.488785 1.501735 1.487817 1.431513 1.313223 1.47927 1.917401 2.060853 1.995647 1.934321 1.931038 1.92731 1.750192 1.448865 1.491256 1.647469 1.660535 1.855376 3.819834 4.884391 5.136576 3.926795 1.986364 1.444056 0.9410124 0.8599135 0.6883073 1.099855 1.275215 1.84588 1.577977 1.368798 1.772501 2.232593 2.342539 1.393734 1.390457 0.7864031 1.595298 1.099788 2.956179 1.754031 1.12542 2.172671 1.543487 2.036693 1.841712 0.4737877 0.6842985 1.262687 0.001158033 1.362571 0.9294381 0.5846458 0.01710289 0.9980017
1.174316 1.225721 1.280322 1.332859 1.376699 1.404297 1.407781 1.380314 1.319434 1.225976 1.04205 1.105459 1.498136 1.740496 1.814428 1.873293 2.031261 2.313157 1.220981 1.935331 1.684863 1.522538 1.272721 1.213576 2.509859 3.20908 3.743697 2.498363 1.298909 1.047899 0.8562119 0.8742509 1.063907 0.9593661 1.685739 1.762153 1.236406 0.9272737 3.525247 2.086404 2.069507 1.039295 0.8677599 1.128107 1.071741 1.179322 4.049623 1.337447 1.423571 1.186328 0.01089208 1.867794 2.647862 1.19925 2.077063 0.9192738 0.4395805 1.003714 0.9045877 2.917028 1.042349 1.204669
1.170172 1.217072 1.265444 1.309855 1.343313 1.357501 1.343159 1.291659 1.202559 1.111767 1.11316 1.200826 1.413226 1.58947 1.66265 1.72043 1.938496 2.514288 2.893496 2.044548 1.515463 1.17354 1.291341 1.452864 1.934091 2.103676 1.630846 0.4454175 1.203205 1.055837 0.8535247 0.8296947 1.063863 3.143631 2.231604 2.817605 0.520216 0.7641305 1.33935 1.441878 1.660703 0.7901725 0.7008994 1.955261 1.950871 1.533204 1.093026 1.081383 0.01726804 2.74668 0.9919574 1.231003 0.8763122 0.7737164 3.692517 0.1689476 2.175664 1.704835 0.4521267 0.6295358 2.703114 0.7340572
1.142997 1.188147 1.234799 1.277229 1.308184 1.31924 1.301116 1.244321 1.142979 1.023721 1.041233 1.222936 1.393807 1.503094 1.50263 1.399174 1.409525 1.844356 2.091182 1.813767 1.354207 1.029902 1.142633 1.538053 1.663592 1.524482 1.042217 0.8087926 0.9831482 0.9986596 0.8336327 0.5164684 0.201728 0.1162128 1.523363 1.578541 0.9522883 0.8745033 0.7325768 0.7200857 1.588161 0.06716418 0.9523908 1.838056 0.8200426 0.2937979 0.9813614 0.9918137 0.5720502 1.642787 0.7891786 1.364189 1.135375 0.6413188 0.9798083 1.069091 0.8756405 0.6434954 0.7560631 0.380636 0.3380327 0.7557291
1.0924 1.138521 1.188002 1.234595 1.270707 1.288312 1.279812 1.23941 1.168621 1.104117 1.125474 1.262943 1.391709 1.450644 1.390807 1.168782 1.012347 1.413089 1.701001 1.614804 1.388778 1.238709 1.244896 1.43883 1.483387 1.219344 0.5794608 0.1438291 0.9083657 0.9654989 0.9654614 0.6884646 0.3863409 0.7915267 1.221096 1.564241 1.460195 2.270196 0.6015185 0.8749046 1.375668 1.224083 0.67714 0.6806047 0.9930125 1.719522 1.823334 0.7891681 0.6517797 0.9966258 2.849556 1.797528 0.9218327 0.8270302 2.774927 0.8413849 0.9742591 2.314534 0.7583241 0.6579615 0.1572933 0.9424882
1.01529 1.064693 1.12144 1.178214 1.226485 1.258387 1.268379 1.255233 1.241219 1.217003 1.241634 1.315821 1.407285 1.434259 1.382928 1.259443 1.213545 1.3866 1.576581 1.516109 1.413045 1.327384 1.336112 1.563574 1.485228 1.301802 0.7937721 0.7105931 1.055455 1.35298 2.464652 2.492816 1.269184 1.205058 1.212295 1.594357 0.7117856 1.046949 1.399101 1.352687 1.79065 2.582676 0.9404421 1.201528 1.200663 1.175251 1.135185 1.03034 0.7455331 1.528895 1.008172 0.7692863 0.4051895 0.6926213 1.808555 0.7536715 0.8367229 0.7486771 1.432902 1.464351 0.448028 1.172976
0.9067047 0.960869 1.029145 1.102158 1.169101 1.221107 1.253577 1.267529 1.289542 1.293071 1.318155 1.363422 1.42947 1.442908 1.420258 1.380057 1.378091 1.43614 1.384581 1.490011 1.436945 1.216194 1.383594 1.597118 1.514678 1.424169 1.089262 1.065955 1.301605 1.675141 2.959008 3.122545 1.804773 1.305813 1.417717 1.339978 1.377909 2.360489 3.546582 1.764179 1.105186 2.190398 1.58703 2.616716 1.538299 1.210468 1.067314 1.38877 1.610845 1.464178 0.5318984 0.5966172 1.645576 0.3285236 2.813155 0.6953737 0.9123845 0.9668504 1.027621 0.313224 1.604215 0.8610902
0.7619832 0.8210633 0.9048685 1.000495 1.09269 1.169769 1.226636 1.264824 1.312508 1.332183 1.358449 1.390907 1.420844 1.459675 1.453554 1.443292 1.446333 1.347327 1.354288 1.479168 1.278593 1.449795 1.407431 1.790505 1.573581 1.251288 1.261795 1.239159 1.194253 1.563724 2.073591 2.074559 1.648065 1.427995 1.522393 1.383798 1.629508 2.063455 2.410398 1.756082 1.596989 1.757333 1.615492 1.696518 1.341194 1.355086 1.09741 1.545659 2.130648 3.308485 0.2980292 0.3232642 1.338633 1.59337 1.005424 1.811901 3.177532 1.105865 0.7869887 0.617916 0.8073841 0.6709299
0.5815356 0.6439017 0.746484 0.8710564 0.9950673 1.101895 1.184868 1.27354 1.313409 1.345252 1.374804 1.403289 1.427853 1.444843 1.475308 1.47328 1.439932 1.337082 1.332829 1.307147 1.265977 1.214823 1.426617 1.796763 1.312762 1.325329 1.361064 1.316035 1.18271 1.377375 1.627934 1.626638 1.450399 1.412634 1.600465 1.682512 1.620197 1.719857 1.971201 1.741525 1.851912 1.714449 1.577933 1.504519 1.278123 1.383916 1.582462 1.24802 1.509952 1.293867 0.6720855 0.3620498 0.8500683 1.39131 1.369431 1.803188 1.758788 1.308875 0.6362548 0.7193334 0.7067124 0.8474944
0.3785872 0.4409082 0.5633759 0.7210117 0.8812851 1.020844 1.130864 1.241516 1.298472 1.341373 1.376004 1.405076 1.428775 1.446474 1.488952 1.450246 1.444492 1.323954 1.270966 1.290721 1.254663 1.210656 1.343816 1.625695 1.353733 1.083727 1.08024 1.094615 1.138756 1.241398 1.422194 1.423241 1.535636 1.414661 1.642682 1.708957 1.567953 1.812072 1.833917 1.741706 1.707814 1.721433 1.739278 1.442793 1.267682 1.408534 1.648664 1.118464 1.211585 0.9563172 0.7163967 0.9280863 0.9325899 1.502918 1.470668 1.477643 1.378016 1.283003 0.9257807 0.7202343 0.8289475 0.9510223
0.185596 0.2442204 0.3833214 0.5715238 0.7659822 0.9363201 1.102046 1.201707 1.273945 1.32716 1.367737 1.399552 1.424471 1.443376 1.456954 1.451651 1.443796 1.266416 1.250961 1.277632 1.245361 1.207704 1.370938 1.550048 1.385787 1.113574 1.034859 1.089018 1.093489 1.150074 1.309467 1.31528 1.492254 1.405519 1.720342 1.713384 1.523532 1.757177 1.833406 1.643394 1.697312 1.720284 1.737761 1.405092 1.493971 1.434394 1.386409 1.038647 1.073781 0.9711777 0.7393798 1.12442 0.8713875 1.536088 1.463361 1.547646 1.403415 1.288269 1.264267 0.7912993 0.8677239 1.003951
0.0480221 0.1012492 0.2481382 0.4542571 0.6706705 0.8622518 1.04543 1.161082 1.245628 1.307675 1.354032 1.389307 1.416313 1.436757 1.451834 1.450554 1.441415 1.249899 1.234313 1.266807 1.238372 1.401831 1.394376 1.577713 1.100185 1.068096 1.036698 1.016554 1.055022 1.210336 1.242728 1.533175 1.46481 1.392668 1.720047 1.773298 1.761409 1.726173 1.86504 1.610874 1.677512 1.770522 1.737609 1.379883 1.70635 1.372968 1.294317 1.044578 1.007921 0.9387835 1.047382 1.213737 1.174728 1.141488 1.450135 1.509673 1.33783 1.171954 0.9792909 1.152062 0.8856966 0.9628076
1.016181e-031 0.04878721 0.191472 0.3957471 0.6142315 0.8114483 1.001706 1.126103 1.218532 1.286945 1.337995 1.376515 1.405755 1.427855 1.444279 1.448584 1.2458 1.235677 1.220566 1.258336 1.423862 1.417075 1.414118 1.287052 1.113315 1.074314 1.032876 0.9986799 1.02395 1.179075 1.199624 1.436632 1.44539 1.446517 1.714523 1.767358 2.025905 1.706119 2.111576 1.842639 1.658285 1.766166 1.73677 1.499384 1.715905 1.366739 1.338226 1.005964 0.9735827 0.9252034 1.270653 1.194498 1.072677 1.152931 1.440712 1.201712 1.2984 1.135604 0.9778217 1.406757 0.8951507 0.9716899
