rasters-bowlers/umeshyadav.asc
ncols         108
nrows         21
xllcorner     -3.075
yllcorner     -1.575
cellsize      0.15
NODATA_value  -9999
1.536872e-007 0.2327633 0.7148038 1.131486 1.425149 1.636384 1.902379 2.070633 2.264328 2.584957 2.687149 2.517687 2.453689 2.365892 2.294569 2.109531 2.195229 1.877572 1.709427 1.722351 1.683547 1.705794 1.455555 1.624929 1.694893 1.581009 1.449461 1.383461 1.315336 1.223859 1.076721 0.9885821 0.8278347 0.8332546 0.9619564 0.9372104 1.059081 1.05469 0.893499 0.9380245 0.9800659 0.7503054 0.8114091 0.6696447 0.968927 1.088945 1.143561 1.2336 1.491161 1.83004 1.757537 1.837752 2.032459 2.155854 1.996084 1.905476 2.406252 2.253707 1.789361 1.925063 1.920481 1.620325 1.581171 1.589689 1.487196 1.196748 1.339235 1.618654 1.773434 1.759466 1.768002 1.82408 1.806322 1.766414 1.940881 1.666532 1.735605 1.748935 1.55379 1.480643 1.718621 1.687995 1.716455 1.689758 1.665442 1.272868 1.268225 1.061793 0.7889948 1.061053 1.052829 0.8996829 1.581302 1.689039 1.675603 1.809751 1.968684 1.744459 1.895359 2.167255 2.094882 1.988083 1.678712 1.120336 0.7618188 0.3632096 0.06611496 0.01508675 
0.2336021 0.4496542 0.8771802 1.22832 1.486446 1.685632 1.768242 2.131642 2.344491 2.73247 2.687795 2.527439 2.491419 2.391596 2.296403 2.341751 2.243042 2.087272 1.68474 1.702175 1.677489 1.765851 1.518671 1.611839 1.757978 1.614277 1.448018 1.369978 1.314908 1.206259 1.044317 0.7696994 0.6336033 0.7469365 0.92408 0.9198069 1.0406 1.031888 0.8716158 0.9404155 0.9282676 0.7276958 0.7940795 0.6827677 1.143766 1.373109 1.195924 1.54251 1.481425 1.8145 1.884305 1.827379 1.630855 2.019263 2.012615 1.609772 2.402158 2.326808 1.807103 1.953198 1.955974 1.66598 1.612486 1.581803 1.45818 1.180443 1.429092 1.948378 1.802044 1.805725 1.807953 1.845936 1.813423 1.685542 1.913069 1.645476 1.454587 1.755481 1.76995 1.493909 1.71578 1.675409 1.429599 1.671105 1.392153 1.267792 1.257811 1.057071 1.056809 1.066879 1.05608 0.9025033 1.542442 1.646346 1.631716 1.765134 2.012573 1.785327 1.984954 2.30643 2.277323 2.192265 1.885006 1.304541 0.936628 0.5308465 0.229606 0.1604804 
0.6902711 0.8284999 1.091063 1.325055 1.532894 1.720536 1.817827 2.19032 2.467493 2.59808 2.777829 2.610253 2.537872 2.422441 2.300129 2.305347 2.179211 1.863067 1.642063 1.665763 1.659035 1.568735 1.711161 1.85525 1.933095 1.606213 1.279549 1.315902 1.313138 1.194483 1.056571 0.7345455 0.5916335 0.6916605 0.8668528 0.895296 1.02166 0.8376753 0.8255079 0.832024 0.8391352 0.6480303 0.6074227 0.830766 1.114873 1.332037 1.466949 1.514968 1.412972 1.792763 1.809045 1.755068 1.633737 2.029106 1.953409 1.711159 2.393919 2.09979 1.819729 1.99018 2.011171 1.743025 1.781023 1.584021 1.410525 1.100232 1.378988 1.907524 1.852499 2.239745 1.87229 1.875414 1.743111 1.663045 1.538696 1.615861 1.658936 1.765555 1.792171 1.769912 1.713946 1.657579 1.611854 1.58167 1.378803 1.262051 1.244599 1.050884 1.236723 1.009277 0.9977189 0.8430165 1.258919 1.59342 1.568983 1.576751 1.952438 2.139365 2.141904 2.489042 2.78144 2.469288 2.16245 1.562921 1.215089 0.8596898 0.6163121 0.4885254 
0.8808752 1.001862 1.157196 1.334648 1.521047 1.714665 1.883571 2.288524 2.577787 2.778819 2.986273 2.755648 2.325727 2.406217 2.310858 2.268531 2.101233 1.85937 1.606653 1.646408 1.67807 1.559599 1.755793 2.014262 2.490142 1.94297 1.044965 1.326983 1.364301 1.242165 1.165412 0.6436449 0.5638837 0.6194537 0.6644839 0.848316 0.9940879 0.8682596 0.7329286 0.5628107 0.6843938 0.6552236 0.7444253 0.871276 1.06848 1.269205 1.427284 1.465065 1.219754 1.760561 1.786392 1.736134 1.642936 1.979877 1.619734 2.016372 2.079932 2.090388 1.825337 2.021593 2.099415 1.885854 1.877006 1.595829 1.332914 1.048586 1.209551 1.726828 1.998346 2.354813 1.981462 1.912334 1.722407 1.553016 1.744478 1.587433 1.65815 1.970426 2.059754 1.78933 1.712806 1.631756 1.579326 1.370903 1.203669 1.253887 1.227859 1.043518 1.054289 1.017309 1.007519 0.7905956 1.252283 1.530396 1.539443 1.470723 1.831487 1.87099 2.237821 2.741174 3.120054 2.844411 2.501684 1.851383 1.498762 1.176644 0.9839749 0.8542885 
0.9230779 0.8346559 0.8963185 1.225932 1.414092 1.692043 1.841495 2.079212 2.621084 3.130162 3.418746 2.841858 2.520936 2.431949 2.345192 2.250856 1.931407 1.576023 1.370678 1.534956 1.658627 1.514138 1.704437 2.029085 3.122595 2.946447 1.577543 1.489829 1.399371 1.256539 1.007194 0.571972 0.4276063 0.3978013 0.6518362 0.7529418 0.853282 0.9970384 0.7067443 0.01665237 0.5870463 0.6725987 0.7900804 0.9284339 1.038201 1.154433 1.384623 1.323004 1.19789 1.721049 1.750164 1.708459 1.454556 1.996838 1.665865 2.041741 2.08468 1.996497 1.813187 2.040524 2.224329 2.236475 2.084863 1.496172 0.9451107 0.9948421 1.099074 1.718585 2.176873 2.598363 2.474858 2.096468 1.660288 1.404092 1.653909 1.566621 1.660248 1.985443 2.235443 1.818446 1.713073 1.770588 1.53061 1.343502 1.201208 1.241129 1.207438 1.042227 1.044914 1.067801 0.9644501 0.8071488 1.253284 1.187805 1.240144 1.291496 1.598119 1.757121 2.511184 3.086567 3.758815 3.373781 2.895201 2.118805 1.696134 1.368834 1.195872 1.050529 
0.8156748 0.4231704 0.4961497 0.9796941 1.134111 1.421398 1.762967 1.982309 2.515893 3.273881 3.827344 2.441587 2.329864 2.483619 2.440372 2.323171 1.890942 1.487357 1.211596 1.279161 1.578483 1.447758 1.540586 1.619831 1.423688 1.307619 1.112572 1.456139 1.495052 1.053853 0.9564006 0.606235 0.2613854 0.08882951 0.5011055 0.5233259 0.5897587 1.222325 1.178246 0.7079558 0.7402332 0.6663466 0.7251503 0.8070977 1.098666 1.090704 1.366287 1.134083 1.29154 1.730187 1.634625 1.657968 1.690894 1.979399 2.080702 2.068676 1.776091 1.756559 1.748844 1.938022 2.36888 2.956674 2.470142 1.50236 0.8698226 0.9765422 0.8719068 1.75771 2.494626 3.184457 2.688133 2.052955 1.499303 1.088643 1.180012 1.602802 1.888214 1.938201 2.034666 2.02493 1.71415 1.700489 1.594291 1.417659 1.190815 1.227431 1.194915 1.038702 0.9981851 1.016493 0.9830042 0.8276907 1.269505 1.179326 1.000781 0.9952561 1.088374 1.497791 2.563795 3.58942 4.559251 4.250558 3.300775 2.603441 1.766889 1.416242 1.252501 1.455049 
0.8392845 0.2776644 0.3420556 1.053397 0.386881 0.9522709 1.685646 1.61535 2.355342 2.273018 2.292254 1.088126 2.197355 2.647908 2.567716 2.794468 1.760298 1.24483 1.002905 1.230337 1.168459 1.402387 1.36264 1.205361 1.227112 1.229982 1.36183 1.627428 1.534852 1.295455 0.8739333 0.7154433 0.6532633 1.116089 1.497948 1.140143 1.628034 3.297299 1.729479 0.7046984 0.5895815 0.629169 0.6160938 0.865096 0.8161346 0.6735527 1.239402 1.89828 2.070098 1.719284 1.078384 1.557406 2.10255 2.156533 2.157365 2.112394 2.089076 1.761462 1.644814 1.764692 2.166575 3.404005 2.245824 1.512816 0.6166989 0.5693192 0.7172824 1.88646 2.539305 3.913132 2.656121 1.691467 1.036503 0.8969882 0.9952077 1.377867 1.862532 1.855936 2.039424 2.10679 1.703022 1.721585 1.473418 1.186699 1.156259 1.215856 1.044059 1.034995 0.9997755 1.153129 1.305729 0.8528701 0.9060588 1.205517 1.007865 0.5925845 0.3786565 1.101927 2.519516 4.139284 5.758878 5.018749 3.596062 2.534669 1.672802 1.464314 1.190284 0.9103031 
1.33059 1.197661 1.312409 1.454092 1.452832 2.410158 3.220105 4.799279 2.280634 1.02126 1.921113 2.950303 4.247375 3.14061 2.52429 1.86709 1.445502 0.5977778 0.8894468 1.432531 1.374288 1.235948 1.236727 0.8072515 0.368462 0.985682 1.362534 1.59354 2.155938 1.78676 1.169347 0.8471242 0.3143012 0.165152 1.969745 1.306477 1.080064 3.418009 0.8606167 1.816531 0.8963779 0.5557471 0.1295127 0.7356957 0.7357866 0.6654736 1.402313 3.529109 2.986292 2.211246 0.29616 1.419312 3.877428 1.878892 2.137999 2.102458 2.222781 1.995136 1.447863 1.366579 1.645172 1.485958 0.7620252 1.286126 0.3921283 0.2708681 0.357852 1.364737 2.224378 2.262348 1.914232 1.373939 0.6763634 0.5392814 1.187755 1.400346 1.561109 1.492596 2.043145 2.390778 2.034108 1.335926 1.387667 1.015481 1.111721 0.9801228 1.065542 1.007907 0.9913317 1.427943 1.381643 1.008916 0.9443619 1.648858 1.130004 0.484582 0.171477 1.022078 2.289887 3.697138 5.2959 4.627281 3.038565 2.243691 1.428685 1.251348 0.9655452 0.9147328 
1.759264 2.079679 2.401595 1.703405 1.391407 1.050378 2.705942 3.063576 1.93989 1.610643 1.840393 3.320172 4.775337 3.078455 2.850248 2.395067 1.810207 1.358637 1.792956 2.132269 1.560483 1.351879 1.123785 0.7284142 0.2319689 0.8945828 1.29788 1.492199 3.845798 1.938706 1.949951 0.9772347 0.5558663 0.9015849 1.18225 0.9771647 0.5142596 0.1346518 0.975355 0.9946694 0.9130806 0.9228514 1.045392 1.091615 0.7893258 1.560945 2.915841 1.387908 1.746835 2.105994 1.66257 2.423249 0.620548 0.2114476 1.912286 2.916926 3.105558 1.515756 1.393554 1.718126 1.33375 2.894597 0.1500311 1.377006 0.8995889 0.3518763 0.1717628 0.6323697 2.433568 1.104721 0.1371222 1.899665 1.36144 1.80203 1.538128 1.101403 1.332509 1.962509 3.091053 2.991616 0.7673355 1.55249 1.126091 1.114009 1.143543 0.8456 0.9467848 0.9493716 1.039501 1.810489 1.410476 1.054132 1.49558 1.727443 1.378019 1.237804 0.9886242 1.090392 2.06535 2.674048 3.978058 3.491464 2.559405 1.882837 1.372069 1.115964 0.8737292 0.841309 
1.956945 2.479249 3.901204 2.360996 1.525282 1.768104 1.582897 1.624255 1.55272 1.329667 0.9510015 0.7455565 1.891032 2.53074 4.591629 3.66809 2.310519 1.482771 2.022335 2.340843 1.654275 1.735126 1.003129 0.9632535 0.7225132 1.071509 1.435905 1.85443 1.692056 1.2478 0.328957 0.7914036 0.6196827 1.406031 1.228065 1.030826 0.9264672 0.8801963 0.9819553 0.9173344 0.9139776 0.9366938 0.8163028 2.235804 0.5562302 0.3171059 1.806668 1.352988 0.907163 1.994787 3.189784 1.044993 0.7494406 1.190412 2.625428 1.420408 1.187517 0.7044882 1.288702 0.4099184 0.8420846 1.086511 1.957271 1.919025 2.095892 0.2071047 0.524038 2.110331 2.663305 1.685903 0.7525146 1.44878 1.429511 0.46586 1.113088 0.9493548 0.9811983 1.198745 1.785212 1.987815 2.913682 1.896547 2.7289 1.603335 0.9755237 0.932203 0.971011 1.166165 1.02452 1.850115 1.49424 1.213567 1.389214 1.690515 1.581687 1.469103 0.96154 0.9861288 1.458019 2.649063 3.55048 3.952296 2.474636 1.472879 0.9831197 0.8478116 0.7787163 0.7818418 
1.640537 1.601894 2.215094 2.146664 1.813942 1.512496 1.131764 1.163235 1.132713 1.016184 0.9474371 0.8337822 0.6455672 1.3676 3.640881 2.879641 2.342867 2.52868 1.005472 1.079147 1.616675 1.365142 1.16216 0.8037122 0.5358505 0.7398962 1.655576 3.239944 1.926535 1.184863 0.9188602 0.5948211 0.4399667 2.129573 1.058454 1.056564 0.9898328 0.8352789 0.1925451 0.8651133 0.9461516 0.5482058 1.037659 1.005776 0.9100068 0.6022137 1.254062 2.611024 0.918939 1.727556 1.058941 1.502145 0.9033867 2.131153 1.700957 1.652699 1.381313 0.7775924 1.042335 0.5411315 1.185049 2.925348 2.061145 3.543885 2.1354 2.102264 0.8612821 3.239807 1.747846 0.3666708 0.6640705 1.54306 3.067591 0.3316171 0.469777 1.0275 0.8538641 0.797735 0.6876471 0.1717922 1.720281 0.007307747 0.919402 1.145859 0.3423064 0.808744 1.0061 1.235359 0.9553701 1.845271 1.631559 1.61385 1.198166 1.262066 1.924731 1.137145 0.9796094 1.005013 1.387782 2.187417 3.11879 2.740985 1.421914 0.9754132 0.6929958 0.5889739 0.7258833 0.7380043 
1.188949 0.2933592 0.5222738 1.68112 1.589131 1.207365 0.468096 0.588428 1.079037 1.184229 1.303769 1.515626 1.072815 1.210793 1.684702 1.01439 1.744867 2.896082 1.581134 1.658019 1.914117 1.540111 1.302573 0.7444051 0.5267676 0.6314039 1.188246 1.977203 1.276189 1.150542 0.5074826 0.5208451 0.8124976 1.073492 1.048778 0.9964278 0.9440839 0.6327755 0.5470007 0.9595556 0.9510193 0.5439943 1.138574 1.145021 0.966119 0.9263776 0.4607883 1.32005 2.039919 1.43237 1.648429 1.859803 2.788303 1.894277 1.029373 1.851946 1.544001 0.6883631 1.234771 1.392354 2.014594 0.8693327 1.33628 1.060432 1.279165 0.4501458 0.7977428 1.809876 1.125031 3.514471 0.6971332 2.182258 1.665448 0.7516347 0.5602542 1.965865 1.302185 0.1424171 0.1040428 0.3520385 1.118355 1.19631 0.3112822 1.987942 1.316938 1.145306 1.406115 2.303561 1.174384 1.346516 1.035551 1.263843 2.127899 1.420111 2.118706 1.05262 0.878592 0.7254689 1.866561 1.848958 2.601924 2.078248 1.117264 0.9393668 0.524995 0.2466481 0.6321088 0.7326549 
1.41678 0.9640925 1.30448 2.025252 1.842328 1.275458 0.8293318 0.9691222 1.301901 1.30957 1.387967 2.654701 2.729919 1.489268 1.13324 1.319271 1.251419 1.575674 1.666708 2.097617 2.303139 3.420466 2.54777 1.20592 0.8653168 0.9848887 1.062396 1.035379 0.340618 0.1275267 0.3533397 0.8809567 0.4127958 1.002019 1.085048 0.7256545 0.5740571 0.8893209 0.6556046 1.029132 0.9475356 0.7424746 2.056155 1.175658 1.050987 0.06250697 2.602017 1.255508 1.128099 1.78339 1.83859 3.0182 0.8312117 3.867767 0.4351087 1.862815 0.9618956 0.3042701 1.307363 0.9053854 3.97834 0.5348653 1.179038 1.371345 0.9863803 1.044356 1.920765 0.4466032 0.3926314 0.1259482 2.810866 0.324594 1.141116 0.7915317 0.4465704 1.409363 0.5907657 0.8764396 0.9129495 0.7231987 0.5952873 0.6947086 0.2632944 0.7323088 1.019896 1.032852 1.437609 1.312712 0.8927743 1.048422 3.594321 1.164366 1.970749 1.545013 1.383132 0.9267068 0.4935045 0.9223666 0.8947192 3.89835 3.427555 3.352873 0.5663853 0.3090901 0.9805152 0.9198132 1.004949 0.856849 
1.998882 2.162859 2.806607 3.314074 2.560769 1.664058 1.24387 1.528082 1.946323 1.111197 1.192728 2.564811 2.408246 1.085652 0.2733328 1.528384 1.946895 1.641177 1.142043 1.597814 2.447932 3.573097 2.765002 1.528318 1.036099 0.7912771 0.7999755 0.8051165 0.1707322 0.02427183 0.3355053 0.8826056 0.8207794 1.168781 1.187318 1.129521 1.70034 1.486124 2.220503 0.9079076 0.9274488 1.861371 2.862054 1.711852 1.295048 1.374379 1.725295 1.853044 3.136647 1.434785 2.401763 2.677453 3.107572 1.847568 3.918003 0.9624959 0.8566926 1.112369 2.438111 1.595317 2.110184 1.05527 0.7857658 1.35436 0.3824635 2.756802 0.4979109 1.299495 0.1720792 1.114817 1.290305 0.4123839 1.624384 1.066087 1.061541 1.414479 2.501575 1.481914 1.942947 0.3289346 0.1396751 0.1565467 0.5446883 1.226999 0.5945382 2.027478 1.076535 0.4584811 3.109354 0.04391398 1.440625 1.455024 0.08274134 2.204271 0.9446502 1.46106 2.524232 3.101776 3.095888 2.20395 2.145358 1.307743 0.02559002 0.8658233 2.346208 0.1385903 0.8252742 0.8082327 
2.616893 2.874259 3.424372 3.929168 3.02751 2.008466 1.583281 1.651528 1.684982 1.501894 1.521547 1.890213 1.958681 1.426436 1.274799 2.086005 3.036995 1.758294 1.225547 1.434047 2.099867 3.151698 2.352244 1.365146 0.8482822 0.4574671 0.5765048 0.5729225 0.2330081 0.2808384 0.1475639 0.4552207 3.100165 1.776211 1.325383 1.058862 2.213208 2.22847 1.984241 1.127776 0.6282578 1.32229 3.783567 1.463218 0.008630779 0.4123993 1.43059 1.125821 1.579296 2.391479 2.147815 1.855914 3.315666 2.515945 2.517782 1.484932 0.2083939 2.285307 2.881523 2.987447 0.07754819 0.2242188 0.7281942 0.6020814 0.5070855 2.296804 2.585679 1.317605 1.041351 0.7488962 0.7164719 0.6216962 1.243247 1.477335 1.151491 0.4686374 0.8631268 0.9099327 0.5471241 0.7969183 1.395454 1.373387 1.888164 1.028528 1.140735 0.9100432 0.5117295 0.9257108 1.744108 1.811231 1.403925 1.15427 2.683841 2.239568 1.742153 1.597118 1.554373 2.636498 1.63677 2.372647 1.4258 0.8213611 3.321581 0.8535143 1.482238 1.280244 0.6285403 0.741584 
3.128835 3.475747 3.343691 3.244478 2.781224 2.121027 1.858447 1.697416 1.643503 1.521306 1.554083 1.782612 1.76824 1.596016 1.573477 1.827684 1.724047 1.132531 0.1012591 0.3757479 0.7546892 1.466599 1.024815 0.8826564 0.5044823 0.02884036 0.4171928 0.442386 0.4967554 0.8381084 0.6581008 0.9904618 1.55508 1.526375 1.327134 0.4667153 0.914156 1.768877 1.873831 1.307696 1.185062 1.815078 2.559007 3.353555 0.8194615 0.2499096 0.8374991 1.332409 1.753329 2.71017 2.015287 1.2327 3.208292 2.434511 2.060252 1.296346 3.758759 2.532013 2.684258 2.161363 1.216028 0.6051027 0.5362794 0.7790216 0.5817183 0.5892259 1.122071 1.453301 1.116466 0.6953377 0.6876764 0.7667903 1.044056 1.254795 1.203583 1.05844 1.02111 1.026185 0.6519105 0.4292938 1.191853 1.860473 2.753444 1.379402 1.08305 0.9473727 0.5691535 0.7963744 1.376976 0.7458374 1.325233 2.044488 3.360631 2.813564 2.109464 2.008849 2.129194 3.034268 2.728154 2.782019 1.622415 1.353543 1.276295 0.7501088 1.534276 2.194086 1.458472 1.057767 
3.37169 3.987322 3.579093 2.976218 2.548943 2.027619 1.85906 1.871477 1.679732 1.514953 1.516177 1.720089 1.716444 1.622395 1.590657 1.498327 1.301568 0.9738327 0.4820185 0.476552 0.6431572 0.6919307 0.03828928 0.438334 0.5141055 0.2075789 0.4250413 0.5837286 0.5682451 0.7337827 0.8801975 1.535547 1.905209 1.457432 1.392369 1.22359 1.256086 1.518586 1.816684 1.350193 1.689139 1.796832 1.83825 1.191618 0.8450896 0.8995747 0.9123381 1.38823 1.749481 1.856819 1.895205 1.966676 2.302305 2.054054 1.991463 1.906102 1.870342 2.042864 2.525953 1.74782 1.40712 0.7165241 0.5345424 0.5698027 0.5858178 0.8130416 1.179758 1.434196 0.9252847 0.7166001 0.7217371 0.9626968 1.323116 1.404089 0.9206042 1.044603 0.9510434 0.734017 0.532008 0.1933229 0.8259059 1.429845 2.004731 1.502657 1.104347 1.00001 0.6694508 1.075247 1.246286 1.344314 1.746666 2.342664 2.839228 2.618189 2.181074 2.017038 2.299648 2.44504 2.628202 2.44472 1.774171 1.632275 1.556045 1.379425 1.45624 1.539267 1.431791 1.174229 
2.923108 3.407095 3.184372 2.721833 2.366128 2.047217 2.0407 1.959264 1.820731 1.646745 1.672043 1.695206 1.689604 1.655473 1.486523 1.382086 1.308532 0.847486 0.876357 0.8909315 0.8808025 0.7149996 0.2882118 0.4492318 0.5566947 0.4546981 0.4056067 0.5128729 0.5530108 0.7969021 0.9547982 1.329407 1.544103 1.39267 1.42812 1.536592 1.338465 1.507366 1.7665 1.780975 1.635105 1.627955 1.403333 0.5165834 0.5272133 0.859399 0.841298 1.321266 1.683198 1.720999 2.049987 2.081686 2.428701 2.106951 1.990752 1.728903 1.130908 1.648109 2.296154 2.027166 1.075973 0.6925273 0.5480897 0.6930887 0.8692871 0.9061438 1.260794 1.284442 0.9282635 0.6750091 0.6488062 0.9944138 1.483277 1.466946 0.8012636 1.045584 0.6531487 0.6401859 0.4654794 0.3182228 0.7010661 1.03988 1.493051 1.467698 1.268573 1.020177 0.8731981 1.156119 1.194482 1.532721 1.828655 2.336565 2.477921 2.494883 2.554158 2.608944 2.553114 2.365902 2.453131 2.336444 1.625439 1.33752 1.341703 1.453845 1.40388 1.349877 1.04167 1.188363 
1.786092 2.174752 2.354637 2.288134 2.104133 1.948066 1.971984 1.938654 1.872141 1.811525 1.666283 1.67905 1.662257 1.565409 1.436092 1.331262 1.005614 0.8986179 1.181401 1.113899 1.024292 0.9217501 0.5912566 0.6243621 0.6314377 0.4827119 0.4445372 0.4630957 0.5552142 0.7841616 0.9326856 1.11065 1.228964 1.532591 1.397763 1.650549 1.648468 1.486384 1.945686 1.710571 1.618513 1.525879 1.327697 0.9096776 0.8061554 0.7112584 0.8034683 1.149183 1.417235 1.673062 1.950081 2.106359 2.200704 2.239483 1.973478 1.914762 1.632941 1.888798 2.100929 2.086818 1.12255 0.7084665 0.5434387 0.6638466 0.8814728 0.9581139 1.075868 1.40325 0.7008464 0.7240165 0.6362944 1.223878 1.543015 1.493454 0.7816288 0.7967121 0.6220036 0.3705102 0.621266 0.5367875 0.8549349 1.041643 1.409484 1.075887 1.334717 1.034612 0.8205429 1.160076 1.162615 1.599423 1.925276 2.330926 2.602995 2.104464 2.391929 2.372576 2.311157 2.333711 2.409935 2.44325 1.549086 1.284232 1.490309 1.409589 1.28496 1.142097 0.9517472 0.969281 
0.4974656 0.9295488 1.532306 1.826477 1.858568 1.82568 1.924686 1.878793 1.829545 2.018218 1.662085 1.658224 1.579257 1.531029 1.401801 1.249575 0.9954168 1.183587 1.114739 0.9584445 1.140011 0.8268864 0.7188521 0.6821259 0.5049356 0.5143375 0.4577383 0.4602489 0.5594219 0.7951148 0.8991227 0.9950267 1.089045 1.50235 1.451373 1.700574 1.695264 1.550959 1.867794 1.703559 1.543248 1.48599 1.364256 1.06512 1.045356 0.7840331 1.036016 1.182114 1.246188 1.649994 2.007418 1.923653 2.295932 2.243319 1.932252 1.866495 1.78975 2.018593 2.109257 2.079679 1.312102 0.7201067 0.5332784 0.6027357 0.917806 0.9950722 1.098392 1.409571 0.6887056 0.6325461 0.6269526 1.248184 1.580035 1.183521 0.7737279 0.7747846 0.6014518 0.3550352 0.6760632 0.6177343 0.9256175 1.031946 1.104008 1.042269 1.363746 1.310325 0.8284199 1.160333 1.210747 1.82636 1.939575 2.392995 2.720566 2.059511 2.188319 2.381763 2.302982 2.315688 2.186722 2.159703 1.951508 1.232888 1.441505 1.138508 1.167432 0.8427799 0.4598032 0.28785 
8.800714e-031 0.3753777 1.049118 1.5476 1.650406 1.844711 1.864883 1.851059 1.820611 1.978277 1.777948 1.641667 1.550889 1.505 1.381211 1.233354 0.9949041 1.221094 1.174578 1.020877 1.230189 0.8994229 0.7841966 0.7349994 0.5320759 0.6441275 0.4695601 0.4602812 0.5026792 0.7962416 0.8723102 0.9297194 1.014159 1.487369 1.444727 1.721743 1.579211 1.751121 1.859504 1.704149 1.525374 1.47783 1.400702 1.127944 0.9751392 0.8088034 1.06386 1.17939 1.271139 1.754655 2.00031 1.961993 2.300505 2.374115 1.944173 1.909626 1.847352 2.084937 2.130276 1.862767 1.31571 0.7266781 0.5264994 0.4791789 0.9457927 1.080197 1.117228 1.41928 0.7526911 0.6973209 0.6201443 1.19098 1.196681 0.9807307 0.7698051 0.6904291 0.5911517 0.4821156 0.7101079 0.6553476 0.8962907 1.034726 1.155591 0.8808613 1.368219 1.406558 0.8340705 1.160389 1.199405 1.905164 2.222696 2.600283 2.710651 2.093551 2.466583 2.383468 2.301344 2.16191 2.165378 2.219681 1.954721 1.445536 1.380551 1.043364 1.016563 0.6421329 0.1405318 0.03320754 
