rasters-bowlers/vinaykumar.asc
ncols         108
nrows         21
xllcorner     -3.075
yllcorner     -1.575
cellsize      0.15
NODATA_value  -9999
6.763084e-008 0.1033573 0.3586251 0.6341752 0.7416269 0.8969089 1.021107 1.132868 1.436298 1.678593 1.841987 1.997582 2.109662 2.18331 2.159186 2.192954 2.03668 2.015309 1.944406 1.865576 1.772503 1.674339 1.535346 1.464999 1.342691 1.232095 1.048994 0.8864033 0.873702 0.8562377 0.8401567 0.7912933 0.7555691 0.765231 0.7755705 0.9805528 1.033111 0.9734622 1.115828 1.264742 1.281764 1.180741 1.29645 1.56009 1.787086 2.129419 2.173243 2.294595 2.350674 2.367099 2.482251 2.481413 1.65029 1.643841 1.474804 1.106178 1.062859 1.135635 1.212403 1.102623 1.179858 1.321118 1.349385 1.4641 1.338822 1.278726 1.18016 0.88583 0.7940387 0.6672915 0.4728446 0.4354073 0.5213367 0.6641343 0.6659338 0.8576612 0.7836061 0.6417914 0.8545055 0.9075853 1.560194 1.643746 2.082433 2.108127 1.990888 1.844218 1.748754 1.900061 1.762754 1.288684 1.153655 0.9678185 1.178071 1.300036 1.289864 1.630052 1.529907 1.62894 1.71951 1.790899 1.761614 1.710911 1.664161 1.438229 1.131894 0.7044412 0.1655541 0.03817978 
0.105671 0.2130035 0.4564735 0.7074558 0.7817177 0.9179067 1.026444 1.127861 1.409504 1.566834 1.862001 2.106036 2.228501 2.336868 2.310095 2.297476 2.20351 2.066993 1.987738 1.900444 1.792386 1.672581 1.529298 1.446166 1.321531 1.218897 1.098549 1.080457 0.8769571 0.8536205 0.967015 0.7919349 0.8065041 0.7881185 0.8075971 0.9380063 1.025732 0.9770999 1.103518 1.238117 1.265905 1.219175 1.224518 1.344846 1.545529 1.988281 2.1254 2.322693 2.246008 2.491069 2.472373 2.45155 2.052552 2.015067 1.269467 1.036025 1.0332 1.070156 0.9317149 1.05903 1.165057 1.339499 1.413618 1.549092 1.427057 1.332945 1.193827 0.8704779 0.7535708 0.6865461 0.4004571 0.4374648 0.5295032 0.6056291 0.9185054 0.8502719 0.9067367 0.6376009 0.829913 0.8918042 1.547457 1.653858 2.184707 2.351429 2.271083 1.848117 1.709067 1.750335 1.460095 1.252832 1.242374 0.9735362 1.15517 1.255416 1.252055 1.550394 1.498244 1.622651 1.743504 1.851107 1.926172 1.903655 1.845838 1.556591 1.21657 0.861028 0.4771896 0.3171225 
0.367349 0.4606481 0.6394033 0.8198743 0.9582397 0.9377202 1.022073 1.104857 1.245854 1.524964 1.892374 2.176592 2.455806 2.596017 2.554782 2.437612 2.272527 2.080889 2.039736 1.946182 1.870862 1.57837 1.786188 1.678919 1.441184 1.119043 1.216569 1.15906 0.8808595 0.8498868 0.9123515 0.7912188 0.7755699 0.8204039 0.8636541 0.9536648 1.018075 1.014327 1.04544 1.063692 1.25239 1.31325 1.185544 0.9151011 0.6495761 1.624166 2.31649 2.414357 2.333373 2.513521 2.43931 2.736331 2.036003 1.992924 1.093175 1.03048 0.9938599 0.8257924 0.8436724 0.9858214 1.135901 1.365739 1.616587 1.741175 1.56926 1.408819 1.204077 1.112325 0.6926578 0.4101039 0.38629 0.4981238 0.5413041 0.6171308 0.9020391 0.8396903 0.8935195 0.6974553 0.6895596 0.9924738 1.644783 1.677693 2.234858 2.424704 2.254584 1.860111 1.648426 1.588589 1.158132 1.195181 1.221981 0.9883929 1.126002 1.10934 1.190662 1.287885 1.443214 1.603776 1.763963 1.908415 2.063069 2.351345 2.201987 1.691791 1.223362 0.9382755 0.7197835 0.6479215 
0.6561852 0.7024165 0.8125114 0.9214002 1.004414 0.9465399 1.003106 1.059095 1.173617 1.466252 1.753456 2.241226 2.713065 3.054528 2.978952 2.615216 2.330291 2.149969 2.120709 2.056909 1.905299 1.592548 1.754484 1.629593 1.495476 1.123816 1.189915 1.137489 1.043395 0.9638903 0.903494 0.7915679 0.8093511 0.8742918 0.9558041 0.9768268 1.012637 1.001426 1.01202 1.029798 1.228334 1.368258 1.400211 0.9155325 0.2223212 1.781034 2.537875 2.468159 2.467607 2.532673 2.632404 2.188842 2.081464 1.60717 1.126414 1.036632 0.9436511 0.7332612 0.6969594 0.8589158 1.08344 1.393466 1.778108 2.016802 1.981356 1.549442 1.444673 1.050459 0.605013 0.3612528 0.309148 0.4916171 0.6159501 0.6412997 0.8768032 0.920283 0.8768804 0.8630851 0.7899238 1.115185 1.8613 2.104389 2.506505 2.520469 2.31846 1.895943 1.568418 1.312385 0.9233583 1.108286 1.226678 1.020547 1.08174 1.032556 1.084835 1.191183 1.411265 1.56672 1.791103 1.955771 2.126022 2.925049 3.196214 1.726889 0.997501 0.7114208 0.6710135 0.6222128 
0.7610781 0.8028868 0.9243534 0.9859442 1.028385 1.046754 0.9734328 0.9993469 1.068505 1.236464 1.642377 2.155745 2.9517 3.708515 3.590194 2.744124 2.33824 2.250005 2.24903 2.172978 1.843375 1.584635 1.696279 1.56847 1.459925 1.129954 1.142002 1.098933 1.02665 0.9161888 0.9116756 0.8798928 0.7969921 0.8552933 0.9577417 0.9553912 0.9493526 0.9710856 0.9473901 0.9246982 1.141683 1.45916 1.715598 1.919978 2.213873 2.784436 2.727782 2.685987 2.67972 2.565985 2.180974 1.610375 1.92204 1.711829 1.09407 1.072612 0.930208 0.5914128 0.3542671 0.628476 1.01748 1.380813 2.052737 2.826801 2.519427 1.604007 1.336581 0.9597487 0.5538346 0.282499 0.2575068 0.5210081 0.7027262 0.8805335 0.7960926 0.850595 0.8568025 0.7971325 0.7401699 0.9871995 1.669771 2.12562 2.724681 2.706419 2.372801 2.000051 1.528609 0.7681178 0.375842 1.085191 1.353952 1.070415 0.9818779 0.9076424 0.8821903 1.00443 1.304298 1.49748 1.882321 2.102217 1.859898 1.65525 3.772806 0.9698338 0.6239436 0.1030869 0.5024988 0.2206705 
0.8479937 0.8813512 0.9242101 1.015471 1.035248 1.027707 0.9444621 0.9715109 0.9713904 1.080266 1.384133 1.979119 2.724779 3.621302 3.455814 2.538479 2.261305 2.485115 2.586557 2.312566 2.068106 1.885683 1.618336 1.431693 1.456754 1.237313 1.066488 1.042465 1.096891 0.9583617 0.995527 0.8417225 0.7697677 0.8318878 0.7830278 0.9040632 0.9510564 0.9776327 0.9472613 0.4818671 0.9915407 1.677026 2.104178 2.716191 3.104768 3.7963 2.555175 3.014369 3.181258 2.609863 1.445026 0.8755602 1.768229 1.816488 1.233691 1.122016 0.727625 0.3594128 0.1427106 0.41152 1.029016 1.216898 1.998501 3.968421 2.610265 1.826674 1.458484 0.8431759 0.4137094 0.09196702 0.1399125 0.4149799 0.722145 0.8512095 0.7483259 0.6362813 0.8330356 0.8005885 0.5982059 0.6950327 1.278 2.048061 3.455359 2.989108 2.134426 2.366744 1.586203 1.021044 0.7136566 1.392015 1.672602 1.098088 0.5973191 0.8103741 0.535237 0.4936988 1.180977 1.194753 2.357032 2.948789 1.00055 1.259699 0.1943062 0.2103127 0.3125059 1.723525 1.576681 0.5998366 
0.8530863 0.8898347 0.9440398 0.9845403 0.9946966 1.014842 0.9681222 0.9453594 0.817573 0.8752484 1.226179 1.601821 2.153611 2.479341 2.409737 2.047826 2.034269 2.741444 3.015018 2.315913 1.986576 1.720393 1.30849 1.224407 1.765474 1.30626 1.071647 1.17769 1.17786 0.823086 0.5250221 0.6650218 0.8408539 0.9019386 0.7664448 0.7958207 0.8994213 0.9482434 0.9851593 0.7909266 1.032677 1.362413 2.45464 3.767362 3.176107 3.292435 2.220368 3.428884 3.485072 2.552678 1.120721 0.6190112 1.918036 2.044296 1.418124 1.237738 0.8634319 0.4162194 0.4530894 1.279344 1.159472 1.004275 1.389325 1.640486 1.860915 1.678424 1.160797 0.6090546 0.249437 0.002298039 0.06585091 0.3761347 0.8509263 0.8561092 0.7819656 0.8526682 0.9972448 0.9624161 0.5894474 0.8072915 0.9093562 1.972448 1.343383 3.926118 1.310931 2.298473 1.159667 1.075235 1.53335 1.808098 3.184837 1.336078 0.201999 0.8179973 0.5811193 0.5325309 1.024055 1.458445 3.933008 2.890376 1.855813 1.252861 0.9404213 0.7098769 0.7021458 2.84467 2.697291 1.487115 
0.7642257 0.8174478 0.9241036 0.9958696 1.011411 1.009071 0.9321783 0.5845497 0.04050186 0.673493 1.191113 1.426447 1.59606 1.820407 1.669832 1.596089 1.543212 1.682882 1.555762 1.635106 1.756192 1.691926 1.00139 0.1987866 1.667335 1.385365 1.336603 1.483606 1.283902 0.8813196 0.1829679 0.5212128 0.573842 0.7634379 0.6883172 0.6762407 0.8268098 0.9824862 1.366651 1.124656 1.126696 1.351465 2.32535 3.198182 2.824825 2.430812 3.511225 2.608426 0.5229279 2.088225 2.439202 2.353118 3.094866 2.181909 1.807126 1.693546 1.216422 0.8539287 1.039796 1.431881 1.162515 1.163908 1.177127 1.511259 1.85829 1.631779 0.1766177 0.9079426 0.3090479 0.4180188 0.1857386 0.7310587 0.8540587 0.3585203 0.9508126 1.396251 2.247939 1.370326 1.086108 1.944752 1.932535 2.17966 3.454717 1.958687 0.8314262 3.368068 0.9357134 1.495511 1.479951 1.724255 2.420524 0.257678 1.097103 1.035432 0.9949327 1.097599 1.272564 1.75397 2.35934 2.372928 1.948022 1.680369 1.292024 1.198604 1.025685 1.587148 1.613735 1.260824 
0.5399307 0.6049548 0.8523234 1.000135 1.002365 1.039774 0.9791573 0.7375786 0.5846021 1.230306 1.423893 1.375054 1.397935 1.606098 1.459513 1.267324 1.141456 0.8500473 0.7684559 1.202554 1.653046 1.761244 1.69895 1.672085 1.605748 1.061026 1.591957 1.623655 1.50991 1.498971 1.066819 0.4592563 0.03926479 0.1857928 0.7341405 0.959106 0.7818124 0.6492248 1.089352 1.184843 1.17256 1.274574 1.583719 1.866607 2.559591 1.861992 1.928698 1.845333 1.433446 2.100826 3.685631 3.672067 2.997689 1.652077 1.574695 2.85867 1.018407 0.9739757 0.8674693 1.050874 1.067804 1.051848 1.375713 2.203849 2.240635 1.467717 1.68866 2.107713 1.893528 0.5752777 0.3628479 1.010756 0.1425669 0.7976564 1.213749 1.214736 1.495564 1.185539 1.146507 1.344762 1.382809 1.855222 1.959286 1.392792 1.15478 1.198634 1.209166 0.9631969 1.119012 1.165595 1.349239 1.396096 1.444593 1.255945 0.9182324 1.073336 1.567006 1.772972 2.209594 1.920968 2.062143 2.0261 0.9519929 1.102696 1.135026 0.9122573 1.220897 1.192933 
0.2084595 0.2161777 0.7163214 1.029685 1.058671 1.122309 1.129631 1.127075 1.232137 1.935211 1.665938 1.316745 1.268906 1.595517 1.598751 1.182507 1.032648 0.9403701 0.8875764 1.202433 1.452838 1.922041 2.123915 1.776468 1.897061 1.962778 2.416026 1.600612 1.340067 2.676719 1.354076 0.5267976 0.5226831 1.112018 0.6852737 0.6677016 0.6181642 0.8018102 0.8242349 0.9468509 0.9543846 0.7769412 0.6750346 1.09676 1.345443 1.379668 1.114035 1.167064 1.227453 1.253275 2.542891 3.801955 1.206739 0.8204052 0.831425 0.7621778 1.065855 0.798608 0.835897 1.5572 1.365181 1.36832 1.123724 1.604564 2.512439 3.337344 1.903124 2.743614 1.165425 1.405858 0.4717619 1.026999 0.7808058 0.2529577 2.028826 1.03409 0.4718203 0.7793348 0.8425271 3.237305 1.919141 0.9243389 0.6901419 1.632843 0.7940841 1.054012 0.6673996 0.5980312 0.9101158 0.7310645 1.12595 1.572478 1.64889 1.505895 0.9848133 0.7151722 1.242018 1.808296 1.836807 1.603544 1.191635 1.788162 1.58516 1.114308 1.014098 1.079902 0.8956355 1.198458 
0.1570111 0.1415623 0.7993558 1.173172 1.279808 1.291234 1.240799 1.246683 1.220321 1.465917 1.362311 1.197364 1.024333 1.517717 1.801739 1.282439 1.133718 1.212965 1.06716 1.13348 1.722183 1.856092 2.039907 2.266442 1.272026 1.511204 1.672649 1.090803 1.219223 0.8616543 0.9531674 0.4069125 0.5084821 1.009355 1.230337 1.00964 1.662831 0.5560519 0.9114798 0.9997452 0.9965613 0.8196574 0.2614056 0.9309631 1.32076 1.395931 1.41225 1.622658 1.822875 1.302028 1.345857 1.05295 1.12288 2.106389 0.8965994 0.6358045 2.039579 1.320109 0.2514968 1.839352 1.353533 0.8839522 0.7667657 0.8925219 0.9603986 0.9247128 1.123834 1.849059 1.211667 0.8349742 1.574955 0.9717287 0.8304558 0.648774 1.005323 2.592238 0.7205265 0.694759 0.5585951 1.217967 2.331902 0.9462808 2.390825 3.110408 1.759117 1.222228 0.6889859 0.5554225 0.1768637 0.499408 1.188827 1.642044 2.219012 2.078666 1.169705 0.6544328 0.8966078 1.19729 2.106404 1.791901 0.7171327 1.95907 1.921865 1.4686 0.8271821 0.7875004 0.7799024 0.9141228 
0.6207843 0.7245442 1.250345 1.615311 1.626236 1.478093 1.184373 1.130047 1.202143 1.204592 1.072162 1.196697 1.033481 1.312952 1.476684 1.560598 3.817843 1.847087 0.7935492 1.412536 1.773396 1.295789 1.063952 1.743625 1.227502 1.115319 1.148241 1.20105 1.267843 1.450938 1.031215 0.8676158 0.7720609 1.166586 3.430548 1.692127 1.159474 1.175207 1.078672 1.061398 1.072445 1.128435 1.328068 1.178621 1.181453 1.044869 1.304655 1.792923 2.811445 0.9589278 2.783723 1.660972 1.693285 2.145272 1.539392 1.0006 1.599619 3.539243 2.903392 1.548187 1.0368 1.769716 1.198989 1.521034 1.418848 0.05383638 0.9937854 0.979922 1.02526 1.183775 0.369053 0.8584446 0.5646414 1.918445 0.7897229 3.487748 0.7590981 1.008439 0.8698167 0.0222175 2.316899 1.353395 1.310874 3.254681 2.974913 1.482866 1.086267 0.2625986 1.144363 1.122711 1.150724 1.062572 1.968276 2.916411 0.8539959 0.4932395 0.6388641 1.086394 1.972803 2.020274 2.409376 2.422857 1.477012 1.363848 0.6816747 0.7319429 0.5616711 0.9086139 
1.183483 1.403401 1.79704 2.237256 2.263846 1.887234 1.302285 1.185504 1.405416 1.28594 1.198023 1.35474 1.409916 1.4206 1.487245 1.367231 2.214423 1.556528 2.300776 5.138361 1.959395 1.453224 1.241631 1.318755 1.039157 1.055308 1.017582 0.9919485 0.989907 0.841113 0.9462813 0.8516785 0.2917412 1.000664 1.060704 0.2953237 0.9915453 0.9978372 1.038565 1.622545 1.516872 1.75031 2.591979 2.247653 1.743311 1.000276 1.361822 0.575564 3.802386 1.597078 2.028089 3.651224 2.648368 2.188236 1.544347 3.808396 1.900881 4.442976 1.855474 1.203424 1.017735 2.242738 2.027609 3.9142 0.7763256 1.349451 0.998022 0.2100966 0.677072 0.4942572 0.08440394 0.7258574 0.864218 1.906142 0.9839836 0.3529313 0.04499058 1.502301 0.7589493 0.8701013 1.732979 2.366069 1.996898 1.027129 2.346234 1.453295 0.8591105 1.920016 1.719233 1.798169 1.411191 3.564038 2.896335 1.154623 0.4962339 0.4304807 0.7253735 1.122399 3.545436 1.548868 1.066355 1.717305 1.184583 3.588398 1.217031 0.6245854 1.596809 2.09252 
1.678792 1.98797 2.471807 3.077709 3.25555 2.385285 1.832824 1.670494 1.659388 1.527617 1.351492 1.259841 1.708704 3.387675 2.545791 1.379184 1.719362 1.958801 2.37716 2.881803 1.540618 1.313683 1.033531 0.9426204 0.8875856 0.9323955 0.9261889 0.9595088 0.7266619 0.06707542 0.7742913 0.8012424 0.7995871 0.9416668 0.9545597 0.5166128 0.6492516 0.8697609 1.111487 0.1084998 1.844773 1.281753 1.171908 1.498893 0.0381492 4.282686 2.220013 2.435926 1.598317 1.553666 1.549177 2.981436 2.021184 2.13907 1.296833 0.1522001 2.577415 1.6157 1.100555 1.875962 2.909216 1.569463 0.1993146 1.393193 0.3210758 0.8353803 3.535936 2.15522 2.455077 1.557653 0.2383067 0.9862582 0.4965202 0.5986271 0.9743137 0.4873463 0.3324952 0.9207314 0.8236322 1.235023 1.418072 1.414899 0.668637 3.591402 0.3457235 2.222077 2.010905 2.936059 1.073608 1.850963 1.566757 0.9833864 3.880078 1.291127 1.36982 0.5994644 0.2112341 1.270776 2.163428 2.129518 1.077098 1.673684 2.600374 2.494112 2.340303 1.41688 0.7801923 1.378255 
1.898012 2.274553 2.831315 3.840395 5.76086 1.671856 1.876372 1.82906 1.916386 1.918586 1.539577 1.180989 1.282025 1.695796 1.897606 1.325877 1.747627 2.104717 2.292939 0.6875912 2.499494 1.859362 1.277496 0.8497688 0.5781053 0.8948591 0.9222479 0.8854111 0.9595993 0.9190568 0.8905097 0.5829797 0.5006589 0.9859564 0.7543145 0.3932835 0.8423901 0.6698254 1.109627 1.573505 1.169034 0.5882723 1.001568 1.24242 1.677074 2.501576 2.616529 2.023723 1.664417 1.217316 1.072365 1.339877 0.1587459 0.2977796 0.5983993 0.2272148 1.792317 1.730013 2.807258 2.028928 1.065707 0.8525334 1.505477 1.88841 1.586811 2.003946 3.263026 1.926164 1.500664 0.7801736 0.3975813 1.324972 2.420587 1.4106 0.7283752 1.00084 1.067166 1.17583 1.113394 2.758474 0.4249844 3.181346 1.721456 1.857305 0.5690594 1.155977 1.974211 2.213312 2.220846 2.128961 1.542637 1.88774 3.476666 2.478634 1.600796 1.076612 1.050922 1.557368 1.543769 1.59111 1.656132 1.146771 2.814228 2.429352 1.033119 0.7952937 1.327452 1.301077 
1.947193 2.269141 2.723825 3.320893 3.359297 1.922393 1.626063 1.744868 2.206239 3.037069 3.06296 1.706219 1.125981 1.159263 1.484236 0.9358336 0.9765103 3.648293 2.878343 2.0812 2.682646 2.421548 1.472387 0.9161213 0.6046929 0.9105443 0.8955081 0.8888625 0.9579051 1.662788 1.085968 0.949884 0.876171 0.8901288 0.7086027 0.6183128 0.6629482 0.6264114 0.9137518 1.011004 1.050228 1.000691 1.469801 1.716744 2.124667 2.695113 2.61203 1.979303 1.102685 1.006432 0.5947573 1.701437 2.616457 1.277452 0.6703529 0.6081068 1.774207 2.871609 2.875046 1.939962 1.001348 0.3013093 2.846817 2.34787 2.154755 2.272958 2.586767 1.580086 1.230764 0.09583037 0.7331773 1.347877 1.613027 1.465569 0.5173147 1.445724 1.2867 1.160129 1.982985 2.321609 1.313193 1.39612 1.87361 1.803462 0.6601453 0.9298072 0.5459402 1.752908 1.654683 1.784814 1.790103 2.120455 2.637521 2.39652 1.69683 1.409824 1.261537 1.21706 1.472226 1.355223 1.066092 1.026657 2.07356 2.147443 1.558114 1.079857 1.093946 1.381526 
1.788157 2.060138 2.372859 2.586921 2.411437 1.885323 1.579705 1.799389 2.313311 3.267663 3.430924 2.055656 1.390754 1.342624 1.318407 0.8681283 0.8939316 2.515907 2.964731 4.291736 5.01579 3.00121 1.733674 1.166225 0.9317835 0.9048559 0.9114932 0.8927564 0.758049 0.1903155 0.8727918 0.9328831 0.9984635 0.9047521 0.7133826 0.5825969 0.2205966 0.6066318 0.9951582 1.001715 1.075616 1.091894 1.426117 1.794946 1.645886 2.193522 2.584881 1.737574 1.214759 1.272225 1.485795 2.127105 2.446421 1.41378 0.05449268 0.6826459 1.920476 3.120318 1.156344 1.783075 1.421866 1.159622 1.524328 1.825096 2.166115 2.268824 1.962734 1.362934 1.204784 0.565933 0.9454543 1.207674 1.197956 1.406879 1.04588 1.107948 1.12063 1.657062 1.601067 1.886521 1.564647 1.46212 1.556247 2.11517 0.6353197 0.9045728 0.9624009 1.70361 1.916192 1.740104 1.900385 2.379166 2.661683 2.245512 1.671068 1.524223 1.287751 1.205276 1.433974 1.45671 1.650719 1.660989 1.885859 1.980209 1.822428 1.621511 1.092638 1.142984 
1.444391 1.69558 1.964421 2.140805 2.106828 1.926979 1.860096 1.953869 2.259963 2.602967 2.480461 1.987034 1.679116 1.516992 1.453927 1.409316 1.714839 2.372014 2.970238 3.79239 3.834678 2.900414 2.012838 1.392276 1.067649 0.9093799 0.9846423 0.9439977 0.8497818 0.7590474 0.9021628 0.9936501 0.9442835 0.8442146 0.7171322 0.6316023 0.5483224 0.7138767 0.8819197 1.017891 1.089549 1.056793 1.285393 1.784331 1.884142 2.184338 2.370147 1.821507 1.455061 1.439433 1.432443 1.814772 1.80264 1.386452 0.9240124 1.047137 1.739989 2.145704 2.019212 1.769742 1.531593 1.180102 1.149873 1.690443 1.88404 2.003628 1.878703 1.686989 1.380816 0.6722909 0.8879949 1.080799 1.310272 1.403789 1.130147 1.309213 1.325005 1.673812 1.469853 1.767638 1.569146 1.607058 1.459107 2.076249 1.051811 0.9841988 1.073513 1.437033 1.895687 1.630969 2.017047 2.34627 2.645017 2.149453 1.644793 1.627821 1.54862 1.164052 1.342857 1.264746 1.737882 1.613053 1.856292 1.81704 1.61934 1.396246 1.076301 1.010236 
0.8810529 1.14907 1.541463 1.823895 1.923424 1.910239 1.970271 2.028561 2.162343 2.266172 2.045862 1.958126 1.793053 1.807116 1.821621 1.810628 2.004633 2.234224 2.82227 3.171518 2.972907 2.580724 2.050037 1.490892 1.176281 1.068998 0.9444751 0.9364035 0.9031772 0.8560381 0.9054729 0.9567693 0.9171673 0.8815327 0.7713596 0.6897983 0.6523187 0.8010502 0.9321681 1.01306 1.083796 1.219982 1.309246 1.81129 1.949451 2.019714 2.278677 1.848763 1.591177 1.558883 1.397966 1.416763 1.382945 1.410383 1.276263 1.286815 1.614984 1.807935 1.793202 1.735779 1.754815 1.442956 1.363683 1.675843 1.801854 1.756889 1.762979 1.75587 1.490461 0.9442831 1.192716 1.044551 1.253056 1.400911 1.335211 1.330306 1.320093 1.658829 1.691303 1.716087 1.818177 1.621867 1.437374 1.668407 1.078983 1.088026 1.173785 1.470288 1.895611 1.690938 2.044496 2.375101 2.358889 2.100974 2.297159 1.641098 1.71864 1.139117 1.332088 1.276895 1.830846 1.654938 1.466559 1.360396 1.14924 1.221566 0.828142 0.6420985 
0.2694674 0.5581571 1.111753 1.540018 1.755752 1.940041 1.979458 2.029437 2.097326 2.11948 2.066695 1.885226 1.817867 1.967794 1.920259 1.971548 2.123354 2.220222 2.688027 2.6037 2.577534 2.362613 2.028026 1.547674 1.25177 1.169002 0.9188625 0.9216766 0.9188188 0.9128889 0.8917764 0.9037988 0.8906412 0.8653889 0.7725675 0.7227196 0.6973059 0.7105533 0.9539927 1.015427 1.072295 1.240222 1.307169 1.883604 1.95221 2.000293 2.216505 1.915726 1.653721 1.554957 1.510024 1.297571 1.266216 1.43774 1.406387 1.442754 1.603667 1.334889 1.551675 1.746521 1.681698 1.585267 1.581377 1.401005 1.698325 1.583105 1.768878 1.68971 1.553338 0.9911244 0.9678684 1.299074 1.224468 1.387271 1.486506 1.481847 1.316046 1.64061 1.522694 1.617913 1.809848 1.626864 1.646766 1.596942 1.025345 1.107877 1.051158 1.06339 1.901181 1.694436 1.75399 2.389382 2.413278 2.138318 2.09365 1.643608 1.735172 1.123969 1.328028 1.653622 1.94751 1.379456 1.398588 1.255032 0.9880099 0.8946381 0.3118286 0.300512 
5.636739e-031 0.2646482 0.8460817 1.331345 1.610592 1.867076 1.943757 1.997606 2.042485 2.047386 1.993314 1.888259 1.826163 2.055274 2.013862 2.225665 2.326229 2.334916 2.360765 2.394245 2.357401 2.1598 1.997637 1.722094 1.35054 1.233832 0.9115105 0.917896 0.9237756 0.9200197 0.9224336 0.8845214 0.8726516 0.8543543 0.7723551 0.7401735 0.7207751 0.7250399 0.9744153 0.8520292 0.894065 1.190889 1.30549 1.610528 1.949105 1.983093 1.920775 1.88223 1.866308 1.565564 1.49547 1.227412 1.202848 1.453488 1.457106 1.486223 1.65771 1.220706 1.466192 1.722232 1.722474 1.758963 1.699157 1.733768 1.675963 1.553984 1.773846 1.911167 1.39694 1.294005 0.9783492 1.303581 1.278639 1.374733 1.497857 1.571126 1.586454 1.627461 1.801716 1.596449 1.802578 1.627599 1.644606 1.451684 1.260872 1.119862 1.058358 1.06856 1.908081 1.921853 1.748065 2.397448 2.409107 2.122478 2.091406 1.641012 1.514242 1.114401 1.324741 1.676923 1.659479 1.337543 1.334025 1.160322 0.9494741 0.6499442 0.1091185 0.02903347 
