rasters-bowlers/yuzvendrachahal.asc
ncols         108
nrows         21
xllcorner     -3.075
yllcorner     -1.575
cellsize      0.15
NODATA_value  -9999
[rows 0 to 20 of 21, columns 0 to 61 of 108]
8.235758e-009 0.01306288 0.05348203 0.1199263 0.2071651 0.3076042 0.4133415 0.5177689 0.6162819 0.7063007 0.7866215 0.8571312 0.9742613 1.022143 1.124396 1.156522 1.181644 1.200664 1.468992 1.462505 1.454612 1.44506 1.433593 1.419988 1.344907 1.326136 1.30488 1.282396 1.198645 1.173841 1.115245 1.19512 1.157357 1.253772 1.269253 1.258293 1.279505 1.404293 0.9783755 0.9710553 1.313419 1.440799 1.485619 1.679692 1.585045 1.894938 1.955857 1.628837 1.203067 1.1791 1.155022 0.8663265 1.046845 1.492721 1.572683 1.912403 1.859388 1.401015 1.328529 1.285133 1.22266 1.234095
0.01253741 0.02632708 0.06732529 0.1341052 0.2213604 0.3215007 0.4267181 0.5305461 0.6285155 0.718074 0.7981477 0.8686767 0.9882315 1.035888 1.074997 1.17142 1.196677 1.215931 1.47335 1.466866 1.458746 1.448609 1.436037 1.420589 1.401834 1.32287 1.295716 1.264518 1.231614 1.143394 1.12763 1.156367 1.197715 1.249825 1.276405 1.321517 1.204397 1.399135 1.145028 0.9441605 1.274853 1.235625 1.523214 1.694185 1.560181 2.244712 1.972965 1.302234 1.197368 1.162558 1.133557 0.8929606 1.050034 1.368985 1.580392 1.93237 1.895302 1.698873 1.385417 1.325828 1.23725 1.232468
0.05248149 0.06885213 0.112624 0.1703825 0.2546464 0.3510168 0.4522766 0.5524394 0.6473302 0.7345144 0.8129088 0.8823365 0.9431564 1.050875 1.089524 1.121214 1.146952 1.232196 1.23366 1.232352 1.464814 1.45446 1.441134 1.424132 1.402678 1.375883 1.289357 1.24724 1.196939 1.144548 0.8969473 1.083475 1.101304 1.36177 1.298817 1.499163 1.232757 1.227933 1.044657 0.9031459 1.23142 1.430458 1.326811 1.468943 1.50796 2.301868 2.318757 1.70708 1.188578 1.087887 0.9105543 0.9310583 0.9136438 1.357477 1.585379 1.908876 1.896872 1.761297 1.47452 1.39312 1.255364 1.282098
0.1122323 0.1306987 0.17363 0.2394968 0.3235844 0.4193576 0.5201221 0.5812266 0.6710342 0.7542757 0.8298171 0.8973399 0.9570351 1.066616 1.104504 1.135952 1.161861 1.243528 1.244934 1.245379 1.244313 1.463079 1.449563 1.431533 1.407835 1.377146 1.337428 1.235289 1.161449 1.066336 0.9765089 0.805705 1.026569 1.189095 1.52854 1.546257 1.192058 0.8369851 0.8022705 0.8495377 1.186265 1.296628 1.394248 1.042193 1.457365 2.385358 2.3184 1.641517 1.070411 1.059472 0.9281826 0.9791521 1.060676 1.346627 1.616233 1.961714 1.933092 1.623681 1.636158 1.534722 1.067699 1.161516
0.1846393 0.2052065 0.2466125 0.307506 0.3840511 0.470969 0.5627884 0.6547897 0.7434484 0.8264633 0.9025591 0.9127463 0.9709379 1.082633 1.119435 1.15047 1.176638 1.253643 1.256902 1.259547 1.261039 1.260541 1.256798 1.443709 1.418297 1.384212 1.339748 1.279224 1.139675 0.9780989 0.7549477 0.5895023 0.9601586 1.21624 1.642476 1.679131 1.258796 0.5003612 0.2478093 1.011529 1.137538 1.159764 1.493782 1.635485 2.028179 2.60036 2.416848 1.50386 1.042689 1.036126 0.9189716 1.000314 1.567825 1.310253 1.493034 1.955947 2.459193 1.715328 2.058776 1.919916 1.079957 1.010083
0.2606336 0.2829307 0.3223395 0.3777712 0.4463137 0.5239508 0.6064243 0.6899128 0.7713945 0.8487311 0.9205825 0.9862511 1.045517 1.098437 1.13397 1.16445 1.190713 1.263335 1.268956 1.27444 1.279139 1.282464 1.283029 1.278593 1.265527 1.39624 1.346034 1.286573 1.194256 0.9444686 0.4930542 0.1046623 0.76594 1.38274 1.872131 1.932539 1.716125 1.26781 1.022422 1.106177 1.185737 0.2847179 1.386151 2.188503 2.524633 2.783838 2.573313 1.40528 0.8034438 0.9977423 0.6643457 0.7362758 1.107013 1.1721 1.406191 2.110005 3.826054 1.196061 2.515459 1.913212 0.9017228 0.5146043
0.3320187 0.3555091 0.3927489 0.4429444 0.5040217 0.5730705 0.6468921 0.7224617 0.7972189 0.8691914 0.9369993 0.9997938 1.057165 1.109044 1.147685 1.177517 1.265343 1.272462 1.280282 1.288731 1.297558 1.306035 1.312495 1.314551 1.307069 1.281901 1.230381 1.172597 1.237236 1.098384 0.6846678 0.337518 0.8971106 1.713447 2.283747 2.084927 1.886359 3.198297 1.602609 1.266853 1.69882 1.52954 1.547472 2.200074 3.101887 3.294495 2.583784 2.534408 1.864794 1.235656 0.9175167 0.2651987 0.7323191 0.7884005 2.722451 2.247415 1.118708 0.3909867 0.3414307 1.023966 0.7490625 0.1110173
0.3925277 0.4167046 0.4519118 0.4976328 0.5524684 0.6143765 0.6809908 0.7499248 0.8190029 0.8864065 0.9507419 1.01105 1.066772 1.117698 1.224089 1.253378 1.271873 1.280595 1.290564 1.301935 1.314783 1.328937 1.34357 1.356024 1.358939 1.335315 1.247006 1.101483 1.166595 1.150805 0.9696617 0.9354711 1.037773 1.72206 3.935951 2.145949 1.479984 0.5059485 1.164537 1.104103 2.16871 2.19073 3.898894 0.7423246 2.048267 2.494564 5.259636 2.46717 1.41933 1.996923 0.8635874 0.3455651 1.104453 1.485676 3.207886 1.508753 0.9161679 0.6776856 0.8344244 0.9701632 0.4726816 0.7927966
0.4379936 0.4624883 0.4960576 0.5384049 0.588613 0.6452472 0.7065264 0.770521 0.8353416 0.8992936 0.9609864 1.01939 1.073844 1.124037 1.169954 1.262788 1.27711 1.287188 1.299027 1.313041 1.329724 1.3496 1.373007 1.399354 1.424596 1.432168 1.361942 1.124102 1.335378 1.380526 1.137223 0.899049 0.8432114 0.6548902 1.773417 1.784379 1.410288 1.548252 0.6280383 1.06932 1.344504 1.516585 0.700574 0.9878104 2.204299 2.363097 1.535117 3.019364 2.449471 0.8743388 0.7658101 0.2972208 2.323846 1.204549 0.225837 1.790581 1.016005 0.9550018 3.404485 0.9790595 1.670214 1.524767
0.4659857 0.4905863 0.5230944 0.5633527 0.6107295 0.6641451 0.7221622 0.7831234 0.8453141 0.9071211 0.9671618 1.024368 1.078023 1.127755 1.173503 1.270323 1.342587 1.352149 1.363641 1.377647 1.394982 1.416806 1.444793 1.481386 1.530218 1.597441 1.701268 1.920437 2.026286 1.711018 1.317473 0.9409513 2.383142 0.7762203 0.9182479 1.238347 1.33387 0.9055831 0.5750734 0.5072039 1.283827 1.540759 0.877008 0.7282965 1.08344 1.651173 1.806735 0.6493427 0.7752045 0.8622838 0.8416354 1.716957 0.5222689 1.079936 1.252416 0.7374696 0.1297558 1.33578 1.16531 1.899742 2.415498 2.01242
0.4753063 0.4999149 0.5320427 0.5715795 0.6179878 0.6703051 0.7272073 0.7871278 0.8484116 0.9094743 0.9689377 1.025723 1.079094 1.128662 1.174353 1.335263 1.343554 1.353464 1.365486 1.380328 1.399041 1.423259 1.455672 1.501071 1.568988 1.681275 1.894577 2.342168 2.873111 1.907032 1.398558 1.33147 1.130728 1.002054 0.9220121 0.8702229 0.8562001 0.4415909 0.3683428 0.5320799 1.163266 1.853956 1.071482 1.186277 1.566019 1.344939 1.007411 2.840431 0.2770826 0.9385561 0.9453495 1.431351 0.8424484 0.7583851 1.008215 1.105656 0.2917795 0.3105358 0.4145348 1.143203 0.8215724 0.969147
0.4656101 0.4901702 0.5226312 0.5628356 0.6101525 0.6635039 0.7214541 0.7823483 0.8444744 0.9062213 0.9662083 1.023369 1.076989 1.126699 1.172444 1.269707 1.342698 1.352399 1.364148 1.378632 1.396875 1.420464 1.451998 1.495979 1.560676 1.660777 1.82064 2.045559 2.085267 1.663804 1.262016 1.034328 1.031957 0.9779211 0.8380406 0.4736627 0.2194028 0.6471425 0.6876329 0.4885115 0.8433402 1.06043 0.9593946 1.491896 2.005996 0.7056106 0.4165784 0.3493903 1.445649 0.5671741 2.549756 1.040637 1.637559 0.1123297 0.5081907 0.445472 1.539631 0.9703807 0.7953212 0.8446373 2.994773 0.6256291
0.4372693 0.4616833 0.4951567 0.5373932 0.5874776 0.6439788 0.7051206 0.7689787 0.8336686 0.8975005 0.9590871 1.017401 1.071787 1.121937 1.167844 1.261498 1.340076 1.349028 1.359733 1.372715 1.388717 1.408808 1.434544 1.468148 1.510262 1.564532 1.623732 1.643418 1.509443 1.18241 0.9506357 1.000521 1.001297 1.076122 0.8754898 0.6406013 0.5434623 0.678843 1.791013 0.6668853 1.212551 1.112594 1.451398 0.6029401 1.211473 1.826959 0.5086302 0.3013343 0.9236656 1.012253 0.9773972 3.962775 0.07477498 1.991215 0.8321306 2.877929 0.8705472 2.081521 1.960935 2.425028 0.9324163 0.9370365
0.3915145 0.4155719 0.4506316 0.4961781 0.5508171 0.612514 0.678912 0.7476339 0.8165126 0.8837359 0.9479148 1.008093 1.063716 1.114578 1.221969 1.251358 1.335893 1.34366 1.352713 1.363331 1.375842 1.390587 1.406711 1.42417 1.441519 1.452066 1.437301 1.355352 1.191807 0.7659093 0.2823024 0.8406876 0.9461753 1.163283 1.211732 1.035043 0.8737631 0.992352 1.040604 1.408294 2.388004 3.563776 2.762365 1.978391 1.214726 0.9613301 0.1248545 0.9162857 0.4242947 0.2645679 2.030472 0.8007227 0.7257653 1.686749 0.8451231 1.450703 2.52968 1.793847 1.554677 0.4326313 1.858453 0.7939534
0.3308178 0.354154 0.3911913 0.4411383 0.5019309 0.5706741 0.6441861 0.7194578 0.7939413 0.8656722 0.9332756 0.9959044 1.05315 1.104948 1.209165 1.23957 1.266151 1.336768 1.343808 1.351614 1.359705 1.367172 1.373977 1.378199 1.462881 1.439492 1.383736 1.267884 1.056699 0.738595 0.5639652 0.8434483 0.9887016 1.216342 1.846757 1.646257 1.043729 0.9246654 1.359224 2.152507 3.391161 3.691813 2.590833 1.649554 0.6300539 0.5667905 1.267428 1.141709 3.302627 5.995485 1.263366 0.827439 1.57619 0.6157383 0.3564081 0.7691162 0.8574056 1.268462 2.319587 1.39008 1.142062 0.2543502
0.259389 0.2815062 0.3206549 0.3757503 0.4438989 0.5211125 0.6031623 0.6862524 0.7673778 0.8444096 0.9160106 1.039154 1.100473 1.154871 1.195179 1.288406 1.314341 1.328901 1.333828 1.33773 1.341107 1.447947 1.44385 1.434549 1.415849 1.380774 1.318922 1.218096 1.0734 0.9159999 0.8542955 0.9556257 1.047089 1.275093 1.699647 1.580231 1.380894 1.431991 1.591506 2.189994 2.635902 2.854761 2.331514 1.60125 0.7570595 0.4267055 1.754736 3.076578 2.240866 2.75422 1.759512 1.071749 0.6629015 0.6536059 0.6194314 0.3866725 0.8442822 1.548751 2.748159 1.163193 1.456813 0.8068951
0.1835224 0.2038981 0.2449861 0.305441 0.3814585 0.4678077 0.5590656 0.6505504 0.7839547 0.870942 0.9504231 1.021828 1.085133 1.140651 1.240948 1.272874 1.299021 1.320037 1.438393 1.437155 1.434553 1.42973 1.421321 1.407191 1.38417 1.347971 1.293897 1.219559 1.131429 1.05462 1.032978 1.127979 1.080565 1.192222 1.350471 1.293059 1.41428 1.469865 1.957098 2.241346 2.313931 2.531116 2.230359 1.827601 1.230254 1.23082 1.879003 2.92211 3.078336 2.637955 1.87273 1.053666 0.045956 0.6712273 0.7425216 0.7175261 0.9196045 1.637529 2.039376 1.673282 1.40412 0.975486
0.1113999 0.1296797 0.1722388 0.2375544 0.3209613 0.4422145 0.5482544 0.6535184 0.753737 0.8462939 0.9298943 1.004167 1.069319 1.184259 1.224438 1.257174 1.283557 1.304451 1.42945 1.426527 1.421937 1.414881 1.404217 1.388381 1.365418 1.333283 1.290791 1.239601 1.187235 1.148422 1.143147 1.179731 0.9574322 1.104204 1.179299 1.402518 1.473937 1.505115 1.986238 2.18123 2.127065 2.315755 2.122704 2.163186 1.476013 1.390555 2.004421 2.607186 2.800129 2.638051 1.816696 1.336339 0.4137751 0.6173329 0.5950769 0.7816643 1.005556 1.482417 1.850042 1.762264 1.427765 1.121916
0.05201529 0.06821635 0.1187611 0.1920455 0.2867921 0.3950205 0.5085781 0.6207035 0.7266758 0.823736 0.9106496 0.9872081 1.05381 1.166893 1.208275 1.303756 1.331333 1.352753 1.421579 1.417498 1.411696 1.403529 1.39217 1.376641 1.355957 1.329499 1.297722 1.263238 1.231625 1.210622 1.21071 1.229868 0.9906844 1.051499 1.361149 1.368718 1.534584 1.832787 1.989397 2.132975 2.412712 2.257838 2.268234 2.272822 1.288805 1.636855 2.292372 2.501846 2.590013 2.543787 2.136787 1.628646 0.5535259 0.6364335 0.5492499 0.804835 1.028721 1.287754 1.790002 1.711722 1.492407 1.281768
0.01414679 0.02969424 0.07588888 0.1510408 0.2491211 0.3615586 0.4795518 0.5958108 0.7052907 0.8051035 0.8940257 0.9719362 1.03935 1.210417 1.254595 1.290061 1.318108 1.339773 1.414917 1.410153 1.403781 1.395337 1.384293 1.370134 1.352515 1.331554 1.308259 1.285014 1.264562 1.252389 1.251615 1.208799 0.9810552 1.019582 1.354108 1.354018 1.407494 1.851537 2.049906 2.084904 2.336717 2.19248 2.472532 2.351783 1.329602 1.657901 2.326875 2.459942 2.497444 2.494514 2.048451 1.516876 0.5978822 0.4980972 0.6898909 0.9318194 1.035652 1.245912 1.76315 1.514061 1.492039 1.573466
3.078038e-032 0.01473703 0.06026971 0.1350185 0.2330487 0.3457972 0.4643692 0.581325 0.6914735 0.7918232 0.8810999 0.9591739 1.141431 1.196552 1.241335 1.277291 1.305722 1.327691 1.34402 1.404406 1.397937 1.389761 1.37959 1.36722 1.352667 1.336355 1.319338 1.303179 1.288936 1.28124 1.277818 1.118125 0.9729392 1.296614 1.355469 1.346451 1.462188 1.925906 1.965971 2.038347 2.003844 2.369779 2.493987 1.715037 1.590935 1.661579 2.349462 2.368529 2.446261 2.472035 2.073487 1.577408 0.6239218 0.5024654 0.7080955 0.95055 1.029772 1.222944 1.545458 1.753857 1.55065 1.604652
