rasters-bowlers/zaheerkhan.asc
ncols         108
nrows         21
xllcorner     -3.075
yllcorner     -1.575
cellsize      0.15
NODATA_value  -9999
1.310343e-007 0.1950532 0.6528452 1.119221 1.474662 1.636159 1.789673 1.887229 1.947127 1.740525 1.744739 1.789406 1.738471 1.758353 1.980684 1.849167 1.929251 1.952037 1.909176 1.524743 1.540844 1.549137 1.362126 1.300822 1.352631 1.328474 1.225108 0.9314021 0.908018 0.8246552 0.8043018 0.7262856 0.5781679 0.7020919 0.5522764 0.5380618 0.5260342 0.3993238 0.4496953 0.4417385 0.7477432 1.186388 1.589684 1.723753 1.784786 1.831218 1.860531 1.814399 1.85537 2.192254 1.942335 1.159985 1.54478 1.105617 1.125081 1.096121 1.436001 1.465789 1.529003 1.55652 1.892539 1.684809 1.407932 1.188044 1.024271 0.9947478 0.9550473 1.163748 0.7343094 1.000879 1.232966 1.183926 1.11922 1.119878 1.014556 0.7721142 0.6170589 1.128984 1.238726 1.509905 1.762735 1.812202 1.633154 1.611681 1.535914 1.109263 1.284747 0.8616915 1.104589 1.235481 1.272637 1.396118 1.564718 1.446185 1.392764 1.386441 1.26375 1.16563 1.37922 1.492436 1.619014 1.775421 1.585733 1.332734 1.037694 0.5274562 0.1069025 0.02587951 
0.2111407 0.4147713 0.856159 1.286146 1.603299 1.818948 1.86849 1.951609 2.000691 1.789404 1.783415 1.800255 1.728033 1.620863 1.936089 1.91481 1.867841 1.898431 1.873645 1.645298 1.539744 1.553423 1.372055 1.377791 1.364246 1.388586 1.282693 0.9377823 0.9082509 0.8215353 0.8007308 0.7250544 0.5791419 0.6992158 0.5469862 0.5883016 0.5133111 0.4485718 0.4411596 0.4334652 0.5157675 0.8000402 1.642265 1.715697 1.793134 1.853338 1.895763 1.86186 1.890835 2.200324 1.931366 1.57567 1.253414 1.024278 1.115723 1.103445 1.448354 1.551501 1.548372 1.573176 1.887272 1.617446 1.676036 1.209811 1.05478 1.018214 0.9021224 1.139232 0.7298661 0.7882214 1.280391 1.250111 1.196256 1.189837 1.004469 0.7557167 0.608242 0.905037 1.222214 1.493043 1.739672 1.91996 1.66139 1.631967 1.466984 1.15391 1.222533 1.05937 1.063423 1.20206 1.256417 1.383631 1.541526 1.421118 1.366498 1.365609 1.255861 1.169083 1.397349 1.594311 1.685207 1.794131 1.686279 1.451418 1.197673 0.7014999 0.3599061 0.2698674 
0.7440044 0.9138986 1.229332 1.535479 1.767801 1.932375 2.092774 2.021203 2.058361 1.84412 1.813302 1.804391 1.717985 1.603595 1.610149 1.834019 1.729403 1.813926 1.821621 1.881086 1.536424 1.561253 1.386468 1.393343 1.378217 1.390088 1.275385 0.947227 0.909472 0.8176105 0.8530589 0.7229049 0.5808207 0.6977407 0.60382 0.5703059 0.4435492 0.4337308 0.4297161 0.4252156 0.5070945 0.8489351 1.605708 1.698609 1.796713 1.880836 1.895439 1.968354 1.939543 2.211632 2.061149 1.557608 1.624872 0.8957862 0.8507152 1.042423 1.463682 1.570817 1.568416 1.536588 1.557557 1.615397 1.549362 1.230056 1.100802 1.054538 0.9173664 0.8559971 0.720492 0.7767069 1.246648 1.179429 1.279094 1.254998 0.9886009 0.796864 0.59663 0.8853413 1.198443 1.463651 1.696506 1.883162 1.814531 1.669068 1.483277 1.123631 1.125682 0.97028 1.207123 1.162433 1.247415 1.374013 1.385188 1.539485 1.325985 1.339536 1.24914 1.175015 1.48044 1.815837 1.749268 1.81997 1.734755 1.585534 1.396066 0.9977601 0.8144111 0.7360731 
1.289057 1.408987 1.592247 1.772156 1.919682 2.035757 2.167746 2.23197 2.116853 1.889059 1.837236 1.812599 1.542662 1.429636 1.569974 1.721355 1.632096 1.50334 1.744706 1.914642 1.668554 1.762928 1.40743 1.416013 1.399347 1.3956 1.26651 0.9613767 0.9137318 0.8130196 0.7788846 0.7180682 0.7185089 0.7005811 0.5961842 0.5425853 0.4181339 0.4096409 0.4644612 0.4174532 0.437284 0.6126727 1.260481 1.664201 1.791479 1.913868 1.970047 2.049486 2.195189 2.226876 2.111642 1.667841 1.50617 1.247096 0.7571505 1.053773 1.483411 1.528416 1.590933 1.361898 1.597291 1.609978 1.542561 1.256858 1.163937 1.108963 0.983357 0.9824856 0.6942396 0.70395 1.196554 1.177611 1.307778 1.313904 0.956588 0.7452142 0.5864679 0.9141168 1.158346 1.412821 1.596076 1.789013 1.885554 1.740365 1.587339 1.14737 0.8846987 0.83231 1.216586 0.8348325 1.26046 1.372764 1.321028 1.40687 1.303637 1.310396 1.190002 1.184103 1.548993 1.835553 1.809657 1.956742 1.835301 1.693678 1.480554 1.196411 1.095435 1.033392 
1.670726 1.745707 1.839568 1.93335 2.023107 2.109835 2.226346 2.282842 2.301579 1.926762 1.867236 1.822338 1.553015 1.431949 1.534561 1.414282 1.39023 1.325123 1.684036 1.900776 1.682661 1.776193 1.437959 1.445773 1.625883 1.410322 1.260635 0.9814956 0.9290972 0.8072267 0.7559275 0.8277731 0.7207683 0.6572306 0.5928755 0.4961851 0.4319804 0.4070283 0.4403571 0.4144141 0.4393225 0.605609 0.8407032 1.595992 1.763567 1.947226 2.074332 2.181596 2.298644 2.243274 1.822666 1.615362 1.558 1.215542 0.8139555 0.8610349 1.436576 1.548363 1.621583 1.476506 1.611093 1.597864 1.503038 1.476809 1.193478 1.137751 0.9944596 0.8912969 0.6192992 0.6715919 1.123026 1.200745 1.366813 1.317557 0.8719262 0.4415673 0.5836547 0.8450096 1.341465 1.338953 1.316886 1.548669 1.979003 1.92403 1.640902 1.126715 0.7360404 0.4305705 0.9316799 0.8637363 1.325103 1.390806 1.209631 1.042405 1.182258 1.104285 1.208565 1.074793 1.528323 1.804157 1.810781 2.049644 1.878067 1.780877 1.539175 1.274542 1.191508 1.193638 
1.898782 1.935991 1.967964 2.003247 2.061067 2.144661 2.266614 2.314639 2.312643 1.970137 1.89893 1.835009 1.572086 1.445704 1.526886 1.443174 1.118657 1.12774 1.634019 1.893008 2.023769 1.794571 1.474749 1.490319 1.640805 1.563154 1.281995 0.9676697 0.9771617 0.7762773 0.7040598 0.7927727 0.7939456 0.696219 0.6145425 0.4186762 0.2691361 0.3589369 0.4244002 0.3747212 0.5027595 0.6408035 0.5522254 1.460081 1.681124 1.959294 2.160231 2.462729 2.379899 2.178978 1.487113 1.244119 1.629856 1.304165 0.9168942 0.9491776 1.191433 1.468694 1.658833 1.850443 1.762966 1.533991 1.531593 1.276513 1.593716 1.097486 0.9249903 0.62651 0.3399383 0.6134669 1.01405 1.01046 1.575042 1.123354 0.6908591 0.2658624 0.6687056 0.6467197 1.008236 1.585239 1.598101 1.801026 2.419381 2.259791 1.514886 1.168402 0.7197191 0.2502726 0.8897709 1.300464 1.471593 1.486845 1.0676 0.3101272 1.077753 1.133051 1.249075 1.192182 1.473703 1.83653 2.046401 2.233833 1.909572 1.724544 1.551043 1.425839 1.213158 1.196063 
2.033759 2.039839 2.008402 1.977741 2.017992 2.158656 2.308154 2.346988 2.331658 2.125622 1.924405 1.849092 1.555841 1.466515 1.417719 1.571702 1.326171 1.367038 1.721842 2.018244 2.067005 1.748501 1.670717 1.697984 1.649881 1.569515 1.469986 1.009822 0.9050998 0.5568751 0.594256 0.6977763 0.7866262 0.7638794 0.7216254 0.4396949 0.02480559 0.2779487 0.4562616 0.4602411 0.4816035 0.5841538 0.5406002 0.9868549 1.475267 1.927351 2.061724 2.998765 2.314668 2.094293 1.478762 1.799788 1.314782 1.026005 1.220273 1.635753 1.050159 1.306139 1.681776 2.341438 2.016177 1.254064 1.003065 0.5074017 3.030815 2.761792 0.9740993 0.3518271 0.1582889 1.52669 0.334637 0.6458181 3.633546 0.3863395 0.5148199 0.4084206 1.083928 0.9284746 0.9879788 1.904935 2.341674 2.071632 4.645291 2.378594 1.325043 1.273316 1.230296 0.9187388 0.9754481 1.286656 1.88009 1.870649 1.385702 0.3882377 1.477196 1.255064 1.346868 1.175522 1.384153 1.820359 2.402585 3.016121 1.807644 1.407815 1.551895 1.33782 1.100192 1.17903 
2.134942 2.129319 2.003786 1.82231 1.862322 2.078149 2.306424 2.449626 2.268736 2.138196 2.015667 1.867577 1.59511 1.480458 1.439865 1.558556 1.763867 1.904499 2.051232 2.205681 2.096818 1.837138 1.760594 1.87529 1.675893 1.189188 1.603661 1.20417 0.7652594 0.1516989 0.488147 0.583477 0.7818133 0.9356186 0.9073127 0.7816041 0.2115291 0.3336178 0.6181247 0.5671321 0.4030169 0.3989868 0.5859274 0.3279994 1.041839 1.724605 1.626986 2.486037 1.913938 1.499582 1.652335 1.911393 1.001894 0.6440341 0.8078177 3.454317 0.7095156 0.6877015 1.715217 1.459813 1.024371 1.232967 1.148944 0.3619777 0.09928666 1.013167 0.6423362 0.1064676 0.3879039 1.095358 0.6776174 2.302334 1.634342 1.989838 1.547517 0.7177877 1.098284 0.8050819 0.6216843 1.61428 1.602938 0.8186386 2.313908 1.554517 0.7301264 1.401815 2.320913 1.317158 1.400634 1.617523 2.231052 2.316283 3.465849 4.612101 2.115191 1.010825 1.7298 1.048491 1.056407 1.692673 2.055699 2.651479 1.715304 1.649899 1.864287 1.182109 1.026444 1.14967 
2.237518 2.323053 2.125428 1.414377 1.503592 1.948464 2.337174 2.599264 2.329521 1.932413 1.899341 1.963434 1.640428 1.47494 1.388033 1.52206 1.839671 2.115619 2.302524 2.670024 2.18281 1.595127 1.83625 2.626937 1.76783 1.508072 1.421481 1.278597 0.7509121 0.4536674 0.7511013 0.7277512 1.014807 0.9467067 0.8772489 0.8800312 0.3376914 0.4881831 0.9376467 0.6726027 0.2287537 0.3077974 0.7049629 0.8318254 1.865009 0.258863 1.833789 1.622408 0.8161299 0.3244533 2.204489 1.809303 2.146383 0.02641355 0.8027435 0.4349613 0.09558388 0.03039155 0.7627288 1.38819 0.6512015 0.1458802 1.166708 0.7422498 0.05281885 0.8452863 2.846662 0.2188978 0.8013958 1.069048 0.5890129 1.138502 2.185928 1.852726 0.5955299 0.7506074 0.6735905 1.457434 0.5587538 0.9999069 0.8261688 0.7680367 1.233877 1.923537 1.022978 1.265625 2.83692 3.026664 3.229892 2.436149 1.353771 1.616067 1.54566 1.415181 1.867086 0.6771333 1.020881 0.8451834 0.6683298 1.987769 1.5092 1.883774 1.24074 1.603086 1.356434 1.116231 1.123046 1.163885 
2.276634 2.720507 3.099722 1.668178 1.352316 1.552374 2.396706 3.274003 2.474127 1.399136 1.90584 2.112081 1.662466 1.483511 1.176615 1.335903 1.64086 2.281006 2.206663 3.257481 2.430975 1.088624 1.168149 1.54081 1.654465 1.64418 1.324639 1.891026 0.9678134 0.2882476 0.9436865 1.030573 1.311716 0.89501 0.6699693 1.15634 1.042034 0.8815712 0.9232666 0.8267045 0.5984758 0.5874526 0.7290491 0.9324735 0.6742257 1.262388 1.099761 0.6250368 0.6160498 0.7688626 0.4172737 2.33669 3.482672 3.617667 1.881221 0.4842138 0.1630876 0.2881684 0.6816433 1.302134 1.000929 2.720658 1.181934 0.856013 0.02557619 1.435469 1.45123 0.7818215 1.102793 0.8477917 0.2150235 1.678962 1.23115 0.4106668 0.6163813 0.5086384 0.1763012 0.9887835 0.6527508 0.9964865 0.8086174 0.5870813 0.08377016 1.71143 1.191877 1.389598 2.663099 1.63588 2.875406 1.616213 1.024758 1.333531 1.791336 3.433414 2.027477 0.6647921 0.9452794 1.095261 1.780591 1.471513 0.8582154 0.800716 1.25961 1.865723 2.341265 1.710812 1.22545 1.237567 
1.963304 2.62673 3.768955 2.454338 1.285322 1.836548 5.214532 3.845039 2.751203 2.662486 1.883834 1.907443 1.659536 1.720326 0.3256962 1.354813 1.739682 2.244529 2.87775 5.578542 3.706641 1.351045 2.535512 1.287587 1.424145 2.441549 1.417077 1.211893 0.9771073 1.071376 1.148062 1.067341 1.052191 0.9155954 1.04568 1.155616 1.779766 1.364498 0.9937554 0.6047627 0.7581136 0.4626884 0.6736155 0.7874619 1.882391 1.720956 0.8368102 0.2801853 0.4866606 0.5207495 0.3175232 1.604244 2.909497 1.798014 1.240551 1.3826 0.9638218 0.9992936 1.487858 0.886989 0.9382765 2.625219 1.206726 0.4294348 0.6840095 0.8972753 0.2055972 0.5363457 2.4348 0.3561039 0.5265832 0.4773016 0.2322972 3.074318 0.1503361 0.3139283 0.2565823 0.8542877 0.7888253 0.5863106 0.8674207 0.2791197 1.103717 2.122486 2.073546 1.290693 0.3599693 1.034927 1.07411 1.465875 1.282109 1.578811 1.889274 2.298538 1.702693 0.2727789 0.9193949 1.0462 1.237192 1.066865 0.7672395 0.8450249 1.503999 2.476559 3.783939 2.227895 1.680826 1.527271 
1.228673 1.495065 2.426279 2.263335 1.931601 2.318276 3.167762 3.18005 2.712048 2.501187 2.185881 1.129463 0.6823217 1.089784 0.8785683 1.655772 2.450824 1.997957 3.119152 3.70072 3.638527 2.26737 2.132079 1.617285 1.679739 0.942205 1.371454 1.827855 1.416061 1.815 1.334618 1.030616 0.9345971 0.9418239 0.9297391 1.784614 2.011989 1.593755 1.077021 0.9853139 0.9706154 0.9630701 0.3342115 0.4829929 1.296409 2.238941 1.445753 1.25363 1.670131 1.46498 0.7387493 1.900897 1.709583 1.452862 1.360137 2.441379 0.7251524 0.4351908 0.4653942 1.311533 0.4665914 1.307958 1.233852 0.4889187 1.500292 3.601721 0.05154914 0.0476693 0.07572512 1.675066 0.9950156 1.1704 0.3749388 1.293396 1.762942 1.477153 1.63852 1.645731 1.988654 1.64547 0.7308032 0.8646122 1.417375 2.465291 1.653568 1.10291 1.003915 1.302744 1.390712 1.262018 1.247092 1.873167 2.194267 3.972665 2.472868 1.240323 1.040896 0.8418837 0.7963623 0.7622626 0.9621642 1.197793 1.501725 2.158916 2.163861 2.069541 1.798835 1.711566 
1.20824 1.327216 1.986176 2.185801 2.247474 2.509195 3.096789 3.46233 2.515477 2.201775 2.043078 1.046211 0.6756887 0.9859319 1.186926 1.540138 1.857111 2.248903 2.925018 3.181635 3.640827 2.194108 2.285211 2.829148 1.267316 0.4786819 2.987346 1.664287 1.225507 0.8785775 0.6362918 0.9822005 0.9872742 0.6008638 1.912531 1.289534 1.632645 0.8713922 1.50382 1.574015 1.352861 1.550626 2.084222 1.212492 1.209535 1.122651 1.273836 2.171104 2.201012 3.264991 2.05053 3.598193 1.33053 0.9561117 2.394978 1.456157 2.162564 1.852128 1.487446 2.657655 0.9869971 0.9334382 0.8164398 0.6037647 2.176187 1.177983 1.301427 0.01603207 2.847526 1.444445 0.9450333 0.9041606 0.5841246 0.8833582 1.045148 2.009411 0.4617551 1.278151 1.590056 1.495476 0.4173225 1.020993 1.630571 1.13366 1.068604 1.210064 1.469599 1.519072 1.284567 1.32289 1.253941 1.187372 2.120233 2.280842 1.974636 1.557543 0.9393799 0.6757213 0.6221341 0.2381922 0.6145682 1.166107 1.464514 1.564014 1.840755 1.575662 1.329882 1.626651 
1.601602 1.71425 1.987994 2.190738 2.504551 2.692821 2.928336 2.673506 1.501728 1.486198 2.68249 2.161047 1.053862 0.486033 1.05002 1.356357 2.249485 2.761922 2.715227 1.58845 1.916622 2.407779 2.880027 3.386927 1.198028 2.26971 3.516073 1.256109 1.072668 0.9033962 0.7536903 0.7335228 0.8159502 0.8830343 1.020336 0.9936082 0.7299618 0.7458137 3.119179 2.646608 2.640373 2.379273 2.289794 3.467811 2.939983 1.215224 0.9883018 1.09785 3.129299 3.006979 2.507358 2.081687 1.18587 2.608007 2.554023 2.418951 2.204521 0.9255132 1.182123 1.235308 0.9593748 0.636664 0.5698792 0.6007798 1.028619 0.8582941 0.7285404 1.04373 0.9672428 1.512834 0.9684482 0.2339637 0.1884742 0.178424 0.6602162 3.020371 0.9920897 0.7794992 2.189822 2.132128 0.4106109 0.4647169 3.031262 1.982599 0.7165621 1.876889 1.019915 2.169281 1.849879 1.82326 1.412887 0.7902877 2.331324 1.273057 1.174771 1.169131 0.794401 0.4593737 0.5878781 0.561408 0.8910204 1.375749 1.824463 1.732572 1.521605 1.036989 0.14678 1.952043 
1.788327 1.879561 2.030934 2.183921 2.320041 2.604227 2.515001 1.982385 1.589371 0.5166325 5.970184 3.308988 1.162893 0.3287318 1.014069 1.160523 2.847768 3.927144 2.851858 1.998234 2.084623 2.326954 2.581052 1.676913 1.71263 2.955761 3.673668 2.002095 1.515794 1.233052 0.6592174 0.4781579 0.6887329 0.8037981 0.9194911 0.8370918 0.652272 0.7620037 1.765553 2.331696 3.410542 3.213992 2.721587 2.917412 2.746995 2.16926 0.4931093 1.497705 3.043823 2.829317 2.670533 2.138758 2.268544 2.237365 1.240637 2.23657 1.927769 1.353152 1.066251 1.391165 2.177163 1.546862 1.995686 1.194465 1.194173 0.8718423 0.8703422 0.4893756 1.775572 1.849641 1.311858 2.184001 1.006347 0.1905662 0.2425815 0.9721562 1.11178 1.009599 1.200285 1.076358 0.3740002 0.1665017 1.919411 1.124826 0.9663441 1.796188 2.273937 1.812433 1.861626 4.066 0.7828107 0.3045955 0.8952596 1.032169 1.08522 1.10183 0.8045313 0.5954229 0.7792202 0.9167801 0.9807763 1.715504 1.195866 1.373181 1.382345 1.523567 2.810214 3.426781 
1.79912 1.88735 2.009203 2.140321 2.256926 2.330242 2.48736 2.166323 2.002017 2.225351 3.406465 2.828513 1.60279 1.135677 1.211286 1.537682 2.470811 3.209069 2.842297 2.5002 2.434206 2.260765 2.330018 2.039807 2.082863 2.469842 2.515819 1.920366 1.64212 1.210959 0.2957864 0.03733619 0.5259379 0.7291172 0.6570554 0.7282894 0.5922202 0.8400712 1.453587 2.002535 2.789819 3.005141 2.641229 2.486978 2.007981 1.362486 0.001500763 1.125631 2.118791 2.432602 2.730705 2.150865 2.155062 2.021822 1.905183 1.995005 1.814984 1.547525 0.9875987 1.415795 0.5644586 0.9389229 1.610631 1.304323 1.279503 0.8029888 0.6633899 0.8812665 1.607719 1.646098 1.427411 1.308709 1.102721 0.7463667 0.4042949 1.558851 1.620334 0.5293077 0.5131678 0.7780946 0.8466489 0.976247 1.163354 0.5838884 0.7438005 1.299691 1.542742 1.990228 1.46919 1.604607 1.055341 0.338208 0.668907 0.9544192 0.9733933 0.956094 0.777388 0.8301831 0.9615976 0.9065177 0.5100533 0.5239248 1.063586 1.016101 1.207503 1.645312 2.447411 2.722354 
1.650409 1.753792 1.895187 2.044344 2.173559 2.256108 2.113082 2.253331 2.212924 2.350743 2.423575 2.152651 1.707729 1.444364 1.453341 1.698256 2.272802 2.595797 2.621878 2.645835 2.36503 2.380473 2.338061 2.129398 2.201038 2.304577 2.147722 1.750413 1.485589 1.1043 0.6135662 0.4766716 0.6628711 0.7298611 0.6293266 0.770772 0.8496487 1.116384 1.426802 1.774758 2.487366 2.868169 2.49473 2.086621 1.798643 1.339525 0.9297857 1.291848 1.829796 2.301818 2.19982 2.129095 2.081488 2.08585 2.084149 1.966059 1.710148 1.444061 0.9900418 1.201558 0.8439212 0.9703691 1.156731 1.219503 1.341091 0.8402514 0.8381492 0.9652696 1.248684 1.41003 1.496397 1.237622 1.143545 1.389081 2.142208 3.890133 2.349108 0.9631058 0.2430267 0.5337714 0.850726 0.9511642 1.068421 1.122297 1.412746 1.362974 1.531299 1.898388 1.603689 1.299396 0.9831451 0.7622716 0.6902398 0.9118636 0.9379361 0.816343 0.8025911 0.836534 0.8637191 0.8403881 0.6583054 0.6739811 0.9932293 1.089677 1.163305 1.519569 1.842624 1.995176 
1.313724 1.451358 1.664136 1.881597 2.052469 2.161752 1.948105 2.171058 2.185025 2.158271 2.027472 1.745016 1.563973 1.454045 1.496048 1.70734 2.128418 2.252954 2.252988 2.415172 2.504777 2.428222 2.385794 2.161014 2.210701 2.238326 1.989518 1.67021 1.441079 1.173536 0.8626758 0.8900156 0.9418821 0.802371 0.646406 0.795631 1.156748 1.211445 1.444461 1.840081 2.592513 2.63576 2.292778 1.944943 1.717682 1.491169 1.34403 1.514646 1.808024 2.093479 2.101104 1.853952 2.059631 2.096071 2.070933 1.909036 1.649886 1.070922 0.864611 1.206973 0.9350082 1.058602 1.118774 1.232191 1.065387 0.6198953 0.7949362 0.9790154 1.359437 1.331559 1.496027 1.176468 1.434059 1.690576 2.131162 2.553183 2.087106 1.124182 0.3639573 0.5596074 0.8006048 0.9114414 1.047138 1.306009 1.612848 1.400016 1.752026 1.906899 1.581378 1.121349 0.9007083 0.8339562 0.9287409 0.8196128 0.7566831 0.8001179 0.7982332 0.8298973 0.8276938 0.8374243 0.8046845 0.8281227 1.049698 1.095076 1.16133 1.244141 1.439288 1.487525 
0.7822129 0.9689534 1.27679 1.60378 1.892907 1.954574 1.847673 1.874414 1.84767 1.945059 1.674845 1.329569 1.263155 1.335093 1.459842 1.657097 2.04611 2.065521 2.138449 2.279176 2.533858 2.460183 2.309357 2.162959 2.194401 1.95454 1.887959 1.581925 1.415447 1.225513 0.9557663 0.8800126 0.9179492 0.7921957 0.6634569 0.8228533 1.124664 1.276481 1.454891 1.798403 2.395862 2.537787 2.193866 1.871444 1.707015 1.582368 1.508737 1.659243 1.57671 2.078117 2.029434 2.008101 2.250715 2.099036 2.077503 1.973779 1.647645 1.060211 0.870603 0.91682 0.9489797 1.075897 1.095777 1.074523 1.045604 1.071085 0.9365704 1.110796 1.358382 1.360828 1.484424 1.563499 1.524269 1.750452 1.832539 1.872374 1.626524 1.307611 0.9457788 0.8300385 0.9307783 0.6696267 1.033438 1.139341 1.571698 1.419164 1.785224 1.847613 1.551703 1.091271 0.9091424 0.8929836 0.8677787 0.7949126 0.7720124 0.7849663 0.7864065 0.8268067 0.8195303 0.8529001 0.8543694 0.8756051 1.07076 1.060854 1.061619 1.004817 0.8954965 0.9447779 
0.2220382 0.4412059 0.9119709 1.363884 1.727895 1.831171 1.743541 1.767934 1.723427 1.547703 1.452681 1.081211 1.0329 1.235221 1.430041 1.601379 1.893391 2.23968 2.225048 2.164861 2.54885 2.482131 2.63782 2.157488 2.176385 1.890676 1.823425 1.715977 1.406399 1.268562 1.001216 0.7876047 0.8284352 0.7578448 0.6598571 0.8411017 1.16182 1.30623 1.631985 1.779974 2.273484 2.396941 2.128984 1.830135 1.906179 1.634399 1.590317 1.747047 1.603759 2.081269 1.988234 1.97867 2.255433 2.032204 2.078577 1.961217 1.364243 1.053244 0.8752931 0.9135083 0.9429862 1.074841 1.084489 1.269829 1.028961 1.092425 0.9436044 1.037953 1.359917 1.339466 1.7523 1.615587 1.621869 1.735735 1.62789 1.606502 1.43288 1.342912 1.139621 1.068569 1.078518 0.72213 0.7771492 1.151034 1.630151 1.431737 1.807637 1.767583 1.536967 1.081002 0.965849 0.9255382 0.9023653 0.9498754 0.7599803 0.7745016 0.7753277 0.8266909 0.8207158 0.8668771 0.8761554 0.8763192 1.065647 1.002911 0.9202058 0.7041082 0.3816078 0.2902862 
4.666148e-031 0.2124163 0.708804 1.201237 1.515078 1.680196 1.649598 1.678872 1.637491 1.480317 1.327517 1.19392 1.15096 1.255249 1.411425 1.568245 1.850963 2.202261 2.173477 2.116347 2.537459 2.490505 2.348295 2.348632 2.152143 1.844113 1.78207 1.692505 1.407769 1.306669 1.083987 0.7365107 0.740014 0.726067 0.6469318 0.8522019 1.068671 1.317968 1.644077 1.965379 2.232547 2.339973 1.813291 1.80662 1.924563 1.854885 1.636646 1.803582 1.628597 2.092238 1.965186 1.949077 2.245225 1.956348 2.078391 1.950058 1.507439 0.9160175 0.943755 0.9091254 0.9333701 1.069484 1.074954 1.26618 1.236214 1.096421 0.9462247 1.031743 1.36092 1.397632 2.060709 1.644485 1.632304 1.708258 1.504663 1.449797 1.326621 1.158944 1.231527 1.180364 1.171722 0.9761257 0.9099577 1.155433 1.259893 1.440794 1.818058 1.755774 1.184288 1.077013 0.9730036 0.9447051 0.9253535 0.9748062 0.7546445 0.7676908 0.7672642 0.8239036 0.8792908 0.8242059 0.8731995 0.8617485 1.046194 0.9431072 0.8024077 0.5044722 0.1117842 0.02700798 
